1.0 226.45375 55.7635 718.1
2.0 226.54333333 55.81777778 768.2
3.0 226.52416667 55.79863889 686.6
4.0 226.4825 55.76055556 688.3
5.0 226.54791667 55.81427778 637.8
6.0 226.53791667 55.78911111 680.3
7.0 226.61083333 55.84480556 838.3
8.0 226.53958333 55.77361111 602.4
9.0 226.56875 55.79452778 613.1
10.0 226.55125 55.77869444 661.2
11.0 226.5625 55.78702778 669.7
12.0 226.5675 55.78836111 581.4
13.0 226.56166667 55.78252778 636.8
14.0 226.56833333 55.78436111 689.2
15.0 226.55625 55.77333333 585.7
16.0 226.57458333 55.78461111 662.5
17.0 226.57458333 55.78236111 683.2
18.0 226.56583333 55.77188889 507.7
19.0 226.55875 55.76227778 648.4
20.0 226.58166667 55.78088889 760.7999
21.0 226.58791667 55.78608333 775.3
22.0 226.53125 55.73727778 571.8
23.0 226.57458333 55.76919444 627.3
24.0 226.58875 55.77677778 717.8
25.0 226.61791667 55.80302778 667.0
26.0 226.585 55.77347222 567.2
27.0 226.535 55.73202778 585.3
28.0 226.65416667 55.81825 861.4
29.0 226.55 55.73080556 605.9
30.0 226.57958333 55.75327778 726.7
31.0 226.62583333 55.79025 965.7
32.0 226.64291667 55.79852778 849.5
33.0 226.59 55.75555556 845.0
34.0 226.7425 55.70922222 737.6
35.0 226.74375 55.73044444 876.4
36.0 226.6725 55.78233333 903.4
37.0 226.55 55.70875 94.2
38.0 226.57708333 55.74052778 766.8
39.0 226.65083333 55.66652778 -78.1
40.0 226.58041667 55.7045 687.0
41.0 226.67708333 55.78233333 823.8
42.0 226.61083333 55.74513889 645.2
43.0 226.68 55.78255556 685.3
44.0 226.71833333 55.72619444 771.2
45.0 226.64916667 55.741 770.0
46.0 226.58625 55.69747222 540.4
47.0 226.67333333 55.76091667 732.1
48.0 226.65666667 55.74677778 845.2
49.0 226.65833333 55.74788889 861.6
50.0 226.68583333 55.76894444 979.1
51.0 226.65208333 55.73691667 711.6
52.0 226.64708333 55.7275 803.3
53.0 226.6675 55.73544444 823.9
54.0 226.67791667 55.74575 575.8
55.0 226.7 55.73988889 840.0
56.0 226.68541667 55.71525 789.9
57.0 226.67083333 55.73697222 791.0
58.0 226.72375 55.77969444 898.3
59.0 226.67791667 55.73316667 949.9
60.0 226.66125 55.72775 873.8
61.0 226.65791667 55.72444444 798.2
62.0 226.68833333 55.74075 679.2
63.0 226.67875 55.73263889 692.1
64.0 226.68041667 55.73425 676.3
65.0 226.70333333 55.75102778 914.3
66.0 226.66041667 55.71272222 599.3
67.0 226.68708333 55.73686111 782.0
68.0 226.69916667 55.74766667 848.2
69.0 226.69541667 55.74688889 837.2
70.0 226.68875 55.74938889 901.6
71.0 226.67458333 55.7365 856.0
72.0 226.64041667 55.70877778 727.0
73.0 226.63333333 55.70730556 611.7
74.0 226.61541667 55.70041667 106.3
75.0 226.69291667 55.76344444 1056.1
76.0 226.67458333 55.74713889 889.1
77.0 226.70791667 55.77469444 796.4
78.0 226.67083333 55.74705556 930.7
79.0 226.63666667 55.72097222 741.7
80.0 226.66375 55.74894444 870.0
81.0 226.6425 55.73708333 740.3
82.0 226.65791667 55.76986111 854.3
83.0 226.6025 55.71511111 744.1
84.0 226.635 55.73766667 870.1
85.0 226.66458333 55.76247222 799.6
86.0 226.66041667 55.82905556 815.2
87.0 226.66125 55.76741667 868.1
88.0 226.65166667 55.75138889 939.5
89.0 226.66875 55.75816667 672.6
90.0 226.61958333 55.73355556 40.5
91.0 226.605 55.75327778 660.3
92.0 226.59541667 55.75483333 589.2
93.0 226.5925 55.82033333 2024.4
94.0 226.5825 55.77869444 690.9
95.0 226.76458333 55.77452778 843.1
96.0 226.74583333 55.77677778 858.4
97.0 226.75333333 55.74177778 899.7
98.0 226.75041667 55.73388889 -305.0
99.0 226.75958333 55.72419444 688.5
100.0 226.70416667 55.72469444 665.2
101.0 226.7025 55.71238889 744.2
102.0 226.6825 55.69302778 704.0
103.0 226.68666667 55.75419444 745.3
104.0 226.67083333 55.762 678.0
105.0 226.66916667 55.7595 700.6
106.0 226.6775 55.75686111 742.6
107.0 226.66333333 55.75469444 810.8
108.0 226.68083333 55.74713889 828.2
109.0 226.655 55.74058333 968.9
110.0 226.65291667 55.74563889 888.7
111.0 226.64791667 55.74311111 776.1
112.0 226.65333333 55.7395 727.7
113.0 226.65541667 55.73722222 958.2
114.0 226.66833333 55.74258333 832.2
115.0 226.63291667 55.74713889 816.5
116.0 226.62625 55.75141667 791.2
117.0 226.64375 55.74697222 810.5
118.0 226.63625 55.75033333 667.5
119.0 226.59833333 55.74738889 733.9
120.0 226.60833333 55.75597222 755.0
121.0 226.60208333 55.75852778 827.8
122.0 226.60958333 55.75502778 703.4
123.0 226.58083333 55.74627778 694.2
124.0 226.59416667 55.76330556 693.6
125.0 226.5875 55.75786111 607.8
126.0 226.595 55.75947222 731.1
127.0 226.6125 55.75436111 833.4
128.0 226.63041667 55.73944444 689.2
129.0 226.66291667 55.77102778 812.1
130.0 226.65541667 55.76575 816.6
131.0 226.63375 55.77391667 766.9
132.0 226.62916667 55.78438889 648.1
133.0 226.61458333 55.77955556 631.3
134.0 226.62958333 55.76905556 708.4
135.0 226.64833333 55.75097222 846.7
136.0 226.64958333 55.75658333 969.1
137.0 226.65083333 55.75872222 1009.3
138.0 226.6325 55.76688889 560.9
139.0 226.61541667 55.77616667 374.3
140.0 226.61375 55.77444444 659.1
141.0 226.60916667 55.77961111 673.1
142.0 226.56583333 55.7925 569.3
143.0 226.56333333 55.79705556 730.3
144.0 226.55916667 55.79461111 602.6
145.0 226.55125 55.783 649.3
146.0 226.58125 55.77116667 612.8
147.0 226.6075 55.781 855.2
148.0 226.60416667 55.77847222 668.3
149.0 226.58208333 55.80508333 640.7
150.0 226.56708333 55.76180556 691.2
151.0 226.56666667 55.76075 609.1
152.0 226.5025 55.75427778 1574.3
153.0 226.51041667 55.82794444 869.3
154.0 226.71333333 55.73838889 758.7
155.0 226.67833333 55.74386111 808.7
156.0 226.56333333 55.76913889 693.5
157.0 226.6225 55.80605556 787.7
158.0 226.67458333 55.73558333 878.3
