282.000  406.000  0.  10.25457  10.25457  10.2546  1
292.000  369.000  0.  10.21407  10.21407  10.2546  2
358.000  348.000  0.  7.73703  7.73703  10.2546  3
368.000  377.000  0.  3.6899  3.6899  10.2546  4
376.000  356.000  0.  8.779727  8.779727  10.2546  5
377.000  407.000  0.  9.339301  9.339301  10.2546  6
385.000  388.000  0.  4.103175  4.103175  10.2546  7
415.000  376.000  0.  9.853452  9.853452  10.2546  8
417.000  438.000  0.  9.465869  9.465869  10.2546  9
428.000  404.000  0.  6.83923  6.83923  10.2546  10
428.000  476.000  0.  10.24509  10.24509  10.2546  11
459.000  473.000  0.  9.830621  9.83062  10.2546  12
455.000  468.000  0.  9.665232  9.665231  10.2546  13
485.000  365.000  0.  10.25457  10.25457  10.2546  14
474.000  423.000  0.  9.233733  9.233733  10.2546  15
282.000  194.000  0.  10.2546  10.2546  10.2546  16
338.000  219.000  0.  10.2546  10.2546  10.2546  17
146.000  229.000  0.  10.2502  10.2502  10.2546  18
201.000  237.000  0.  10.23289  10.23289  10.2546  19
221.000  402.000  0.  10.2546  10.2546  10.2546  20
426.000  336.000  0.  10.25432  10.25432  10.2546  21
426.000  357.000  0.  10.2464  10.2464  10.2546  22
487.000  400.000  0.  10.24666  10.24666  10.2546  23
487.000  433.000  0.  9.245386  9.245386  10.2546  24
394.000  358.000  0.  9.941782  9.941782  10.2546  25
