    1  15 06 20.43  +55 46 11.78   12.34  24.19  0.03  23.57  0.03  23.13  0.02   1.05   0.62   0.43   2.16  -1.73  0.20
    2  15 06 21.23  +55 46 21.65   16.31  23.38  0.03  22.78  0.02  22.33  0.02   1.05   0.60   0.46   1.89  -1.79  0.18
    3  15 06 20.06  +55 45 01.26   16.97  25.00  0.04  24.16  0.03  23.65  0.02   1.35   0.84   0.51   4.30  -0.60  0.22
    4  15 06 22.81  +55 47 01.20   19.21  23.50  0.03  22.71  0.02  22.20  0.02   1.30   0.80   0.51   2.23  -0.79  0.20
    5  15 06 23.30  +55 46 57.11   19.98  22.57  0.02  21.85  0.02  21.34  0.01   1.23   0.71   0.51   4.27  -1.15  0.18
    6  15 06 22.41  +55 45 59.70   20.02  24.78  0.04  24.19  0.03  23.75  0.03   1.03   0.59   0.44   2.02  -1.87  0.22
    7  15 06 23.15  +55 46 09.52   20.14  24.40  0.04  23.54  0.03  23.04  0.03   1.36   0.85   0.50   2.36  -0.54  0.23
    8  15 06 23.84  +55 46 30.53   21.34  25.18  0.06  24.54  0.05  24.07  0.05   1.11   0.64   0.47   3.59  -1.56  0.28
    9  15 06 22.32  +55 45 03.33   22.61  22.77  0.02  22.15  0.02  21.72  0.01   1.05   0.62   0.43   2.61  -1.73  0.18
   10  15 06 23.97  +55 46 04.64   23.20  23.66  0.03  23.03  0.03  22.58  0.02   1.08   0.63   0.45   2.04  -1.64  0.20
   11  15 06 23.84  +55 45 49.92   23.44  24.00  0.03  23.08  0.02  22.56  0.02   1.44   0.91   0.53   1.79  -0.23  0.22
   12  15 06 23.34  +55 45 06.89   26.21  23.02  0.02  22.37  0.02  21.91  0.01   1.10   0.65   0.45   2.95  -1.55  0.18
   13  15 06 24.73  +55 46 06.46   26.29  25.30  0.08  24.43  0.06  23.95  0.05   1.35   0.86   0.48   3.63  -0.56  0.34
   14  15 06 23.02  +55 44 35.84   26.74  24.28  0.03  23.66  0.02  23.19  0.02   1.08   0.62   0.47   2.35  -1.68  0.19
   15  15 06 25.16  +55 46 06.95   26.83  24.79  0.06  24.12  0.05  23.63  0.05   1.15   0.67   0.49   2.62  -1.41  0.28
   16  15 06 26.45  +55 47 04.16   28.46  23.40  0.02  22.75  0.02  22.29  0.02   1.12   0.66   0.46   2.89  -1.51  0.18
   17  15 06 25.51  +55 46 09.26   28.97  24.93  0.07  24.14  0.06  23.62  0.05   1.31   0.79   0.53   5.77  -0.80  0.33
   18  15 06 25.09  +55 45 45.82   30.28  25.36  0.06  24.75  0.05  24.41  0.06   0.95   0.61   0.34   3.23  -1.99  0.30
   19  15 06 25.95  +55 46 21.25   30.43  25.32  0.07  24.48  0.05  23.89  0.05   1.42   0.84   0.59   4.90  -0.44  0.33
   20  15 06 24.71  +55 45 23.59   31.73  24.86  0.04  24.35  0.03  23.93  0.03   0.92   0.51   0.42   3.82  -2.27  0.22
   21  15 06 27.61  +55 47 23.81   32.72  24.16  0.03  23.30  0.02  22.77  0.02   1.39   0.86   0.53   2.63  -0.47  0.21
   22  15 06 26.05  +55 46 01.35   32.80  22.94  0.03  22.14  0.02  21.61  0.02   1.33   0.80   0.53   3.27  -0.72  0.21
   23  15 06 24.40  +55 44 37.65   34.98  23.76  0.03  23.14  0.02  22.68  0.02   1.08   0.63   0.45   3.11  -1.66  0.19
   24  15 06 26.79  +55 46 17.51   35.00  23.50  0.03  22.83  0.03  22.37  0.03   1.13   0.67   0.46   3.41  -1.45  0.21
   25  15 06 28.11  +55 47 20.25   35.27  25.34  0.05  24.50  0.03  24.01  0.03   1.33   0.84   0.49   5.32  -0.64  0.25
   26  15 06 25.97  +55 45 46.75   35.27  24.93  0.06  23.98  0.04  23.46  0.04   1.47   0.94   0.53   5.67  -0.12  0.28
   27  15 06 25.72  +55 45 21.38   36.12  22.82  0.02  22.14  0.02  21.68  0.02   1.14   0.68   0.46   2.06  -1.41  0.18
   28  15 06 26.25  +55 45 42.93   37.89  24.61  0.05  23.77  0.04  23.21  0.03   1.40   0.84   0.56   2.02  -0.49  0.25
   29  15 06 26.96  +55 46 16.29   37.94  24.32  0.05  23.58  0.04  23.03  0.03   1.29   0.74   0.55   5.73  -0.95  0.25
   30  15 06 26.02  +55 46 18.00   38.51  22.95  0.03  22.35  0.02  21.92  0.02   1.04   0.60   0.44   2.60  -1.81  0.19
   31  15 06 26.51  +55 45 52.59   38.87  22.68  0.03  21.87  0.02  21.36  0.02   1.31   0.81   0.51   2.50  -0.74  0.20
   32  15 06 25.81  +55 45 17.43   40.51  24.24  0.03  23.59  0.03  23.15  0.02   1.09   0.65   0.45   2.63  -1.59  0.20
   33  15 06 27.12  +55 46 15.90   41.83  24.16  0.04  23.28  0.03  22.76  0.03   1.40   0.87   0.52   2.21  -0.41  0.24
   34  15 06 27.78  +55 46 26.76   41.89  23.07  0.03  22.12  0.02  21.59  0.02   1.48   0.95   0.53   2.82  -0.03  0.21
   35  15 06 27.84  +55 46 15.80   41.97  25.61  0.10  24.71  0.07  24.10  0.06   1.50   0.90   0.61   4.98  -0.13  0.41
   36  15 06 26.59  +55 45 05.26   42.54  22.30  0.02  21.61  0.02  21.15  0.01   1.15   0.69   0.46   2.30  -1.36  0.18
   37  15 06 28.82  +55 46 50.49   42.61  25.57  0.06  24.55  0.04  24.09  0.03   1.48   1.02   0.46   2.42   0.08  0.28
   38  15 06 27.64  +55 45 46.80   42.66  22.18  0.03  21.42  0.02  20.91  0.02   1.27   0.76   0.52   1.99  -0.95  0.20
   39  15 06 28.45  +55 46 25.36   42.86  24.10  0.03  23.47  0.03  23.02  0.03   1.08   0.63   0.45   3.40  -1.65  0.20
   40  15 06 28.71  +55 46 35.43   43.84  23.98  0.03  23.26  0.02  22.80  0.02   1.18   0.72   0.46   2.97  -1.24  0.20
   41  15 06 26.69  +55 44 44.60   44.97  22.17  0.02  21.50  0.02  21.05  0.01   1.13   0.67   0.45   3.19  -1.46  0.18
   42  15 06 27.85  +55 45 35.12   45.04  22.90  0.03  22.12  0.02  21.65  0.02   1.25   0.78   0.47   2.21  -0.95  0.20
   43  15 06 27.46  +55 45 09.04   45.43  23.60  0.03  23.02  0.02  22.58  0.02   1.02   0.58   0.44   3.08  -1.92  0.18
   44  15 06 27.97  +55 45 33.02   46.01  23.94  0.04  23.00  0.03  22.49  0.03   1.45   0.94   0.51   2.02  -0.15  0.24
   45  15 06 26.83  +55 44 25.46   47.61  23.47  0.03  22.68  0.02  22.20  0.02   1.27   0.79   0.48   2.93  -0.87  0.19
   46  15 06 29.35  +55 46 22.64   48.30  23.47  0.03  22.74  0.02  22.27  0.02   1.20   0.73   0.47   2.71  -1.15  0.19
   47  15 06 29.46  +55 46 11.11   48.43  24.20  0.04  23.42  0.03  22.93  0.03   1.27   0.78   0.49   2.96  -0.91  0.23
   48  15 06 29.03  +55 45 24.94   48.95  23.54  0.03  22.87  0.03  22.40  0.02   1.14   0.66   0.48   3.24  -1.45  0.20
   49  15 06 30.53  +55 46 32.97   49.34  24.70  0.04  24.01  0.03  23.54  0.03   1.17   0.70   0.47   2.71  -1.31  0.22
   50  15 06 29.94  +55 45 59.62   50.20  21.84  0.03  20.96  0.02  20.44  0.02   1.40   0.88   0.52   2.29  -0.40  0.21
   51  15 06 31.60  +55 47 08.10   50.70  25.01  0.04  24.38  0.03  24.02  0.03   0.99   0.63   0.36   2.60  -1.85  0.21
   52  15 06 29.61  +55 45 27.53   51.80  23.03  0.03  22.22  0.03  21.65  0.02   1.38   0.81   0.57   1.99  -0.59  0.21
   53  15 06 30.61  +55 46 08.54   52.50  25.13  0.07  24.46  0.05  24.01  0.05   1.12   0.67   0.45   2.12  -1.48  0.30
   54  15 06 31.71  +55 46 55.76   53.60  23.42  0.02  22.87  0.02  22.42  0.02   1.00   0.55   0.44   4.49  -2.01  0.17
   55  15 06 29.24  +55 44 55.99   55.55  24.74  0.04  23.92  0.03  23.42  0.03   1.31   0.81   0.50   2.02  -0.74  0.23
   56  15 06 30.34  +55 45 21.76   56.10  24.01  0.05  23.17  0.04  22.67  0.04   1.34   0.84   0.50   2.02  -0.63  0.27
   57  15 06 30.41  +55 45 18.26   56.60  24.23  0.06  23.46  0.04  23.02  0.04   1.21   0.77   0.43   1.96  -1.07  0.28
   58  15 06 31.41  +55 45 54.54   57.10  23.67  0.05  22.80  0.04  22.31  0.04   1.35   0.86   0.49   2.33  -0.54  0.27
   59  15 06 31.75  +55 45 58.62   57.75  24.17  0.05  23.56  0.04  23.08  0.04   1.09   0.61   0.48   2.77  -1.65  0.26
   60  15 06 31.15  +55 45 21.98   58.45  23.98  0.04  23.29  0.03  22.82  0.03   1.16   0.68   0.47   1.65  -1.37  0.23
   61  15 06 31.43  +55 45 25.88   58.45  23.28  0.04  22.42  0.03  21.93  0.03   1.34   0.85   0.49   1.97  -0.58  0.22
   62  15 06 31.95  +55 45 46.99   61.60  23.93  0.04  23.13  0.04  22.62  0.03   1.31   0.80   0.52   2.74  -0.77  0.25
   63  15 06 31.04  +55 44 55.54   63.15  24.18  0.04  23.42  0.03  22.95  0.02   1.23   0.76   0.47   2.44  -1.03  0.22
   64  15 06 30.85  +55 44 43.28   63.30  23.64  0.03  23.00  0.02  22.55  0.02   1.10   0.64   0.46   2.63  -1.60  0.19
   65  15 06 32.99  +55 46 19.41   64.35  23.78  0.03  23.10  0.02  22.63  0.02   1.15   0.69   0.46   2.40  -1.38  0.19
   66  15 06 32.54  +55 45 55.30   64.60  21.58  0.02  20.86  0.02  20.38  0.01   1.20   0.72   0.48   3.02  -1.19  0.18
   67  15 06 30.42  +55 44 11.48   65.30  26.14  0.08  25.39  0.06  24.97  0.05   1.17   0.76   0.41   4.71  -1.20  0.34
   68  15 06 32.90  +55 46 04.62   66.30  25.52  0.07  24.75  0.05  24.24  0.05   1.28   0.77   0.51   7.83  -0.92  0.30
   69  15 06 31.47  +55 44 53.38   66.55  24.66  0.04  24.08  0.03  23.67  0.03   1.00   0.58   0.42   2.54  -1.94  0.21
   70  15 06 32.27  +55 45 20.77   67.05  24.18  0.05  23.41  0.04  22.92  0.03   1.26   0.76   0.50   5.66  -0.97  0.25
   71  15 06 32.27  +55 45 20.77   67.60  24.18  0.05  23.34  0.04  22.84  0.03   1.33   0.83   0.50   5.66  -0.65  0.25
   72  15 06 32.60  +55 45 10.58   70.45  23.82  0.04  23.06  0.03  22.53  0.03   1.29   0.76   0.52   2.94  -0.91  0.22
   73  15 06 32.96  +55 45 21.88   70.70  24.54  0.06  23.62  0.04  23.10  0.04   1.44   0.92   0.52   2.10  -0.22  0.28
   74  15 06 32.67  +55 45 04.23   71.05  23.60  0.03  22.71  0.02  22.20  0.02   1.40   0.89   0.51   4.69  -0.38  0.21
   75  15 06 31.51  +55 44 04.28   71.85  23.32  0.02  22.69  0.02  22.22  0.02   1.10   0.64   0.47   2.63  -1.59  0.18
   76  15 06 34.88  +55 46 15.02   75.20  24.29  0.03  23.65  0.03  23.22  0.02   1.07   0.64   0.44   4.59  -1.65  0.20
   77  15 06 33.61  +55 45 12.48   75.60  23.83  0.04  22.90  0.03  22.44  0.02   1.39   0.93   0.46   2.08  -0.30  0.23
   78  15 06 33.95  +55 45 26.45   78.15  22.54  0.03  21.83  0.02  21.33  0.02   1.21   0.72   0.49   2.48  -1.18  0.19
   79  15 06 36.43  +55 47 12.95   80.85  23.87  0.02  23.14  0.02  22.67  0.02   1.21   0.73   0.47   3.56  -1.15  0.19
   80  15 06 33.72  +55 44 51.40   80.90  26.17  0.09  25.38  0.07  24.84  0.07   1.33   0.79   0.54   3.56  -0.76  0.40
   81  15 06 36.77  +55 47 01.61   81.65  23.90  0.02  23.16  0.02  22.65  0.02   1.25   0.74   0.51   4.60  -1.03  0.19
   82  15 06 36.03  +55 46 06.86   82.20  25.51  0.05  24.69  0.04  24.17  0.04   1.33   0.82   0.52   5.11  -0.68  0.26
   83  15 06 35.05  +55 45 16.93   82.55  22.90  0.03  21.95  0.02  21.42  0.02   1.48   0.95   0.53   1.92  -0.06  0.21
   84  15 06 35.14  +55 45 17.05   84.35  25.36  0.08  24.51  0.06  23.98  0.05   1.37   0.84   0.53   5.30  -0.55  0.34
   85  15 06 34.79  +55 44 57.06   84.70  22.65  0.03  21.94  0.02  21.48  0.02   1.17   0.71   0.46   2.39  -1.26  0.19
   86  15 06 36.71  +55 46 24.84   85.40  24.95  0.04  24.25  0.03  23.74  0.03   1.21   0.70   0.51   1.90  -1.22  0.22
   87  15 06 35.47  +55 45 06.86   85.70  25.78  0.09  24.98  0.07  24.41  0.06   1.37   0.80   0.57   3.53  -0.62  0.39
   88  15 06 36.17  +55 45 35.06   87.30  25.05  0.05  24.10  0.04  23.40  0.03   1.65   0.94   0.71   4.22   0.27  0.27
   89  15 06 36.32  +55 45 34.78   90.50  24.18  0.03  23.54  0.03  23.11  0.03   1.07   0.64   0.43   2.06  -1.65  0.20
   90  15 06 36.06  +55 45 15.93   90.70  24.11  0.04  23.40  0.03  22.94  0.03   1.18   0.71   0.47   2.25  -1.27  0.22
   91  15 06 35.13  +55 44 24.93   91.85  25.47  0.05  24.49  0.03  23.95  0.03   1.51   0.97   0.54   4.98   0.06  0.27
   92  15 06 35.30  +55 44 29.55   92.75  26.06  0.08  25.22  0.06  24.71  0.05   1.36   0.85   0.51   3.11  -0.58  0.34
   93  15 06 36.26  +55 44 43.19   93.05  25.65  0.06  24.78  0.04  24.27  0.04   1.38   0.87   0.51   6.44  -0.47  0.30
   94  15 06 37.02  +55 45 12.83   93.40  25.57  0.07  24.74  0.05  24.25  0.05   1.31   0.82   0.49   3.97  -0.72  0.32
   95  15 06 38.97  +55 46 40.61   95.15  23.87  0.02  23.33  0.02  22.80  0.02   1.06   0.53   0.53   4.48  -1.95  0.18
   96  15 06 37.47  +55 45 23.02   95.35  23.89  0.03  23.24  0.02  22.79  0.02   1.09   0.65   0.45   2.37  -1.58  0.20
   97  15 06 38.47  +55 45 50.92   95.65  26.22  0.09  25.46  0.07  25.05  0.06   1.17   0.76   0.41   2.96  -1.19  0.38
   98  15 06 36.56  +55 43 58.92   95.85  24.87  0.04  23.92  0.03  23.42  0.02   1.45   0.94   0.51   4.51  -0.14  0.23
   99  15 06 39.13  +55 45 34.77   96.45  26.31  0.09  25.54  0.07  25.03  0.06   1.28   0.78   0.50   3.42  -0.90  0.39
  100  15 06 39.01  +55 45 19.96   97.55  23.93  0.03  23.16  0.02  22.62  0.02   1.31   0.77   0.54   3.02  -0.85  0.20
  101  15 06 39.55  +55 45 38.10   99.60  24.52  0.03  23.76  0.02  23.27  0.02   1.25   0.77   0.48   5.55  -0.98  0.21
  102  15 06 39.04  +55 44 48.27  103.00  24.81  0.04  23.94  0.03  23.46  0.03   1.35   0.87   0.48   3.06  -0.53  0.24
  103  15 06 39.68  +55 45 17.58  104.70  23.92  0.03  23.35  0.02  22.93  0.02   0.98   0.56   0.42   4.27  -2.02  0.18
  104  15 06 39.77  +55 45 05.47  108.25  25.41  0.05  24.61  0.04  24.14  0.04   1.27   0.80   0.47   7.78  -0.84  0.27
  105  15 06 41.73  +55 46 22.37  111.55  26.43  0.09  25.61  0.07  25.21  0.06   1.22   0.81   0.40   5.39  -0.97  0.38
  106  15 06 41.74  +55 45 04.14  113.70  25.87  0.07  25.14  0.05  24.70  0.05   1.17   0.73   0.44   4.64  -1.24  0.31
  107  15 06 42.57  +55 45 17.59  116.75  23.22  0.02  22.49  0.02  22.01  0.02   1.22   0.73   0.48   2.66  -1.12  0.19
  108  15 06 42.26  +55 45 01.19  120.20  26.08  0.08  25.25  0.06  24.70  0.05   1.38   0.84   0.54   4.02  -0.54  0.34
  109  15 06 43.79  +55 45 54.55  123.75  23.19  0.04  22.56  0.03  22.09  0.03   1.10   0.63   0.47   3.53  -1.61  0.22