 137.9209  60.0265    28.81    36.66   984.00     0.74     0.45     0.63     5.00     1.00    21.00   -12.64     0.00
 137.8727  60.0354   -59.78    10.52  1072.00     0.40     0.03     0.48     0.00     1.00    25.00    -5.46     0.00
 137.8692  60.0366   -66.39     6.74  1077.00     0.37     0.03     0.33     0.00     1.00    35.00    -5.25     0.00
 137.8618  60.0426   -81.05   -14.25  1494.00     0.39     0.99     0.32     0.00     1.00    44.00    -7.29     0.00
 137.9075  60.0495    -0.71   -44.33  1366.00     0.79     0.83     0.53     0.00     1.00    47.00    -4.58     0.00
 137.8765  60.0449   -55.14   -24.02  1404.00     0.53     0.86    -0.44     0.00     1.00    49.00    -5.35     0.00
 137.9059  60.0258     2.05    41.10  1347.00     0.79     0.83     0.69     0.00     1.00    50.00    -4.58     0.00
 137.9522  60.0348    83.08     3.30  1432.00     0.34     0.57     0.68     0.00     1.00    61.00    -5.14     0.00
 137.9438  60.0312    68.70    17.09  1611.00     0.45     0.05     0.62     0.00     1.00    62.00    -5.40     0.00
 137.9370  60.0387    54.83    -9.02  1457.00     0.41     0.46     0.61     0.00     1.00    63.00    -4.92     0.00
 137.8832  60.0274   -39.04    37.99  1521.00     0.72     0.84     0.64     0.00     1.00    70.00    -6.68     0.00
 137.9113  60.0493     6.14   -43.90  1414.00     0.79     0.81     0.78     0.00     1.00    72.00    -4.75     0.00
 137.8702  60.0328   -63.71    20.01  1211.00     0.47     0.32     0.70     0.00     1.00    76.00    -4.87     0.00
 137.8979  60.0413   -15.99   -13.58  1254.00     0.67     0.62     0.61     0.00     1.00    85.00    -4.85     0.00
 137.8934  60.0411   -23.95   -12.44  1391.00     0.60     0.84     1.12     0.00     1.00    86.00    -5.09     0.00
 137.9072  60.0446    -0.13   -26.66  1151.00     0.71     0.55     0.43     0.00     1.00    87.00    -6.66     0.00
 137.9238  60.0306    33.14    21.86  1654.00     0.62     0.07     0.67     0.00     1.00    88.00    -6.99     0.00
 137.9023  60.0304    -5.46    24.97  1127.00     0.72     0.44     0.57     0.00     1.00    89.00    -6.96     0.00
 137.9138  60.0328    14.66    14.96  1420.00     0.69     0.71     0.96     0.00     1.00    90.00    -4.70     0.00
 137.8872  60.0385   -34.54    -2.31  1334.00     0.47     0.90     0.94     0.00     1.00    91.00    -5.18     0.00
 137.9108  60.0310     9.70    21.91  1280.00     0.71     0.78     0.51     0.00     1.00    92.00    -4.99     0.00
 137.8867  60.0304   -33.51    26.92  1200.00     0.65     0.46     1.17     0.00     1.00    93.00    -5.25     0.00
 137.8942  60.0321   -20.31    19.97  1253.00     0.66     0.62     0.51     0.00     1.00    94.00    -4.87     0.00
 137.8967  60.0380   -17.38    -1.72  1253.00     0.65     0.74     0.87     0.00     1.00    95.00    -4.88     0.00
 137.9119  60.0354    10.55     5.85  1373.00     0.77     0.87     0.62     0.00     1.00    96.00    -4.65     0.00
 137.9212  60.0328    27.92    14.06  1741.00     0.60     0.01     0.87     5.00     1.00    97.00    -8.36     0.00
 137.8930  60.0318   -22.54    20.99  1250.00     0.66     0.60     0.92     0.00     1.00    98.00    -4.88     0.00
 137.8794  60.0420   -49.35   -13.94  1214.00     0.46     0.33     1.12     0.00     1.00    99.00    -4.86     0.00
 137.9031  60.0273    -3.25    36.08  1510.00     0.76     0.71     1.05     0.00     1.00   100.00    -5.94     0.00
 137.9144  60.0298    16.44    25.85  1313.00     0.70     0.79     0.61     0.00     1.00   101.00    -4.78     0.00
 137.9044  60.0313    -1.89    21.50  1588.00     0.72     0.50     0.79     0.00     1.00   102.00    -7.45     0.00
 137.9193  60.0359    23.79     3.13  1254.00     0.59     0.99     0.72     0.00     1.00   103.00    -6.13     0.00
 137.8966  60.0380   -17.47    -1.66  1446.00     0.65     1.00     0.87     0.00     1.00   104.00    -5.94     0.00
 137.9011  60.0426   -10.51   -18.62  1507.00     0.69     0.73     0.89     0.00     1.00   105.00    -6.15     0.00
 137.8468  60.0402  -107.42    -3.73  1014.00     0.33     0.07     0.44     0.00     2.00     2.00    -6.17     0.00
 137.8295  60.0331  -136.69    23.98  1266.00     0.47     0.51     0.69     0.00     2.00     5.00    -4.98     0.00
 137.9626  60.0487    98.33   -48.03  1542.00     0.72     0.53     0.57     0.00     2.00    15.00    -5.34     0.00
 137.9616  60.0442    97.63   -31.53  1535.00     0.54     0.32     0.92     0.00     2.00    16.00    -5.01     0.00
 137.8780  60.0247   -47.75    48.46  1228.00     0.79     0.72     0.45     0.00     2.00    22.00    -5.10     0.00
 137.9552  60.0253    90.65    36.90  1300.00     0.62     0.87     0.44     0.00     2.00    28.00    -5.39     0.00
 137.8997  60.0189    -7.42    66.57  1005.00     0.91     0.90     0.73     5.00     2.00    34.00    -8.75     0.00
 137.8482  60.0398  -104.77    -2.57  1363.00     0.33     0.84     0.38     0.00     2.00    36.00    -5.84     0.00
 137.8468  60.0503  -109.69   -40.13  1392.00     0.63     0.87     0.35     0.00     2.00    37.00    -5.32     0.00
 137.9469  60.0522    69.39   -58.50  1534.00     0.83     0.73     0.63     0.00     2.00    39.00    -5.53     0.00
 137.8654  60.0228   -69.96    56.65  1145.00     0.83     0.70     0.77     0.00     2.00    43.00    -5.79     0.00
 137.9149  60.0496    12.66   -45.34  1581.00     0.79     0.75     0.57     0.00     2.00    45.00    -6.39     0.00
 137.9161  60.0496    14.72   -45.50  1534.00     0.79     0.75     0.62     0.00     2.00    46.00    -5.77     0.00
 137.8578  60.0547   -90.99   -56.93  1407.00     0.81     0.91     0.28     0.00     2.00    48.00    -5.14     0.00
 137.9913  60.0318   153.95     9.48  1330.00     0.41     0.90     0.38     0.00     2.00    56.00    -5.75     0.00
 137.9723  60.0361   118.80    -3.91  1191.00     0.35     1.00     0.81     5.00     2.00    58.00    -7.27     0.00
 137.9613  60.0355    99.26    -0.26  1456.00     0.33     0.36     0.64     0.00     2.00    59.00    -5.00     0.00
 137.9556  60.0275    90.85    29.15  1231.00     0.53     0.96     0.47     0.00     2.00    60.00    -6.22     0.00
 137.8686  60.0476   -69.95   -32.95  1095.00     0.59     0.30     0.47     0.00     2.00    71.00    -5.86     0.00
 137.8859  60.0532   -40.18   -54.98  1020.00     0.83     0.69     0.50     5.00     2.00    73.00    -7.99     0.00
 137.8887  60.0217   -27.92    57.71  1184.00     0.86     0.82     0.36     0.00     2.00    74.00    -5.61     0.00
 137.8764  60.0197   -49.39    66.29  1505.00     0.90     0.95     0.59     0.00     2.00    75.00    -5.78     0.00
 137.9498  60.0120    84.06    85.40  1088.00     0.96     1.00     0.36     5.00     3.00     3.00    -9.11     0.00
 137.7931  60.0314  -201.65    34.15  1303.00     0.65     1.00     0.61     0.00     3.00     7.00    -5.10     0.00
 137.9881  60.0432   145.43   -31.16  1371.00     0.54     1.00     0.67     0.00     3.00     9.00    -5.42     0.00
 137.8451  60.0248  -106.71    51.75  1352.00     0.76     0.99     0.40     0.00     3.00    23.00    -5.05     0.00
 137.8305  60.0284  -133.83    40.44  1282.00     0.64     0.95     0.80     0.00     3.00    24.00    -5.01     0.00
 137.8885  60.0599   -37.10   -79.26  1386.00     0.94     0.96     0.63     0.00     3.00    29.00    -4.76     0.00
 137.9087  60.0142     9.85    82.37  1729.00     0.96     1.00     0.50     5.00     3.00    32.00   -11.41     0.00
 137.9297  60.0163    47.00    72.54  1166.00     0.93     1.00     1.02     5.00     3.00    33.00    -6.90     0.00
 137.8303  60.0512  -139.58   -41.39  1428.00     0.64     1.00     0.54     0.00     3.00    51.00    -6.15     0.00
 137.9990  60.0179   170.87    58.54  1356.00     0.83     1.00     0.51     0.00     3.00    55.00    -5.03     0.00
 137.9852  60.0469   139.39   -44.01  1419.00     0.67     0.96     0.74     0.00     3.00    57.00    -4.97     0.00
 137.8211  60.0541  -156.73   -50.75  1067.00     0.75     0.31     0.65     0.00     3.00    64.00    -5.98     0.00
 137.8096  60.0386  -173.68     6.48  1153.00     0.43     0.26     0.94     0.00     3.00    65.00    -4.73     0.00
 137.7969  60.0337  -195.32    25.64  1328.00     0.57     1.00     0.60     0.00     3.00    66.00    -5.35     0.00
 137.9516  60.0561    76.82   -73.30  1035.00     0.91     1.00     0.35     5.00     3.00    77.00   -10.93     0.00
 137.9458  60.0589    65.78   -82.50  1214.00     0.95     1.00     0.70     0.00     3.00    78.00    -6.07     0.00
 137.7997  60.0146  -185.81    93.71  1309.00     0.97     1.00     0.59     0.00     4.00     1.00    -4.96     0.00
 137.8677  59.9830   -56.44   199.48  1189.00     1.00     1.00     0.25     0.00     4.00     4.00    -5.51     0.00
 137.8473  60.0664  -112.57   -97.72  1260.00     0.98     0.82     0.45     0.00     4.00     6.00    -4.76     0.00
 137.6984  60.0499  -375.83   -20.96  1379.00     0.92     1.00     0.47     0.00     4.00     8.00    -5.58     0.00
 137.7608  60.0011  -252.49   146.98  1308.00     1.00     1.00     0.58     0.00     4.00    10.00    -4.92     0.00
 137.9121  59.9871    22.31   179.33  1566.00     1.00     1.00     0.35     0.00     4.00    11.00    -6.09     0.00
 137.9032  60.0711   -13.43  -121.51  1194.00     0.99     1.00     0.64     0.00     4.00    12.00    -5.56     0.00
 138.0192  60.1040   186.93  -253.16  1607.00     1.00     1.00     0.29     0.00     4.00    13.00    -6.20     0.00
 137.9762  60.0671   118.55  -115.45  1411.00     0.99     1.00     0.89     0.00     4.00    14.00    -4.90     0.00
 137.9544  60.0629    80.36   -97.94  1138.00     0.98     1.00     0.53     0.00     4.00    17.00    -6.78     0.00
 137.9544  60.1015    71.26  -236.46  1283.00     1.00     1.00     0.49     0.00     4.00    18.00    -5.10     0.00
 137.7829  60.0276  -219.00    49.14  1198.00     0.80     0.99     0.49     0.00     4.00    19.00    -5.17     0.00
 137.7746  59.9978  -227.00   157.10  1444.00     1.00     1.00     0.61     0.00     4.00    20.00    -5.59     0.00
 138.0304  59.9603   240.84   261.66  1486.00     1.00     1.00     0.54     0.00     4.00    26.00    -5.10     0.00
 137.9894  59.9666   165.81   244.05  1493.00     1.00     1.00     0.42     0.00     4.00    27.00    -5.20     0.00
 137.7978  60.0927  -207.67  -186.44  1335.00     1.00     1.00     0.64     0.00     4.00    30.00    -4.93     0.00
 137.7113  60.0758  -358.89  -115.81  1201.00     1.00     1.00     0.61     0.00     4.00    31.00    -4.97     0.00
 137.9716  60.0592   112.02   -86.67  1296.00     0.96     1.00     0.65     0.00     4.00    38.00    -5.33     0.00
 137.7762  60.0455  -235.31   -14.59  1324.00     0.61     1.00     0.56     0.00     4.00    40.00    -5.62     0.00
 137.7544  60.0405  -273.18     6.01  1189.00     0.70     1.00     0.65     0.00     4.00    41.00    -5.30     0.00
 137.6008  60.0311  -546.58    57.94  1386.00     0.50     1.00     0.52     0.00     4.00    42.00    -6.23     0.00
 137.8524  59.9990   -87.63   143.64  1477.00     1.00     1.00     0.69     0.00     4.00    52.00    -5.58     0.00
 138.0440  60.0277   249.37    17.94  1444.00     0.67     1.00     0.37     0.00     4.00    53.00    -5.32     0.00
 138.0113  59.9920   199.04   149.97  1469.00     1.00     0.99     0.73     0.00     4.00    54.00    -4.96     0.00
 137.7576  60.0107  -260.52   112.65  1370.00     0.99     1.00     0.36     0.00     4.00    67.00    -5.21     0.00
 137.7528  60.0296  -273.49    45.44  1493.00     0.85     1.00     0.69     5.00     4.00    68.00    -6.88     0.00
 137.7849  60.0487  -220.37   -27.05  1185.00     0.63     1.00     0.40     0.00     4.00    69.00    -5.41     0.00
 137.9266  60.1673     5.95  -469.61  1334.00     0.50     0.23     0.55     0.00     4.00    79.00    -4.10     0.00
 137.9223  59.9998    37.57   132.58  1353.00     1.00     1.00     0.78     0.00     4.00    80.00    -4.90     0.00
 137.8682  59.9916   -57.55   168.30  1387.00     1.00     1.00     0.57     0.00     4.00    81.00    -4.97     0.00
 137.8556  59.9717   -75.37   241.49  1281.00     1.00     1.00     0.48     0.00     4.00    82.00    -4.98     0.00
 137.8531  59.9938   -85.05   162.27  1393.00     1.00     1.00     0.30     0.00     4.00    83.00    -5.02     0.00
 137.8459  59.9964   -98.56   153.89  1072.00     1.00     1.00     0.63     0.00     4.00    84.00    -6.62     0.00
 137.8388  60.0006  -112.34   139.46  1442.00     1.00     1.00     0.33     0.00     4.00   106.00    -5.37     0.00
