 137.9209  60.0265    28.81    36.66    54.41   984.00     0.74   -13.43   -13.24     0.63   -12.64     0.00     0.00     0.00     1.00    21.00
 137.8727  60.0354   -59.78    10.52    15.61  1072.00     0.40    -9.01    -5.49     0.48    -5.46     0.00     0.00     0.00     1.00    25.00
 137.8692  60.0366   -66.39     6.74    10.01  1077.00     0.37    -8.92    -5.27     0.33    -5.25     0.00     0.00     0.00     1.00    35.00
 137.8618  60.0426   -81.05   -14.25   -21.15  1494.00     0.39    -7.30   -11.93     0.32    -7.29     0.00     0.00     0.00     1.00    44.00
 137.9075  60.0495    -0.71   -44.33   -65.80  1366.00     0.79    -4.77    -6.36     0.53    -4.58     0.00     0.00     0.00     1.00    47.00
 137.8765  60.0449   -55.14   -24.02   -35.64  1404.00     0.53    -5.51    -7.31    -0.44    -5.35     0.00     0.00     0.00     1.00    49.00
 137.9059  60.0258     2.05    41.10    61.00  1347.00     0.79    -4.77    -6.33     0.69    -4.58     0.00     0.00     0.00     1.00    50.00
 137.9522  60.0348    83.08     3.30     4.89  1432.00     0.34    -5.70    -5.99     0.68    -5.14     0.00     0.00     0.00     1.00    61.00
 137.9438  60.0312    68.70    17.09    25.36  1611.00     0.45    -8.33    -5.46     0.62    -5.40     0.00     0.00     0.00     1.00    62.00
 137.9370  60.0387    54.83    -9.02   -13.39  1457.00     0.41    -5.70    -5.54     0.61    -4.92     0.00     0.00     0.00     1.00    63.00
 137.8832  60.0274   -39.04    37.99    56.38  1521.00     0.72    -6.85    -8.52     0.64    -6.68     0.00     0.00     0.00     1.00    70.00
 137.9113  60.0493     6.14   -43.90   -65.16  1414.00     0.79    -4.96    -6.41     0.78    -4.75     0.00     0.00     0.00     1.00    72.00
 137.8702  60.0328   -63.71    20.01    29.70  1211.00     0.47    -6.00    -5.26     0.70    -4.87     0.00     0.00     0.00     1.00    76.00
 137.8979  60.0413   -15.99   -13.58   -20.16  1254.00     0.67    -5.32    -5.82     0.61    -4.85     0.00     0.00     0.00     1.00    85.00
 137.8934  60.0411   -23.95   -12.44   -18.47  1391.00     0.60    -5.26    -6.95     1.12    -5.09     0.00     0.00     0.00     1.00    86.00
 137.9072  60.0446    -0.13   -26.66   -39.57  1151.00     0.71    -7.27    -7.45     0.43    -6.66     0.00     0.00     0.00     1.00    87.00
 137.9238  60.0306    33.14    21.86    32.44  1654.00     0.62    -9.62    -7.07     0.67    -6.99     0.00     0.00     0.00     1.00    88.00
 137.9023  60.0304    -5.46    24.97    37.06  1127.00     0.72    -7.77    -7.54     0.57    -6.96     0.00     0.00     0.00     1.00    89.00
 137.9138  60.0328    14.66    14.96    22.21  1420.00     0.69    -5.04    -5.94     0.96    -4.70     0.00     0.00     0.00     1.00    90.00
 137.8872  60.0385   -34.54    -2.31    -3.42  1334.00     0.47    -5.29    -7.47     0.94    -5.18     0.00     0.00     0.00     1.00    91.00
 137.9108  60.0310     9.70    21.91    32.52  1280.00     0.71    -5.24    -6.48     0.51    -4.99     0.00     0.00     0.00     1.00    92.00
 137.8867  60.0304   -33.51    26.92    39.95  1200.00     0.65    -6.03    -5.86     1.17    -5.25     0.00     0.00     0.00     1.00    93.00
 137.8942  60.0321   -20.31    19.97    29.64  1253.00     0.66    -5.35    -5.83     0.51    -4.87     0.00     0.00     0.00     1.00    94.00
 137.8967  60.0380   -17.38    -1.72    -2.55  1253.00     0.65    -5.19    -6.22     0.87    -4.88     0.00     0.00     0.00     1.00    95.00
 137.9119  60.0354    10.55     5.85     8.69  1373.00     0.77    -4.79    -6.67     0.62    -4.65     0.00     0.00     0.00     1.00    96.00
 137.9212  60.0328    27.92    14.06    20.87  1741.00     0.60   -12.81    -8.38     0.87    -8.36     0.00     0.00     0.00     1.00    97.00
 137.8930  60.0318   -22.54    20.99    31.15  1250.00     0.66    -5.39    -5.81     0.92    -4.88     0.00     0.00     0.00     1.00    98.00
 137.8794  60.0420   -49.35   -13.94   -20.69  1214.00     0.46    -5.98    -5.25     1.12    -4.86     0.00     0.00     0.00     1.00    99.00
 137.9031  60.0273    -3.25    36.08    53.55  1510.00     0.76    -6.28    -7.17     1.05    -5.94     0.00     0.00     0.00     1.00   100.00
 137.9144  60.0298    16.44    25.85    38.37  1313.00     0.70    -5.02    -6.33     0.61    -4.78     0.00     0.00     0.00     1.00   101.00
 137.9044  60.0313    -1.89    21.50    31.91  1588.00     0.72    -8.15    -8.14     0.79    -7.45     0.00     0.00     0.00     1.00   102.00
 137.9193  60.0359    23.79     3.13     4.65  1254.00     0.59    -6.13   -11.15     0.72    -6.13     0.00     0.00     0.00     1.00   103.00
 137.8966  60.0380   -17.47    -1.66    -2.47  1446.00     0.65    -5.95   -11.41     0.87    -5.94     0.00     0.00     0.00     1.00   104.00
 137.9011  60.0426   -10.51   -18.62   -27.64  1507.00     0.69    -6.47    -7.47     0.89    -6.15     0.00     0.00     0.00     1.00   105.00
 137.8468  60.0402  -107.42    -3.73    -5.54  1014.00     0.33    -8.80    -6.24     0.44    -6.17     0.00     0.00     0.00     2.00     2.00
 137.8295  60.0331  -136.69    23.98    35.58  1266.00     0.47    -5.64    -5.70     0.69    -4.98     0.00     0.00     0.00     2.00     5.00
 137.9626  60.0487    98.33   -48.03   -71.28  1542.00     0.72    -5.98    -6.08     0.57    -5.34     0.00     0.00     0.00     2.00    15.00
 137.9616  60.0442    97.63   -31.53   -46.79  1535.00     0.54    -6.14    -5.40     0.92    -5.01     0.00     0.00     0.00     2.00    16.00
 137.8780  60.0247   -47.75    48.46    71.92  1228.00     0.79    -5.43    -6.38     0.45    -5.10     0.00     0.00     0.00     2.00    22.00
 137.9552  60.0253    90.65    36.90    54.77  1300.00     0.62    -5.53    -7.45     0.44    -5.39     0.00     0.00     0.00     2.00    28.00
 137.8997  60.0189    -7.42    66.57    98.80  1005.00     0.91    -8.86   -11.05     0.73    -8.75     0.00     0.00     0.00     2.00    34.00
 137.8482  60.0398  -104.77    -2.57    -3.81  1363.00     0.33    -6.02    -7.69     0.38    -5.84     0.00     0.00     0.00     2.00    36.00
 137.8468  60.0503  -109.69   -40.13   -59.56  1392.00     0.63    -5.45    -7.39     0.35    -5.32     0.00     0.00     0.00     2.00    37.00
 137.9469  60.0522    69.39   -58.50   -86.82  1534.00     0.83    -5.84    -6.83     0.63    -5.53     0.00     0.00     0.00     2.00    39.00
 137.8654  60.0228   -69.96    56.65    84.08  1145.00     0.83    -6.15    -6.98     0.77    -5.79     0.00     0.00     0.00     2.00    43.00
 137.9149  60.0496    12.66   -45.34   -67.29  1581.00     0.79    -6.68    -7.77     0.57    -6.39     0.00     0.00     0.00     2.00    45.00
 137.9161  60.0496    14.72   -45.50   -67.53  1534.00     0.79    -6.05    -7.16     0.62    -5.77     0.00     0.00     0.00     2.00    46.00
 137.8578  60.0547   -90.99   -56.93   -84.49  1407.00     0.81    -5.23    -7.54     0.28    -5.14     0.00     0.00     0.00     2.00    48.00
 137.9913  60.0318   153.95     9.48    14.07  1330.00     0.41    -5.85    -8.10     0.38    -5.75     0.00     0.00     0.00     2.00    56.00
 137.9723  60.0361   118.80    -3.91    -5.81  1191.00     0.35    -7.27   -13.42     0.81    -7.27     0.00     0.00     0.00     2.00    58.00
 137.9613  60.0355    99.26    -0.26    -0.38  1456.00     0.33    -6.03    -5.44     0.64    -5.00     0.00     0.00     0.00     2.00    59.00
 137.9556  60.0275    90.85    29.15    43.27  1231.00     0.53    -6.26    -9.37     0.47    -6.22     0.00     0.00     0.00     2.00    60.00
 137.8686  60.0476   -69.95   -32.95   -48.91  1095.00     0.59    -7.05    -6.22     0.47    -5.86     0.00     0.00     0.00     2.00    71.00
 137.8859  60.0532   -40.18   -54.98   -81.59  1020.00     0.83    -8.36    -9.18     0.50    -7.99     0.00     0.00     0.00     2.00    73.00
 137.8887  60.0217   -27.92    57.71    85.66  1184.00     0.86    -5.80    -7.34     0.36    -5.61     0.00     0.00     0.00     2.00    74.00
 137.8764  60.0197   -49.39    66.29    98.38  1505.00     0.90    -5.83    -8.68     0.59    -5.78     0.00     0.00     0.00     2.00    75.00
 137.9498  60.0120    84.06    85.40   126.75  1088.00     0.96    -9.11   -21.62     0.36    -9.11     0.00     0.00     0.00     3.00     3.00
 137.7931  60.0314  -201.65    34.15    50.69  1303.00     0.65    -5.10   -11.09     0.61    -5.10     0.00     0.00     0.00     3.00     7.00
 137.9881  60.0432   145.43   -31.16   -46.24  1371.00     0.54    -5.42   -12.07     0.67    -5.42     0.00     0.00     0.00     3.00     9.00
 137.8451  60.0248  -106.71    51.75    76.80  1352.00     0.76    -5.07    -9.30     0.40    -5.05     0.00     0.00     0.00     3.00    23.00
 137.8305  60.0284  -133.83    40.44    60.01  1282.00     0.64    -5.07    -7.98     0.80    -5.01     0.00     0.00     0.00     3.00    24.00
 137.8885  60.0599   -37.10   -79.26  -117.64  1386.00     0.94    -4.80    -7.88     0.63    -4.76     0.00     0.00     0.00     3.00    29.00
 137.9087  60.0142     9.85    82.37   122.25  1729.00     0.96   -11.41   -20.03     0.50   -11.41     0.00     0.00     0.00     3.00    32.00
 137.9297  60.0163    47.00    72.54   107.66  1166.00     0.93    -6.90   -13.55     1.02    -6.90     0.00     0.00     0.00     3.00    33.00
 137.8303  60.0512  -139.58   -41.39   -61.43  1428.00     0.64    -6.15   -17.32     0.54    -6.15     0.00     0.00     0.00     3.00    51.00
 137.9990  60.0179   170.87    58.54    86.87  1356.00     0.83    -5.03   -11.49     0.51    -5.03     0.00     0.00     0.00     3.00    55.00
 137.9852  60.0469   139.39   -44.01   -65.32  1419.00     0.67    -5.02    -8.12     0.74    -4.97     0.00     0.00     0.00     3.00    57.00
 137.8211  60.0541  -156.73   -50.75   -75.32  1067.00     0.75    -7.14    -6.36     0.65    -5.98     0.00     0.00     0.00     3.00    64.00
 137.8096  60.0386  -173.68     6.48     9.62  1153.00     0.43    -6.06    -5.04     0.94    -4.73     0.00     0.00     0.00     3.00    65.00
 137.7969  60.0337  -195.32    25.64    38.06  1328.00     0.57    -5.35   -13.36     0.60    -5.35     0.00     0.00     0.00     3.00    66.00
 137.9516  60.0561    76.82   -73.30  -108.79  1035.00     0.91   -10.93   -25.98     0.35   -10.93     0.00     0.00     0.00     3.00    77.00
 137.9458  60.0589    65.78   -82.50  -122.44  1214.00     0.95    -6.07   -12.39     0.70    -6.07     0.00     0.00     0.00     3.00    78.00
 137.7997  60.0146  -185.81    93.71   139.08  1309.00     0.97    -4.96   -37.99     0.59    -4.96     0.00     0.00     0.00     4.00     1.00
 137.8677  59.9830   -56.44   199.48   296.06  1189.00     1.00    -5.51   -59.12     0.25    -5.51     0.00     0.00     0.00     4.00     4.00
 137.8473  60.0664  -112.57   -97.72  -145.03  1260.00     0.98    -4.95    -6.48     0.45    -4.76     0.00     0.00     0.00     4.00     6.00
 137.6984  60.0499  -375.83   -20.96   -31.10  1379.00     0.92    -5.58  -284.12     0.47    -5.58     0.00     0.00     0.00     4.00     8.00
 137.7608  60.0011  -252.49   146.98   218.14  1308.00     1.00    -4.92   -32.90     0.58    -4.92     0.00     0.00     0.00     4.00    10.00
 137.9121  59.9871    22.31   179.33   266.15  1566.00     1.00    -6.09  -110.96     0.35    -6.09     0.00     0.00     0.00     4.00    11.00
 137.9032  60.0711   -13.43  -121.51  -180.34  1194.00     0.99    -5.56   -61.98     0.64    -5.56     0.00     0.00     0.00     4.00    12.00
 138.0192  60.1040   186.93  -253.16  -375.73  1607.00     1.00    -6.20  -105.52     0.29    -6.20     0.00     0.00     0.00     4.00    13.00
 137.9762  60.0671   118.55  -115.45  -171.34  1411.00     0.99    -4.90   -10.36     0.89    -4.90     0.00     0.00     0.00     4.00    14.00
 137.9544  60.0629    80.36   -97.94  -145.36  1138.00     0.98    -6.78  -227.13     0.53    -6.78     0.00     0.00     0.00     4.00    17.00
 137.9544  60.1015    71.26  -236.46  -350.93  1283.00     1.00    -5.10   -39.72     0.49    -5.10     0.00     0.00     0.00     4.00    18.00
 137.7829  60.0276  -219.00    49.14    72.93  1198.00     0.80    -5.18   -10.02     0.49    -5.17     0.00     0.00     0.00     4.00    19.00
 137.7746  59.9978  -227.00   157.10   233.16  1444.00     1.00    -5.59  -137.01     0.61    -5.59     0.00     0.00     0.00     4.00    20.00
 138.0304  59.9603   240.84   261.66   388.34  1486.00     1.00    -5.10     -Inf     0.54    -5.10     0.00     0.00     0.00     4.00    26.00
 137.9894  59.9666   165.81   244.05   362.21  1493.00     1.00    -5.20   -30.91     0.42    -5.20     0.00     0.00     0.00     4.00    27.00
 137.7978  60.0927  -207.67  -186.44  -276.70  1335.00     1.00    -4.93   -29.29     0.64    -4.93     0.00     0.00     0.00     4.00    30.00
 137.7113  60.0758  -358.89  -115.81  -171.88  1201.00     1.00    -4.97   -10.38     0.61    -4.97     0.00     0.00     0.00     4.00    31.00
 137.9716  60.0592   112.02   -86.67  -128.63  1296.00     0.96    -5.33   -83.56     0.65    -5.33     0.00     0.00     0.00     4.00    38.00
 137.7762  60.0455  -235.31   -14.59   -21.65  1324.00     0.61    -5.62  -167.98     0.56    -5.62     0.00     0.00     0.00     4.00    40.00
 137.7544  60.0405  -273.18     6.01     8.92  1189.00     0.70    -5.30   -16.46     0.65    -5.30     0.00     0.00     0.00     4.00    41.00
 137.6008  60.0311  -546.58    57.94    85.99  1386.00     0.50    -6.23  -279.22     0.52    -6.23     0.00     0.00     0.00     4.00    42.00
 137.8524  59.9990   -87.63   143.64   213.18  1477.00     1.00    -5.58   -93.33     0.69    -5.58     0.00     0.00     0.00     4.00    52.00
 138.0440  60.0277   249.37    17.94    26.63  1444.00     0.67    -5.32   -74.86     0.37    -5.32     0.00     0.00     0.00     4.00    53.00
 138.0113  59.9920   199.04   149.97   222.58  1469.00     1.00    -4.97    -9.78     0.73    -4.96     0.00     0.00     0.00     4.00    54.00
 137.7576  60.0107  -260.52   112.65   167.19  1370.00     0.99    -5.21  -107.44     0.36    -5.21     0.00     0.00     0.00     4.00    67.00
 137.7528  60.0296  -273.49    45.44    67.44  1493.00     0.85    -6.88  -520.41     0.69    -6.88     0.00     0.00     0.00     4.00    68.00
 137.7849  60.0487  -220.37   -27.05   -40.15  1185.00     0.63    -5.42   -10.77     0.40    -5.41     0.00     0.00     0.00     4.00    69.00
 137.9266  60.1673     5.95  -469.61  -696.96  1334.00     0.50    -5.59    -4.36     0.55    -4.10     0.00     0.00     0.00     4.00    79.00
 137.9223  59.9998    37.57   132.58   196.77  1353.00     1.00    -4.90   -10.49     0.78    -4.90     0.00     0.00     0.00     4.00    80.00
 137.8682  59.9916   -57.55   168.30   249.79  1387.00     1.00    -4.97   -22.04     0.57    -4.97     0.00     0.00     0.00     4.00    81.00
 137.8556  59.9717   -75.37   241.49   358.40  1281.00     1.00    -4.98   -20.03     0.48    -4.98     0.00     0.00     0.00     4.00    82.00
 137.8531  59.9938   -85.05   162.27   240.83  1393.00     1.00    -5.02   -30.88     0.30    -5.02     0.00     0.00     0.00     4.00    83.00
 137.8459  59.9964   -98.56   153.89   228.40  1072.00     1.00    -6.62  -134.69     0.63    -6.62     0.00     0.00     0.00     4.00    84.00
 137.8388  60.0006  -112.34   139.46   206.99  1442.00     1.00    -5.37   -78.47     0.33    -5.37     0.00     0.00     0.00     4.00   106.00
