0.377956234275
0.992673531878
0.617355138182
0.887781483432
0.68844011468
0.388606771595
0.495592319544
0.462621262653
0.518721354319
0.497699471457
0.626213504183
0.566296588848
0.777060148616
0.669493788154
0.5
0.426023345621
0.510009361652
0.559765763657
0.695980535565
0.440870731184
0.908264973768
0.60831178203
0.491637801572
0.668340354573
0.82740555458
0.392378249761
0.556302927467
0.772010317321
0.338196906754
0.356959900923
0.73289275057
0.99254090847
0.488279503832
0.4689892341
0.510812903477
0.477355430734
0.780554482866
0.34890215123
0.354656251828
0.692956526827
0.416410586469
0.359331909582
0.54832679968
0.410843133813
0.758745928656
0.9117382443
0.511117547247
0.403600725528
0.417857741891
0.762930099663
0.588562693815
0.475577399411
0.924887465138
0.723950324732
0.723593899323
0.970113217483
0.775319466386
0.404211183274
0.343345620502
0.487873052094
0.371457102179
0.402552708053
0.474902482788
0.503539679753
0.674182513214
0.336891346323
0.560769898387
0.633875626548
0.913700388119
0.538812922981
0.489890780723
0.582042205449
0.40690997211
0.426322625943
0.536631657988
0.659920035886
0.390560919002
0.498777134164
0.505336044312
0.45869892536
0.887880073333
0.371304975328
0.498825600218
0.624609931153
0.995617576502
0.573568057262
0.921241491623
0.399721198291
0.480247888752
0.45278294619
0.61650322782
0.682120414253
0.592244651181
0.636051138026
0.9929875373
0.359681411269
0.423482144599
0.447258791177
0.36868039709
0.388604821251
0.633330115265
0.548607844285
0.417089111228
0.691884130049
0.719764886002
0.397165954791
0.410186452909
0.359346342129
0.33945019796
0.5
0.517172390927
0.375115460379
0.371804165935
0.854966941665
0.369984299729
0.441826302342
0.522204181538
0.838728083007
0.43256470267
0.956599087239
0.427620872584
0.52718419051
0.431728785131
0.538596629805
0.632677627601
0.553596727322
0.806092192772
0.911849999025
0.995201178008
0.38604119127
0.679761960486
0.746960095957
0.521700700174
0.351530532639
0.381705966103
0.484959335323
0.780139937199
0.753162873247
0.712708735592
0.478404325864
0.721931523414
0.639894973963
0.523211339301
0.500130282995
0.369609736118
0.432096425019
0.802662122365
0.395253642268
0.810759561563
