 151.2995  -7.7083     4.38   -48.42   689.00     0.38     0.36     1.17     0.00     1.00     1.00
 151.2735  -7.7173   -83.88   -91.82   750.00     0.39     0.70     1.13     0.00     1.00     6.00
 151.3228  -7.6948    97.19   -23.50   997.00     0.50     0.01     1.11     5.00     1.00     7.00
 151.3052  -7.7346   -48.73    32.55   531.00     0.46     0.21     1.05     0.00     1.00     8.00
 151.2914  -7.7244   -57.44   -28.36   480.00     0.50     0.12     0.82     0.00     1.00    10.00
 151.3139  -7.7261    -5.25    32.85   649.00     0.49     0.47     1.00     0.00     1.00    23.00
 151.2985  -7.7316   -57.91     7.69   510.00     0.67     0.27     1.02     0.00     1.00    24.00
 151.3359  -7.7109    88.92    50.61   810.00     0.39     0.13     1.09     0.00     1.00    26.00
 151.3282  -7.7045    86.04    14.94   924.00     0.56     0.02     0.77     0.00     1.00    27.00
 151.2900  -7.7088   -20.63   -71.46   437.00     0.34     0.28     1.08     5.00     1.00    29.00
 151.3131  -7.7357   -31.74    55.32   525.00     0.36     0.23     1.01     0.00     1.00    30.00
 151.2729  -7.7442  -154.24   -25.23   539.00     0.49     0.29     0.73     0.00     1.00    33.00
 151.3328  -7.7060    93.69    30.16   879.00     0.47     0.05     1.22     0.00     1.00    34.00
 151.3383  -7.6936   139.00    12.83  1028.00     0.51     0.01     0.85     5.00     1.00    35.00
 151.2930  -7.7214   -45.50   -31.81   525.00     0.48     0.21     1.17     0.00     1.00    36.00
 151.3050  -7.6970    47.01   -63.02   895.00     0.35     0.14     0.99     5.00     1.00    38.00
 151.3158  -7.7328   -17.64    54.68   862.00     0.35     0.63     1.08     5.00     1.00    39.00
 151.3065  -7.7363   -50.01    40.19   596.00     0.42     0.33     0.85     0.00     1.00    41.00
 151.3267  -7.7364     0.39    91.67   702.00     0.36     0.35     0.81     0.00     1.00    42.00
 151.3293  -7.6959   110.66    -4.21   660.00     0.55     1.00     0.82     0.00     1.00    43.00
 151.3006  -7.7589  -122.42    82.18   770.00     0.41     0.92     1.12     0.00     1.00    44.00
 151.3202  -7.6869   110.94   -49.85   805.00     0.40     0.13     1.14     0.00     1.00    48.00
 151.3226  -7.6862   118.82   -45.51   809.00     0.42     0.13     0.84     0.00     1.00    49.00
 151.3160  -7.7040    56.77   -17.47   821.00     0.59     0.18     1.21     0.00     1.00    51.00
 151.3347  -7.6783   169.39   -35.01   879.00     0.48     0.04     0.87     0.00     1.00    52.00
 151.2744  -7.7311  -116.94   -54.55   893.00     0.40     1.00     1.02     5.00     1.00    58.00
 151.2971  -7.7059     4.43   -60.68   740.00     0.34     0.33     0.80     0.00     1.00    59.00
 151.2767  -7.7227   -89.66   -69.86   480.00     0.37     0.11     1.13     0.00     1.00    61.00
 151.3192  -7.6882   105.00   -49.25   771.00     0.40     0.21     0.73     0.00     1.00    62.00
 151.3399  -7.6772   185.16   -24.47   887.00     0.50     0.03     1.31     0.00     1.00    64.00
 151.3231  -7.7312     4.83    69.20   782.00     0.34     0.33     0.87     0.00     1.00    66.00
 151.2679  -7.7627  -214.24     8.67   471.00     0.54     0.07     1.19     0.00     1.00    70.00
 151.2895  -7.7461  -117.45    21.70   471.00     0.49     0.06     0.77     0.00     1.00    71.00
 151.2808  -7.7281   -93.24   -45.96   597.00     0.41     0.37     1.14     0.00     1.00    73.00
 151.3234  -7.6867   119.56   -42.55   856.00     0.43     0.06     0.98     0.00     1.00    74.00
 151.3457  -7.6672   225.44   -34.90   869.00     0.54     0.05     0.74     0.00     1.00    75.00
 151.3441  -7.7098   112.14    68.39  1192.00     0.39     0.04     0.97     5.00     1.00    77.00
 151.3397  -7.6944   140.59    18.49   706.00     0.50     0.92     0.94     0.00     1.00    78.00
 151.3404  -7.6926   147.10    15.72   579.00     0.51     1.00     0.74     0.00     1.00    79.00
 151.2828  -7.7315   -97.16   -32.33   803.00     0.46     1.00     0.80     5.00     1.00    80.00
 151.3085  -7.7389   -51.77    51.70   601.00     0.37     0.29     1.05     0.00     1.00    82.00
 151.3106  -7.7047    41.29   -29.34   586.00     0.50     0.88     1.13     0.00     1.00    83.00
 151.2976  -7.7335   -65.17    10.29   628.00     0.62     0.95     0.98     0.00     1.00    84.00
 151.3330  -7.6832   152.47   -26.79   603.00     0.48     1.00     1.04     0.00     1.00    89.00
 151.3232  -7.6909   108.45   -32.27   539.00     0.45     1.00     0.76     0.00     1.00    90.00
 151.3183  -7.7058    57.94    -7.02   959.00     0.68     0.02     1.10     5.00     1.00    92.00
 151.2798  -7.7193   -73.24   -70.88   885.00     0.36     0.96     0.81     5.00     1.00    96.00
 151.3262  -7.7162    50.96    39.18   407.00     0.42     1.00     0.77     5.00     1.00    97.00
 151.2869  -7.7604  -161.00    51.21   837.00     0.45     1.00     1.15     5.00     1.00    98.00
 151.3381  -7.7147    84.64    65.78   980.00     0.37     0.05     0.80     5.00     1.00    99.00
 151.2719  -7.7250  -107.70   -76.50   562.00     0.39     0.22     0.76     0.00     1.00   100.00
 151.3309  -7.6985   108.21     6.56   949.00     0.55     0.01     0.82     0.00     1.00   102.00
 151.2929  -7.7575  -138.11    59.10   441.00     0.42     0.05     0.84     0.00     1.00   103.00
 151.2976  -7.7498  -106.95    51.51   426.00     0.40     0.04     0.88     0.00     1.00   106.00
 151.2996  -7.7588  -124.92    79.21   582.00     0.41     0.29     1.15     0.00     1.00   107.00
 151.2900  -7.7002     1.33   -93.29   697.00     0.36     0.34     1.09     0.00     1.00   108.00
 151.3184  -7.7341   -14.37    64.60   844.00     0.34     0.52     0.75     5.00     1.00   109.00
 151.3453  -7.6850   178.87     8.91   809.00     0.52     0.21     0.80     0.00     1.00   111.00
 151.3039  -7.7458   -80.79    57.22   428.00     0.37     0.07     1.15     0.00     1.00   113.00
 151.3134  -7.7335   -25.28    50.49   841.00     0.37     0.71     0.99     5.00     1.00   115.00
 151.3276  -7.6749   160.44   -61.57   573.00     0.44     0.99     1.09     0.00     1.00   116.00
 151.3360  -7.6908   140.68    -0.17   910.00     0.52     0.02     1.09     0.00     1.00   117.00
 151.2706  -7.7362  -139.66   -51.39   519.00     0.43     0.14     1.04     0.00     1.00   121.00
 151.3477  -7.6807   195.69     4.28   970.00     0.53     0.01     1.05     5.00     1.00   122.00
 151.3091  -7.7329   -34.72    37.84   729.00     0.43     0.68     0.87     0.00     1.00   123.00
 151.2901  -7.7293   -72.90   -19.35   673.00     0.55     0.97     1.10     0.00     1.00   126.00
 151.3000  -7.7524  -107.49    64.10   609.00     0.39     0.37     1.23     0.00     1.00   130.00
 151.3035  -7.7129     2.75   -26.69  1035.00     0.68     0.84     1.10     5.00     1.00   131.00
 151.3485  -7.6829   192.05    11.89   939.00     0.52     0.01     1.05     0.00     1.00   133.00
 151.3260  -7.7355     0.97    87.56  1123.00     0.35     0.80     1.05     5.00     1.00   134.00
 151.2757  -7.7261  -101.06   -63.94   575.00     0.38     0.25     1.15     0.00     1.00   135.00
 151.3556  -7.6922   186.22    53.42   895.00     0.48     0.04     0.83     0.00     1.00   140.00
 151.2948  -7.7263   -53.53   -14.97   610.00     0.64     0.81     1.04     0.00     1.00   142.00
 151.3362  -7.6921   137.78     3.59   886.00     0.52     0.03     0.79     0.00     1.00   143.00
 151.2861  -7.7025   -14.44   -97.29   433.00     0.37     0.39     1.14     5.00     1.00   145.00
 151.3585  -7.6450   314.32   -58.57   782.00     0.69     0.73     1.05     0.00     2.00     5.00
 151.3646  -7.6931   206.41    78.32   661.00     0.52     0.92     0.75     0.00     2.00     9.00
 151.3068  -7.7588  -106.66    97.69   510.00     0.43     0.15     0.81     0.00     2.00    16.00
 151.3028  -7.6743    99.59  -126.15   859.00     0.51     0.10     0.86     0.00     2.00    17.00
 151.3677  -7.6829   240.17    60.38   652.00     0.56     0.98     1.05     0.00     2.00    18.00
 151.2318  -7.7639  -307.83   -79.87   625.00     0.70     0.96     0.75     0.00     2.00    19.00
 151.2625  -7.7322  -149.55   -82.21   904.00     0.44     0.91     0.72     5.00     2.00    20.00
 151.2425  -7.7581  -266.17   -67.41   711.00     0.61     0.99     1.06     0.00     2.00    22.00
 151.3865  -7.6611   343.27    53.13   826.00     0.73     0.43     0.98     0.00     2.00    31.00
 151.2939  -7.6809    60.35  -132.03   463.00     0.51     0.37     1.04     5.00     2.00    47.00
 151.2465  -7.7919  -342.64    28.12   651.00     0.72     1.00     1.08     0.00     2.00    55.00
 151.2562  -7.7423  -191.18   -72.61   711.00     0.49     0.96     0.74     0.00     2.00    60.00
 151.3546  -7.7157   123.22   110.07  1056.00     0.47     0.00     0.69     5.00     2.00    63.00
 151.3406  -7.6580   236.11   -71.32   773.00     0.56     0.56     0.67     0.00     2.00    67.00
 151.2387  -7.7484  -250.69  -101.61   601.00     0.63     0.80     0.83     0.00     2.00    68.00
 151.2640  -7.7752  -256.13    30.63   396.00     0.58     0.01     0.83     0.00     2.00    72.00
 151.3628  -7.6747   249.05    27.33   899.00     0.57     0.02     0.98     0.00     2.00    86.00
 151.3305  -7.7388     3.70   107.20   580.00     0.40     0.43     0.79     0.00     2.00    88.00
 151.2612  -7.7811  -278.23    38.33   637.00     0.62     0.99     0.75     0.00     2.00    91.00
 151.3732  -7.6690   289.71    39.39   703.00     0.64     0.98     0.98     0.00     2.00    94.00
 151.2836  -7.7046   -25.96   -98.37   798.00     0.38     0.35     1.15     0.00     2.00   112.00
 151.2793  -7.7014   -28.51  -117.20   662.00     0.43     0.54     1.15     0.00     2.00   119.00
 151.3101  -7.6678   134.58  -123.92   794.00     0.54     0.30     1.11     0.00     2.00   124.00
 151.3254  -7.6669   175.22   -87.26  1033.00     0.48     0.00     0.66     5.00     2.00   136.00
 151.3735  -7.6507   337.46    -6.19   732.00     0.71     0.98     0.67     0.00     2.00   139.00
 151.2892  -7.7723  -185.50    87.14   518.00     0.50     0.21     0.81     0.00     2.00   144.00
 151.3148  -7.6755   126.69   -92.67   957.00     0.43     0.00     0.78     0.00     2.00   146.00
 151.3293  -7.7393    -0.47   105.71   925.00     0.40     0.04     0.77     5.00     2.00   148.00
 151.2755  -7.6893    -7.06  -157.66   665.00     0.62     0.63     1.06     0.00     3.00     3.00
 151.2472  -7.7264  -173.11  -135.42   678.00     0.63     0.79     0.87     0.00     3.00    11.00
 151.2737  -7.6949   -25.80  -147.85   850.00     0.57     0.61     1.07     5.00     3.00    12.00
 151.3125  -7.6483   190.68  -167.34   583.00     0.78     0.94     0.84     0.00     3.00    13.00
 151.2521  -7.7134  -127.53  -155.94   499.00     0.67     0.34     0.82     0.00     3.00    14.00
 151.3114  -7.6494   185.22  -167.09   881.00     0.77     0.25     1.07     5.00     3.00    28.00
 151.2895  -7.6639    93.05  -185.99   878.00     0.78     0.47     0.80     5.00     3.00    37.00
 151.2427  -7.7252  -181.33  -149.88   665.00     0.69     0.80     1.06     0.00     3.00    40.00
 151.3295  -7.6411   251.79  -142.20   512.00     0.76     1.00     0.72     5.00     3.00    45.00
 151.2966  -7.6603   119.94  -177.23   547.00     0.76     0.90     1.09     0.00     3.00    50.00
 151.2706  -7.6858   -10.38  -178.83   795.00     0.72     0.73     0.73     0.00     3.00    54.00
 151.2224  -7.7723  -352.90   -82.55   684.00     0.78     0.99     1.06     0.00     3.00    57.00
 151.3595  -7.7315    95.28   162.45   592.00     0.67     0.79     0.78     0.00     3.00    65.00
 151.3691  -7.7157   159.60   147.10   636.00     0.66     0.81     1.07     0.00     3.00    76.00
 151.2869  -7.6802    44.83  -151.40   825.00     0.59     0.43     1.14     0.00     3.00    93.00
 151.2994  -7.7802  -180.28   132.91   467.00     0.63     0.15     0.84     0.00     3.00   101.00
 151.2802  -7.6790    31.18  -171.56   627.00     0.69     0.72     1.02     0.00     3.00   104.00
 151.3107  -7.6541   171.33  -157.13   614.00     0.72     0.88     1.00     0.00     3.00   105.00
 151.4061  -7.6647   383.15   112.17   808.00     0.85     0.44     0.76     0.00     3.00   114.00
 151.3537  -7.7351    71.53   156.87   650.00     0.63     0.68     1.22     0.00     3.00   125.00
 151.2730  -7.6814     6.95  -183.93   689.00     0.75     0.75     1.06     0.00     3.00   132.00
 151.2822  -7.8000  -274.09   139.20   753.00     0.78     0.99     1.10     0.00     3.00   137.00
 151.2390  -7.7234  -185.88  -163.96   579.00     0.75     0.62     0.82     0.00     3.00   138.00
 151.3882  -7.6754   310.68    93.69   718.00     0.72     0.82     1.04     0.00     3.00   141.00
 151.2928  -7.7982  -243.06   161.70   710.00     0.81     0.95     1.12     0.00     3.00   149.00
 151.2892  -7.6187   207.95  -301.14   798.00     0.99     0.96     0.71     0.00     4.00     2.00
 151.2177  -7.7365  -272.95  -185.13   709.00     0.89     1.00     1.05     0.00     4.00     4.00
 151.4367  -7.7022   363.60   284.55   963.00     0.50     0.05     0.70     5.00     4.00    15.00
 151.2621  -7.6741    -1.75  -229.75   424.00     0.91     1.00     0.92     5.00     4.00    21.00
 151.2762  -7.6710    41.56  -201.91   742.00     0.83     0.75     0.74     0.00     4.00    25.00
 151.2566  -7.6466    55.02  -313.57   611.00     0.99     1.00     0.82     0.00     4.00    32.00
 151.2846  -7.8151  -306.69   183.71   486.00     0.91     0.30     0.98     0.00     4.00    46.00
 151.3044  -7.8061  -234.35   211.17   696.00     0.92     1.00     1.08     0.00     4.00    53.00
 151.3813  -7.7508   100.15   266.57   642.00     0.97     0.99     1.05     0.00     4.00    56.00
 151.2897  -7.8129  -288.37   190.85   658.00     0.91     1.00     0.75     0.00     4.00    69.00
 151.3361  -7.6242   311.69  -168.04   983.00     0.89     0.02     0.75     5.00     4.00    81.00
 151.3670  -7.7907   -37.69   331.19   593.00     1.00     0.99     0.86     0.00     4.00    85.00
 151.3225  -7.6256   273.93  -198.93   773.00     0.92     0.89     1.11     0.00     4.00    87.00
 151.3376  -7.8111  -163.92   308.16   482.00     0.99     0.99     1.01     5.00     4.00    95.00
 151.1804  -7.7129  -305.76  -339.29   663.00     0.50     0.97     1.09     0.00     4.00   110.00
 151.2203  -7.7438  -284.93  -159.99   503.00     0.84     0.40     1.02     0.00     4.00   118.00
 151.3126  -7.8081  -218.72   237.10   708.00     0.96     1.00     0.80     0.00     4.00   120.00
 151.3296  -7.7732   -86.64   192.04   762.00     0.81     1.00     0.85     0.00     4.00   127.00
 151.3245  -7.6262   277.46  -192.44   618.00     0.91     1.00     0.73     0.00     4.00   128.00
 151.2359  -7.6614   -34.73  -328.53   641.00     1.00     0.99     1.02     0.00     4.00   129.00
 151.2773  -7.6724    40.71  -195.78   770.00     0.80     0.81     0.67     0.00     4.00   147.00
