1	151.299530	-07.708301 	689	22.167	20.997
2	151.289159	-07.618746 	798	22.413	21.700
3	151.275474	-07.689257 	665	23.155	22.091
4	151.217659	-07.736487 	709	22.982	21.934
5	151.358511	-07.645020 	782	22.867	21.814
6	151.273497	-07.717291 	750	22.969	21.843
7	151.322774	-07.694805 	997	22.857	21.746
8	151.305240	-07.734598 	531	21.547	20.502
9	151.364593	-07.693063 	661	22.569	21.820
10	151.291367	-07.724440 	480	21.207	20.388
11	151.247232	-07.726436 	678	22.575	21.706
12	151.273746	-07.694876 	850	21.252	20.183
13	151.312464	-07.648258 	583	22.767	21.928
14	151.252107	-07.713421 	499	20.780	19.965
15	151.436694	-07.702196 	963	21.658	20.963
16	151.306838	-07.758759 	510	22.376	21.570
17	151.302756	-07.674310 	859	22.036	21.178
18	151.367658	-07.682886 	652	21.970	20.923
19	151.231802	-07.763917 	625	21.800	21.047
20	151.262489	-07.732154 	904	22.593	21.869
21	151.262133	-07.674147 	424	22.746	21.823
22	151.242490	-07.758109 	711	21.883	20.826
23	151.313856	-07.726056 	649	22.883	21.878
24	151.298470	-07.731563 	510	21.938	20.917
25	151.276213	-07.671011 	742	21.792	21.054
26	151.335937	-07.710894 	810	22.753	21.659
27	151.328249	-07.704507 	924	21.846	21.077
28	151.311439	-07.649388 	881	20.877	19.805
29	151.290010	-07.708754 	437	22.528	21.449
30	151.313127	-07.735679 	525	22.661	21.648
31	151.386503	-07.661079 	826	22.941	21.959
32	151.256576	-07.646569 	611	21.946	21.131
33	151.272939	-07.744195 	539	22.591	21.864
34	151.332793	-07.705964 	879	22.316	21.099
35	151.338252	-07.693622	1028	19.858	19.012
36	151.293028	-07.721406 	525	22.349	21.183
37	151.289525	-07.663932 	878	22.434	21.634
38	151.305009	-07.697021 	895	21.860	20.866
39	151.315776	-07.732765 	862	22.781	21.696
40	151.242728	-07.725242 	665	21.613	20.552
41	151.306511	-07.736340 	596	21.875	21.023
42	151.326706	-07.736413 	702	21.676	20.865
43	151.329273	-07.695902 	660	21.913	21.090
44	151.300641	-07.758852 	770	22.166	21.049
46	151.329511	-07.641075 	512	21.391	20.671
47	151.284635	-07.815101 	486	22.450	21.468
48	151.293860	-07.680923 	463	22.361	21.321
49	151.320219	-07.686945 	805	22.358	21.215
50	151.322637	-07.686235 	809	22.202	21.364
51	151.296566	-07.660322 	547	21.551	20.459
52	151.316019	-07.703975 	821	21.546	20.336
53	151.334687	-07.678280 	879	22.365	21.495
54	151.304355	-07.806150 	696	22.159	21.079
55	151.270596	-07.685785 	795	22.317	21.584
56	151.246506	-07.791864 	651	21.014	19.937
57	151.381252	-07.750796 	642	22.116	21.062
58	151.222397	-07.772308 	684	22.060	21.001
59	151.274429	-07.731100 	893	23.067	22.043
60	151.297094	-07.705900 	740	20.675	19.875
61	151.256212	-07.742261 	711	21.980	21.241
62	151.276743	-07.722720 	480	21.626	20.498
63	151.319170	-07.688236 	771	22.659	21.925
64	151.354557	-07.715708	1056	21.844	21.159
65	151.339893	-07.677216 	887	22.863	21.549
66	151.359512	-07.731451 	592	21.301	20.525
67	151.323095	-07.731152 	782	21.640	20.771
68	151.340570	-07.658001 	773	22.836	22.165
69	151.238711	-07.748375 	601	22.765	21.935
70	151.289666	-07.812870 	658	22.316	21.566
71	151.267896	-07.762677 	471	22.735	21.547
72	151.289548	-07.746073 	471	22.359	21.587
73	151.264034	-07.775244 	396	21.873	21.041
74	151.280808	-07.728090 	597	21.743	20.601
75	151.323373	-07.686665 	856	22.836	21.858
76	151.345741	-07.667215 	869	22.672	21.930
77	151.369107	-07.715737 	636	23.095	22.027
78	151.344057	-07.709771	1192	21.979	21.005
79	151.339695	-07.694410 	706	21.235	20.297
80	151.340423	-07.692583 	579	22.523	21.780
81	151.282757	-07.731523 	803	22.875	22.078
82	151.336142	-07.624190 	983	22.336	21.590
83	151.308464	-07.738934 	601	22.505	21.450
84	151.310605	-07.704722 	586	21.484	20.352
85	151.297559	-07.733508 	628	22.598	21.622
86	151.367018	-07.790661 	593	22.029	21.171
87	151.362808	-07.674682 	899	22.939	21.954
88	151.322545	-07.625632 	773	22.581	21.474
89	151.330458	-07.738787 	580	21.057	20.263
90	151.332995	-07.683229 	603	22.804	21.761
91	151.323239	-07.690867 	539	22.345	21.583
92	151.261220	-07.781116 	637	22.242	21.490
93	151.318336	-07.705782 	959	21.437	20.336
94	151.286937	-07.680215 	825	23.203	22.059
95	151.373218	-07.668995 	703	22.819	21.840
96	151.337577	-07.811136 	482	22.745	21.732
97	151.279772	-07.719272 	885	22.913	22.103
98	151.326184	-07.716174 	407	21.406	20.633
99	151.286866	-07.760444 	837	23.127	21.977
100	151.338123	-07.714700 	980	21.645	20.846
101	151.271866	-07.724991 	562	22.711	21.948
102	151.299377	-07.780190 	467	21.210	20.372
103	151.330942	-07.698488 	949	21.074	20.252
104	151.292946	-07.757453 	441	21.584	20.745
105	151.280227	-07.678983 	627	22.432	21.414
106	151.310694	-07.654078 	614	23.218	22.216
107	151.297565	-07.749811 	426	20.394	19.513
108	151.299555	-07.758767 	582	22.774	21.620
109	151.289974	-07.700152 	697	20.263	19.174
110	151.318398	-07.734052 	844	21.372	20.622
111	151.180432	-07.712909 	663	21.828	20.738
112	151.345318	-07.684971 	809	20.913	20.113
113	151.283590	-07.704559 	798	22.024	20.875
114	151.303853	-07.745751 	428	22.909	21.754
115	151.406137	-07.664708 	808	22.058	21.294
116	151.313435	-07.733457 	841	22.449	21.459
117	151.327623	-07.674870 	573	22.038	20.950
118	151.335988	-07.690753 	910	21.676	20.588
119	151.220319	-07.743761 	503	22.211	21.191
120	151.279329	-07.701391 	662	23.092	21.937
121	151.312606	-07.808115 	708	22.361	21.558
122	151.270589	-07.736211 	519	23.441	22.400
123	151.347705	-07.680742 	970	23.151	22.104
124	151.309051	-07.732858 	729	22.550	21.676
125	151.310090	-07.667824 	794	22.750	21.636
126	151.353724	-07.735060 	650	22.608	21.389
127	151.290122	-07.729256 	673	22.630	21.533
128	151.329609	-07.773203 	762	21.300	20.455
129	151.324535	-07.626198 	618	22.528	21.797
130	151.235926	-07.661403 	641	21.837	20.817
131	151.299970	-07.752374 	609	22.525	21.292
132	151.303547	-07.712862	1035	21.224	20.128
133	151.272990	-07.681364 	689	22.394	21.337
134	151.348508	-07.682946 	939	22.765	21.710
135	151.326000	-07.735496	1123	20.021	18.968
136	151.275679	-07.726128 	575	22.920	21.770
137	151.325404	-07.666935	1033	21.986	21.324
138	151.282169	-07.799972 	753	22.068	20.970
139	151.239022	-07.723396 	579	22.133	21.315
140	151.373520	-07.650659 	732	22.082	21.415
141	151.355650	-07.692199 	895	22.570	21.738
142	151.388183	-07.675435 	718	22.053	21.016
143	151.294810	-07.726279 	610	22.585	21.543
144	151.336170	-07.692060 	886	22.016	21.222
145	151.289215	-07.772296 	518	21.317	20.507
146	151.286072	-07.702492 	433	23.037	21.892
147	151.314773	-07.675478 	957	22.625	21.846
148	151.277270	-07.672374 	770	22.199	21.527
149	151.329340	-07.739321 	925	20.591	19.821
150	151.292767	-07.798222 	710	22.706	21.586