636.415  442.996  0.  2582.629  2582.629  10.53359  1
635.515  485.404  0.  4394.927  4394.927  10.44919  2
481.886  384.424  0.  751.4391  751.4392  10.51601  3
444.999  383.632  0.  614.3173  614.3174  10.52082  4
463.389  400.192  0.  812.2289  812.2289  10.45274  5
451.226  446.236  0.  1247.653  1247.653  10.43423  6
576.930  572.956  0.  10904.65  10904.65  10.26575  7
617.739  608.452  0.  35932.84  35932.84  10.39052  8
479.766  540.232  0.  3879.186  3879.186  10.43526  9
365.614  461.320  0.  792.0145  792.0145  10.41644  10
401.062  494.152  0.  1392.093  1392.093  10.37171  11
752.145  742.192  0.  14061.23  14061.23  10.38932  12
451.445  544.300  0.  3213.676  3213.676  10.39474  13
527.449  605.104  0.  10156.42  10156.42  10.52334  14
379.903  522.520  0.  1509.011  1509.011  10.52822  15
607.555  698.308  0.  57958.66  57958.66  10.39626  16
800.543  837.664  0.  3901.795  3901.795  10.41561  17
764.846  834.820  0.  4977.727  4977.727  10.38061  18
788.020  852.280  0.  3630.244  3630.244  10.48137  19
703.204  799.900  0.  10215.84  10215.84  10.41246  20
784.782  861.640  0.  3325.254  3325.254  10.43805  21
755.310  848.860  0.  4497.947  4497.947  10.46048  22
796.440  878.056  0.  2620.662  2620.662  10.53353  23
805.832  903.040  0.  1858.49  1858.49  10.38864  24
553.397  742.552  0.  15465.42  15465.42  10.44258  25
681.613  853.648  0.  5507.854  5507.854  10.41137  26
683.988  862.396  0.  4961.828  4961.827  10.5289  27
836.489  976.840  0.  693.9048  693.9048  10.50437  28
652.033  853.468  0.  5823.001  5823.001  10.53973  29
734.222  926.728  0.  1929.733  1929.733  10.44146  30
785.570  1013.020  0.  568.4863  568.4863  10.53586  31
751.385  1019.536  0.  583.7172  583.7171  10.44056  32
885.819  1116.952  0.  107.0685  107.0685  10.4006  33
717.956  1003.048  0.  768.6059  768.6059  10.24577  34
791.794  1078.684  0.  247.9757  247.9757  10.43473  35
669.558  1006.324  0.  815.7595  815.7595  10.40597  36
626.593  1032.604  0.  602.9125  602.9125  10.43182  37
792.980  1168.900  0.  80.4092  80.4092  10.28476  38
669.594  651.436  0.  146642.  146642.  10.44298  39
673.265  677.356  0.  132628.6  132628.6  10.43086  40
681.973  727.288  0.  39405.62  39405.62  10.48532  41
669.918  724.084  0.  48224.42  48224.42  10.31785  42
664.952  718.900  0.  57990.61  57990.61  10.30595  43
636.164  721.996  0.  55558.25  55558.25  10.39334  44
670.854  625.336  0.  81504.56  81504.57  10.46736  45
744.912  755.584  0.  13359.63  13359.63  10.52219  46
629.218  573.928  0.  17844.64  17844.64  10.42847  47
1045.574  662.992  0.  982.5509  982.5509  10.53563  48
1060.110  716.992  0.  769.1561  769.156  10.29864  49
986.628  697.840  0.  1716.558  1716.558  10.46956  50
905.914  645.496  0.  4016.12  4016.12  10.53165  51
934.917  680.596  0.  2992.273  2992.274  10.52092  52
790.471  659.608  0.  13026.99  13026.99  10.4439  53
808.499  686.032  0.  10809.4  10809.4  10.54116  54
867.838  731.860  0.  5048.689  5048.69  10.36475  55
1047.219  860.632  0.  443.3784  443.3785  10.43759  56
1011.955  849.796  0.  653.5953  653.5953  10.4202  57
787.014  800.440  0.  6295.733  6295.733  10.53789  58
773.519  835.900  0.  4745.679  4745.679  10.52734  59
584.668  715.480  0.  29402.4  29402.4  10.41565  60
616.984  743.380  0.  29312.46  29312.46  10.52421  61
493.661  711.160  0.  9999.888  9999.888  10.46117  62
575.421  775.348  0.  13200.99  13200.99  10.41457  63
474.950  781.864  0.  5974.467  5974.467  10.35614  64
411.148  763.936  0.  3762.438  3762.438  10.36712  65
576.286  905.056  0.  2860.554  2860.554  10.48091  66
426.695  814.336  0.  3253.259  3253.259  10.42794  67
462.537  849.112  0.  3223.143  3223.142  10.52227  68
659.339  639.304  0.  134280.  134280.  10.42765  69
720.802  659.932  0.  36874.25  36874.25  10.41279  70
684.529  655.252  0.  100399.7  100399.7  10.3794  71
740.274  319.120  0.  535.2051  535.2051  10.45391  72
566.958  265.300  0.  240.4245  240.4245  10.48984  73
585.276  285.604  0.  320.7667  320.7666  10.41434  74
741.965  417.184  0.  1780.258  1780.258  10.40339  75
745.743  423.232  0.  1907.942  1907.942  10.44127  76
542.127  290.392  0.  307.2123  307.2123  10.50393  77
631.269  353.284  0.  818.4792  818.4792  10.44279  78
763.053  449.332  0.  2511.099  2511.099  10.50309  79
718.357  429.712  0.  2161.847  2161.847  10.42466  80
751.752  504.484  0.  4903.182  4903.182  10.37223  81
562.389  395.440  0.  1184.061  1184.061  10.43809  82
627.130  480.076  0.  4005.166  4005.166  10.34834  83
509.849  435.688  0.  1545.976  1545.976  10.45596  84
584.307  520.288  0.  5897.752  5897.752  10.43031  85
576.642  534.328  0.  6761.558  6761.558  10.42249  86
553.394  525.292  0.  5366.51  5366.51  10.41522  87
569.841  558.160  0.  8668.843  8668.843  10.37348  88
524.354  546.964  0.  5741.175  5741.175  10.51384  89
578.262  624.832  0.  22559.87  22559.87  10.42778  90
570.993  667.276  0.  27492.89  27492.89  10.47962  91
591.937  683.368  0.  44869.58  44869.58  10.51491  92
564.732  687.364  0.  24533.34  24533.34  10.42527  93
574.664  725.020  0.  23106.19  23106.19  10.50812  94
563.618  786.328  0.  10872.7  10872.7  10.41659  95
639.115  840.256  0.  6867.059  6867.058  10.44481  96
653.401  901.096  0.  3170.613  3170.613  10.51659  97
515.650  813.940  0.  6248.665  6248.665  10.50907  98
603.994  877.732  0.  4191.654  4191.654  10.47504  99
535.586  859.984  0.  4301.357  4301.357  10.53292  100
630.911  951.424  0.  1693.765  1693.765  10.52352  101
705.182  1015.504  0.  692.5019  692.5019  10.49328  102
504.172  881.152  0.  2921.902  2921.902  10.37576  103
580.101  941.236  0.  1839.18  1839.18  10.43579  104
659.050  1004.164  0.  845.2409  845.2409  10.38424  105
701.044  1051.648  0.  443.9828  443.9827  10.51237  106
697.805  1111.048  0.  209.1347  209.1347  10.41275  107
515.655  1044.232  0.  462.4567  462.4567  10.44141  108
670.925  1153.780  0.  126.577  126.577  10.42947  109
522.456  1063.384  0.  371.9163  371.9163  10.43887  110
575.604  1107.628  0.  230.6279  230.6279  10.41814  111
446.637  1021.264  0.  488.4633  488.4633  10.42916  112
563.514  1117.996  0.  203.0029  203.0029  10.54241  113
565.386  1160.188  0.  119.0167  119.0167  10.45498  114
623.353  722.428  0.  48741.82  48741.82  10.419  115
670.746  621.664  0.  73594.5  73594.5  10.44473  116
641.417  591.028  0.  30526.6  30526.6  10.53296  117
647.859  600.280  0.  41327.46  41327.46  10.4492  118
777.875  699.676  0.  14310.9  14310.9  10.47266  119
785.216  719.944  0.  12033.38  12033.38  10.42893  120
574.087  600.820  0.  15509.88  15509.89  10.39461  121
627.923  639.592  0.  95998.75  95998.75  10.52317  122
622.093  636.244  0.  76730.33  76730.32  10.44302  123
597.623  703.816  0.  43285.62  43285.62  10.45615  124
550.338  697.048  0.  19439.89  19439.89  10.50625  125
518.959  730.636  0.  12074.16  12074.16  10.51696  126
394.159  676.456  0.  3692.884  3692.884  10.50239  127
452.134  726.712  0.  6391.491  6391.491  10.45606  128
410.534  710.368  0.  4344.164  4344.164  10.43333  129
374.981  729.520  0.  2992.099  2992.099  10.54164  130
262.739  670.480  0.  950.2559  950.2559  10.37531  131
464.083  814.156  0.  4328.053  4328.053  10.37312  132
455.843  809.944  0.  4203.362  4203.362  10.37749  133
207.859  646.360  0.  527.0788  527.0788  10.48031  134
254.571  691.576  0.  897.4097  897.4097  10.44674  135
91.154  611.800  0.  147.4763  147.4763  10.39218  136
191.310  711.016  0.  475.9137  475.9137  10.49686  137
350.876  849.724  0.  1383.423  1383.423  10.45331  138
-64.235  594.880  0.  0.  0.  0.  139
202.002  782.764  0.  478.817  478.817  10.45513  140
157.558  752.956  0.  329.1969  329.1969  10.53556  141
131.762  823.120  0.  214.6983  214.6983  10.43189  142
-153.936  712.852  0.  0.  0.  0.  143
-107.403  746.368  0.  0.  0.  0.  144
676.792  702.160  0.  75870.74  75870.74  10.39674  145
731.669  716.920  0.  22439.88  22439.88  10.49706  146
906.426  403.468  0.  799.7878  799.7878  10.45429  147
899.480  424.348  0.  1020.144  1020.144  10.42476  148
837.077  466.828  0.  2205.241  2205.241  10.38904  149
837.796  498.472  0.  3027.932  3027.932  10.46537  150
660.454  464.452  0.  3448.674  3448.674  10.45796  151
662.002  475.576  0.  4009.416  4009.416  10.53544  152
747.037  544.300  0.  8030.348  8030.348  10.49036  153
805.154  616.408  0.  9781.917  9781.917  10.49664  154
849.848  659.032  0.  7049.459  7049.459  10.37333  155
769.312  632.284  0.  14992.72  14992.72  10.42998  156
783.274  669.904  0.  14198.89  14198.89  10.4605  157
777.588  677.608  0.  15045.8  15045.8  10.43199  158
568.115  725.956  0.  20689.44  20689.44  10.33105  159
686.111  830.212  0.  7339.635  7339.635  10.41557  160
608.276  877.840  0.  4191.718  4191.718  10.43906  161
561.712  888.028  0.  3392.728  3392.728  10.48528  162
617.920  955.132  0.  1587.001  1587.001  10.3495  163
525.260  898.684  0.  2650.406  2650.406  10.44485  164
358.406  1064.536  0.  206.582  206.582  10.44792  165
640.121  236.248  0.  188.3053  188.3053  10.43784  166
687.661  315.160  0.  525.4282  525.4281  10.46114  167
719.473  369.628  0.  1024.223  1024.223  10.43592  168
691.943  354.976  0.  849.754  849.754  10.24659  169
782.701  463.876  0.  2767.515  2767.515  10.46221  170
699.392  421.180  0.  1987.691  1987.691  10.46096  171
564.260  372.796  0.  901.0157  901.0157  10.43286  172
594.454  461.968  0.  2996.927  2996.928  10.53855  173
643.792  506.752  0.  5895.242  5895.242  10.43114  174
617.487  577.204  0.  17418.62  17418.63  10.47153  175
552.999  550.024  0.  6981.296  6981.296  10.25339  176
476.349  588.184  0.  5651.697  5651.697  10.44994  177
438.382  561.724  0.  3326.554  3326.554  10.41834  178
414.955  564.208  0.  2764.897  2764.897  10.42356  179
373.570  540.268  0.  1613.608  1613.608  10.40134  180
502.116  633.724  0.  9612.237  9612.237  10.45613  181
354.065  531.952  0.  1263.76  1263.76  10.26526  182
402.938  614.464  0.  3367.406  3367.406  10.53528  183
451.198  723.256  0.  6372.439  6372.44  10.42956  184
199.724  603.520  0.  426.4951  426.4951  10.37795  185
253.310  649.456  0.  834.5266  834.5266  10.39922  186
254.861  720.448  0.  903.5115  903.5114  10.5104  187
88.034  745.072  0.  160.8112  160.8112  10.25688  188
536.019  913.948  0.  2264.249  2264.249  10.24815  189
516.768  920.176  0.  2003.129  2003.129  10.41339  190
685.248  770.668  0.  16789.22  16789.22  10.44399  191
