636.415  442.996  0.  0.006091641  0.006091641  10.53359  1
635.515  485.404  0.  0.06575943  0.06575943  10.44919  2
481.886  384.424  0.  8.234446E-7  8.234446E-7  10.51601  3
444.999  383.632  0.  9.274491E-8  9.274491E-8  10.52082  4
463.389  400.192  0.  7.216850E-7  7.216849E-7  10.45274  5
451.226  446.236  0.  3.908955E-6  3.908955E-6  10.43423  6
576.930  572.956  0.  0.6643901  0.6643901  10.26575  7
617.739  608.452  0.  4.875272  4.875272  10.39052  8
479.766  540.232  0.  0.001234312  0.001234312  10.43526  9
365.614  461.320  0.  1.616979E-8  1.616979E-8  10.41644  10
401.062  494.152  0.  9.368612E-7  9.368612E-7  10.37171  11
752.145  742.192  0.  0.2205078  0.2205078  10.38932  12
451.445  544.300  0.  2.089904E-4  2.089904E-4  10.39474  13
527.449  605.104  0.  0.1349786  0.1349786  10.52334  14
379.903  522.520  0.  4.964753E-7  4.964753E-7  10.52822  15
607.555  698.308  0.  4.844484  4.844484  10.39626  16
800.543  837.664  0.  4.628211E-4  4.628211E-4  10.41561  17
764.846  834.820  0.  0.003255477  0.003255477  10.38061  18
788.020  852.280  0.  4.525205E-4  4.525205E-4  10.48137  19
703.204  799.900  0.  0.170616  0.170616  10.41246  20
784.782  861.640  0.  3.333210E-4  3.333210E-4  10.43805  21
755.310  848.860  0.  0.002497858  0.002497858  10.46048  22
796.440  878.056  0.  7.946074E-5  7.946074E-5  10.53353  23
805.832  903.040  0.  1.244500E-5  1.244500E-5  10.38864  24
553.397  742.552  0.  0.3928166  0.3928166  10.44258  25
681.613  853.648  0.  0.01808995  0.01808995  10.41137  26
683.988  862.396  0.  0.01076244  0.01076244  10.5289  27
836.489  976.840  0.  2.953104E-8  2.953104E-8  10.50437  28
652.033  853.468  0.  0.02564964  0.02564964  10.53973  29
734.222  926.728  0.  6.439415E-5  6.439415E-5  10.44146  30
785.570  1013.020  0.  3.124274E-8  3.124274E-8  10.53586  31
751.385  1019.536  0.  7.068556E-8  7.068556E-8  10.44056  32
885.819  1116.952  0.  1.014548E-13  1.014548E-13  10.4006  33
717.956  1003.048  0.  5.998820E-7  5.998820E-7  10.24577  34
791.794  1078.684  0.  1.989748E-10  1.989748E-10  10.43473  35
669.558  1006.324  0.  1.172139E-6  1.172139E-6  10.40597  36
626.593  1032.604  0.  2.168516E-7  2.168516E-7  10.43182  37
792.980  1168.900  0.  1.411924E-13  1.411924E-13  10.28476  38
669.594  651.436  0.  7.908113  7.908113  10.44298  39
673.265  677.356  0.  7.077895  7.077894  10.43086  40
681.973  727.288  0.  3.513464  3.513464  10.48532  41
669.918  724.084  0.  4.286956  4.286956  10.31785  42
664.952  718.900  0.  4.883534  4.883534  10.30595  43
636.164  721.996  0.  4.839164  4.839164  10.39334  44
670.854  625.336  0.  7.123895  7.123895  10.46736  45
744.912  755.584  0.  0.2094711  0.2094711  10.52219  46
629.218  573.928  0.  2.782507  2.782507  10.42847  47
1045.574  662.992  0.  1.227110E-10  1.227111E-10  10.53563  48
1060.110  716.992  0.  1.623737E-11  1.623738E-11  10.29864  49
986.628  697.840  0.  2.051122E-8  2.051122E-8  10.46956  50
905.914  645.496  0.  2.867536E-5  2.867536E-5  10.53165  51
934.917  680.596  0.  2.181910E-6  2.181910E-6  10.52092  52
790.471  659.608  0.  0.1020744  0.1020744  10.4439  53
808.499  686.032  0.  0.02656927  0.02656927  10.54116  54
867.838  731.860  0.  1.978431E-4  1.978431E-4  10.36475  55
1047.219  860.632  0.  1.204750E-12  1.204750E-12  10.43759  56
1011.955  849.796  0.  4.457554E-11  4.457554E-11  10.4202  57
787.014  800.440  0.  0.004859776  0.004859776  10.53789  58
773.519  835.900  0.  0.00207236  0.00207236  10.52734  59
584.668  715.480  0.  2.256523  2.256523  10.41565  60
616.984  743.380  0.  2.618475  2.618475  10.52421  61
493.661  711.160  0.  0.02523704  0.02523704  10.46117  62
575.421  775.348  0.  0.3504502  0.3504502  10.41457  63
474.950  781.864  0.  0.00203377  0.00203377  10.35614  64
411.148  763.936  0.  3.853056E-5  3.853056E-5  10.36712  65
576.286  905.056  0.  6.769262E-4  6.769262E-4  10.48091  66
426.695  814.336  0.  3.525050E-5  3.525050E-5  10.42794  67
462.537  849.112  0.  1.048662E-4  1.048661E-4  10.52227  68
659.339  639.304  0.  8.003143  8.003143  10.42765  69
720.802  659.932  0.  3.186807  3.186807  10.41279  70
684.529  655.252  0.  6.870604  6.870604  10.3794  71
740.274  319.120  0.  1.071434E-6  1.071434E-6  10.45391  72
566.958  265.300  0.  7.739896E-9  7.739896E-9  10.48984  73
585.276  285.604  0.  5.753118E-8  5.753118E-8  10.41434  74
741.965  417.184  0.  5.498391E-4  5.498390E-4  10.40339  75
745.743  423.232  0.  7.050613E-4  7.050613E-4  10.44127  76
542.127  290.392  0.  2.263736E-8  2.263735E-8  10.50393  77
631.269  353.284  0.  1.774390E-5  1.774390E-5  10.44279  78
763.053  449.332  0.  0.001692042  0.001692042  10.50309  79
718.357  429.712  0.  0.001938802  0.001938802  10.42466  80
751.752  504.484  0.  0.03429301  0.03429302  10.37223  81
562.389  395.440  0.  5.801164E-5  5.801164E-5  10.43809  82
627.130  480.076  0.  0.04371999  0.04371999  10.34834  83
509.849  435.688  0.  6.624035E-5  6.624036E-5  10.45596  84
584.307  520.288  0.  0.1155663  0.1155663  10.43031  85
576.642  534.328  0.  0.1615163  0.1615163  10.42249  86
553.394  525.292  0.  0.04197096  0.04197097  10.41522  87
569.841  558.160  0.  0.3078697  0.3078697  10.37348  88
524.354  546.964  0.  0.02273565  0.02273565  10.51384  89
578.262  624.832  0.  2.238092  2.238092  10.42778  90
570.993  667.276  0.  2.161135  2.161135  10.47962  91
591.937  683.368  0.  3.988436  3.988435  10.51491  92
564.732  687.364  0.  1.530057  1.530057  10.42527  93
574.664  725.020  0.  1.373066  1.373066  10.50812  94
563.618  786.328  0.  0.1564061  0.1564061  10.41659  95
639.115  840.256  0.  0.0535742  0.0535742  10.44481  96
653.401  901.096  0.  0.001568303  0.001568303  10.51659  97
515.650  813.940  0.  0.007082463  0.007082463  10.50907  98
603.994  877.732  0.  0.005307136  0.005307136  10.47504  99
535.586  859.984  0.  0.002306767  0.002306767  10.53292  100
630.911  951.424  0.  6.615342E-5  6.615342E-5  10.52352  101
705.182  1015.504  0.  3.382040E-7  3.382041E-7  10.49328  102
504.172  881.152  0.  2.178242E-4  2.178242E-4  10.37576  103
580.101  941.236  0.  7.933426E-5  7.933426E-5  10.43579  104
659.050  1004.164  0.  1.511989E-6  1.511989E-6  10.38424  105
701.044  1051.648  0.  2.527906E-8  2.527906E-8  10.51237  106
697.805  1111.048  0.  2.542160E-10  2.542160E-10  10.41275  107
515.655  1044.232  0.  1.673340E-8  1.673340E-8  10.44141  108
670.925  1153.780  0.  1.132516E-11  1.132516E-11  10.42947  109
522.456  1063.384  0.  5.139027E-9  5.139027E-9  10.43887  110
575.604  1107.628  0.  4.970751E-10  4.970751E-10  10.41814  111
446.637  1021.264  0.  5.395632E-9  5.395632E-9  10.42916  112
563.514  1117.996  0.  1.884169E-10  1.884169E-10  10.54241  113
565.386  1160.188  0.  6.254458E-12  6.254458E-12  10.45498  114
623.353  722.428  0.  4.374712  4.374712  10.419  115
670.746  621.664  0.  6.921453  6.921454  10.44473  116
641.417  591.028  0.  4.726433  4.726433  10.53296  117
647.859  600.280  0.  5.653561  5.65356  10.4492  118
777.875  699.676  0.  0.1442345  0.1442345  10.47266  119
785.216  719.944  0.  0.06394159  0.06394159  10.42893  120
574.087  600.820  0.  1.256844  1.256844  10.39461  121
627.923  639.592  0.  7.336777  7.336777  10.52317  122
622.093  636.244  0.  6.776815  6.776815  10.44302  123
597.623  703.816  0.  3.770062  3.770062  10.45615  124
550.338  697.048  0.  0.740136  0.740136  10.50625  125
518.959  730.636  0.  0.08819612  0.08819612  10.51696  126
394.159  676.456  0.  2.182455E-5  2.182455E-5  10.50239  127
452.134  726.712  0.  0.001321754  0.001321754  10.45606  128
410.534  710.368  0.  7.176962E-5  7.176962E-5  10.43333  129
374.981  729.520  0.  3.736083E-6  3.736084E-6  10.54164  130
262.739  670.480  0.  2.043623E-10  2.043623E-10  10.37531  131
464.083  814.156  0.  3.999069E-4  3.999070E-4  10.37312  132
455.843  809.944  0.  2.732638E-4  2.732638E-4  10.37749  133
207.859  646.360  0.  8.317576E-13  8.317576E-13  10.48031  134
254.571  691.576  0.  9.915117E-11  9.915117E-11  10.44674  135
91.154  611.800  0.  2.541389E-18  2.541389E-18  10.39218  136
191.310  711.016  0.  1.951917E-13  1.951918E-13  10.49686  137
350.876  849.724  0.  4.638657E-8  4.638657E-8  10.45331  138
-64.235  594.880  0.  0.  0.  0.  139
202.002  782.764  0.  3.339677E-13  3.339677E-13  10.45513  140
157.558  752.956  0.  5.089581E-15  5.089581E-15  10.53556  141
131.762  823.120  0.  1.470392E-16  1.470392E-16  10.43189  142
-153.936  712.852  0.  0.  0.  0.  143
-107.403  746.368  0.  0.  0.  0.  144
676.792  702.160  0.  5.563517  5.563517  10.39674  145
731.669  716.920  0.  1.070755  1.070756  10.49706  146
906.426  403.468  0.  1.035943E-7  1.035943E-7  10.45429  147
899.480  424.348  0.  4.123705E-7  4.123705E-7  10.42476  148
837.077  466.828  0.  1.155710E-4  1.155710E-4  10.38904  149
837.796  498.472  0.  3.700749E-4  3.700749E-4  10.46537  150
660.454  464.452  0.  0.0244329  0.0244329  10.45796  151
662.002  475.576  0.  0.04571648  0.04571648  10.53544  152
747.037  544.300  0.  0.1932452  0.1932452  10.49036  153
805.154  616.408  0.  0.03822465  0.03822465  10.49664  154
849.848  659.032  0.  0.001912045  0.001912045  10.37333  155
769.312  632.284  0.  0.3537136  0.3537136  10.42998  156
783.274  669.904  0.  0.148266  0.148266  10.4605  157
777.588  677.608  0.  0.1939332  0.1939332  10.43199  158
568.115  725.956  0.  1.038877  1.038877  10.33105  159
686.111  830.212  0.  0.05828786  0.05828786  10.41557  160
608.276  877.840  0.  0.005532194  0.005532195  10.43906  161
561.712  888.028  0.  0.001255082  0.001255082  10.48528  162
617.920  955.132  0.  4.886921E-5  4.886921E-5  10.3495  163
525.260  898.684  0.  2.135608E-4  2.135608E-4  10.44485  164
358.406  1064.536  0.  2.792410E-12  2.792410E-12  10.44792  165
640.121  236.248  0.  3.298919E-9  3.298919E-9  10.43784  166
687.661  315.160  0.  1.507359E-6  1.507359E-6  10.46114  167
719.473  369.628  0.  4.647258E-5  4.647258E-5  10.43592  168
691.943  354.976  0.  2.335148E-5  2.335148E-5  10.24659  169
782.701  463.876  0.  0.001593068  0.001593068  10.46221  170
699.392  421.180  0.  0.00157109  0.00157109  10.46096  171
564.260  372.796  0.  1.444779E-5  1.444779E-5  10.43286  172
594.454  461.968  0.  0.008174069  0.008174069  10.53855  173
643.792  506.752  0.  0.2149948  0.2149948  10.43114  174
617.487  577.204  0.  2.539593  2.539593  10.47153  175
552.999  550.024  0.  0.1072961  0.1072961  10.25339  176
476.349  588.184  0.  0.003771931  0.003771931  10.44994  177
438.382  561.724  0.  1.364553E-4  1.364553E-4  10.41834  178
414.955  564.208  0.  2.536223E-5  2.536223E-5  10.42356  179
373.570  540.268  0.  5.045050E-7  5.045049E-7  10.40134  180
502.116  633.724  0.  0.04394145  0.04394145  10.45613  181
354.065  531.952  0.  7.837134E-8  7.837133E-8  10.26526  182
402.938  614.464  0.  2.728137E-5  2.728137E-5  10.53528  183
451.198  723.256  0.  0.001286061  0.001286061  10.42956  184
199.724  603.520  0.  2.194815E-13  2.194815E-13  10.37795  185
253.310  649.456  0.  7.353473E-11  7.353473E-11  10.39922  186
254.861  720.448  0.  9.714887E-11  9.714887E-11  10.5104  187
88.034  745.072  0.  3.169788E-18  3.169788E-18  10.25688  188
536.019  913.948  0.  1.319395E-4  1.319395E-4  10.24815  189
516.768  920.176  0.  4.724017E-5  4.724017E-5  10.41339  190
685.248  770.668  0.  0.9022732  0.9022731  10.44399  191
