636.415  442.996  0.  1.494612  1.494612  10.53359  1
635.515  485.404  0.  27.67671  27.67671  10.44919  2
481.886  384.424  0.  5.889224E-5  5.889224E-5  10.51601  3
444.999  383.632  0.  5.420328E-6  5.420328E-6  10.52082  4
463.389  400.192  0.  5.612738E-5  5.612739E-5  10.45274  5
451.226  446.236  0.  4.678010E-4  4.678010E-4  10.43423  6
576.930  572.956  0.  706.2057  706.2057  10.26575  7
617.739  608.452  0.  16869.44  16869.44  10.39052  8
479.766  540.232  0.  0.4591663  0.4591663  10.43526  9
365.614  461.320  0.  1.230586E-6  1.230586E-6  10.41644  10
401.062  494.152  0.  1.258522E-4  1.258522E-4  10.37171  11
752.145  742.192  0.  298.6359  298.6359  10.38932  12
451.445  544.300  0.  0.06466062  0.06466062  10.39474  13
527.449  605.104  0.  130.3554  130.3554  10.52334  14
379.903  522.520  0.  7.122070E-5  7.122071E-5  10.52822  15
607.555  698.308  0.  27020.98  27020.98  10.39626  16
800.543  837.664  0.  0.173509  0.173509  10.41561  17
764.846  834.820  0.  1.56221  1.56221  10.38061  18
788.020  852.280  0.  0.1568505  0.1568505  10.48137  19
703.204  799.900  0.  167.4997  167.4997  10.41246  20
784.782  861.640  0.  0.1062684  0.1062684  10.43805  21
755.310  848.860  0.  1.074833  1.074833  10.46048  22
796.440  878.056  0.  0.01978522  0.01978522  10.53353  23
805.832  903.040  0.  0.00222818  0.00222818  10.38864  24
553.397  742.552  0.  582.0945  582.0945  10.44258  25
681.613  853.648  0.  9.576392  9.576392  10.41137  26
683.988  862.396  0.  5.075385  5.075384  10.5289  27
836.489  976.840  0.  1.952567E-6  1.952567E-6  10.50437  28
652.033  853.468  0.  14.18031  14.18031  10.53973  29
734.222  926.728  0.  0.01191037  0.01191037  10.44146  30
785.570  1013.020  0.  1.687338E-6  1.687338E-6  10.53586  31
751.385  1019.536  0.  3.955572E-6  3.955572E-6  10.44056  32
885.819  1116.952  0.  1.045521E-12  1.045521E-12  10.4006  33
717.956  1003.048  0.  4.503942E-5  4.503942E-5  10.24577  34
791.794  1078.684  0.  4.733160E-9  4.733160E-9  10.43473  35
669.558  1006.324  0.  9.196451E-5  9.196451E-5  10.40597  36
626.593  1032.604  0.  1.254389E-5  1.254389E-5  10.43182  37
792.980  1168.900  0.  1.105013E-12  1.105013E-12  10.28476  38
669.594  651.436  0.  111063.5  111063.5  10.44298  39
673.265  677.356  0.  90018.19  90018.19  10.43086  40
681.973  727.288  0.  13212.15  13212.15  10.48532  41
669.918  724.084  0.  20046.86  20046.85  10.31785  42
664.952  718.900  0.  27491.38  27491.38  10.30595  43
636.164  721.996  0.  25878.84  25878.84  10.39334  44
670.854  625.336  0.  55484.04  55484.04  10.46736  45
744.912  755.584  0.  266.1322  266.1322  10.52219  46
629.218  573.928  0.  4764.427  4764.427  10.42847  47
1045.574  662.992  0.  1.145435E-8  1.145435E-8  10.53563  48
1060.110  716.992  0.  1.213793E-9  1.213792E-9  10.29864  49
986.628  697.840  0.  3.365848E-6  3.365848E-6  10.46956  50
905.914  645.496  0.  0.01094308  0.01094308  10.53165  51
934.917  680.596  0.  6.210543E-4  6.210542E-4  10.52092  52
790.471  659.608  0.  127.3972  127.3972  10.4439  53
808.499  686.032  0.  27.26287  27.26287  10.54116  54
867.838  731.860  0.  0.09644196  0.09644196  10.36475  55
1047.219  860.632  0.  5.122607E-11  5.122606E-11  10.43759  56
1011.955  849.796  0.  2.798643E-9  2.798643E-9  10.4202  57
787.014  800.440  0.  2.905507  2.905507  10.53789  58
773.519  835.900  0.  0.9349028  0.9349028  10.52734  59
584.668  715.480  0.  6373.961  6373.961  10.41565  60
616.984  743.380  0.  7297.303  7297.303  10.52421  61
493.661  711.160  0.  24.13876  24.13876  10.46117  62
575.421  775.348  0.  444.4656  444.4656  10.41457  63
474.950  781.864  0.  1.174005  1.174005  10.35614  64
411.148  763.936  0.  0.01399332  0.01399332  10.36712  65
576.286  905.056  0.  0.1848809  0.1848809  10.48091  66
426.695  814.336  0.  0.0110048  0.0110048  10.42794  67
462.537  849.112  0.  0.03214416  0.03214416  10.52227  68
659.339  639.304  0.  103070.7  103070.7  10.42765  69
720.802  659.932  0.  11292.96  11292.96  10.41279  70
684.529  655.252  0.  66480.21  66480.21  10.3794  71
740.274  319.120  0.  5.489786E-5  5.489786E-5  10.45391  72
566.958  265.300  0.  1.775604E-7  1.775604E-7  10.48984  73
585.276  285.604  0.  1.773595E-6  1.773595E-6  10.41434  74
741.965  417.184  0.  0.09415513  0.09415513  10.40339  75
745.743  423.232  0.  0.1289249  0.1289249  10.44127  76
542.127  290.392  0.  6.627003E-7  6.627003E-7  10.50393  77
631.269  353.284  0.  0.001391843  0.001391843  10.44279  78
763.053  449.332  0.  0.4047998  0.4047999  10.50309  79
718.357  429.712  0.  0.4023337  0.4023337  10.42466  80
751.752  504.484  0.  16.22048  16.22048  10.37223  81
562.389  395.440  0.  0.006586007  0.006586007  10.43809  82
627.130  480.076  0.  16.93228  16.93228  10.34834  83
509.849  435.688  0.  0.009801911  0.009801911  10.45596  84
584.307  520.288  0.  65.3886  65.3886  10.43031  85
576.642  534.328  0.  104.8519  104.8519  10.42249  86
553.394  525.292  0.  21.64002  21.64002  10.41522  87
569.841  558.160  0.  257.4419  257.4419  10.37348  88
524.354  546.964  0.  12.42335  12.42335  10.51384  89
578.262  624.832  0.  4845.515  4845.515  10.42778  90
570.993  667.276  0.  5673.708  5673.708  10.47962  91
591.937  683.368  0.  17030.23  17030.23  10.51491  92
564.732  687.364  0.  3602.987  3602.987  10.42527  93
574.664  725.020  0.  3021.094  3021.093  10.50812  94
563.618  786.328  0.  163.3451  163.3451  10.41659  95
639.115  840.256  0.  35.24487  35.24487  10.44481  96
653.401  901.096  0.  0.4731618  0.4731618  10.51659  97
515.650  813.940  0.  4.213747  4.213747  10.50907  98
603.994  877.732  0.  2.125083  2.125083  10.47504  99
535.586  859.984  0.  0.9426313  0.9426313  10.53292  100
630.911  951.424  0.  0.01065567  0.01065567  10.52352  101
705.182  1015.504  0.  2.233939E-5  2.233939E-5  10.49328  102
504.172  881.152  0.  0.06138139  0.06138139  10.37576  103
580.101  941.236  0.  0.01399187  0.01399187  10.43579  104
659.050  1004.164  0.  1.231726E-4  1.231726E-4  10.38424  105
701.044  1051.648  0.  1.068614E-6  1.068614E-6  10.51237  106
697.805  1111.048  0.  5.110614E-9  5.110614E-9  10.41275  107
515.655  1044.232  0.  7.417462E-7  7.417462E-7  10.44141  108
670.925  1153.780  0.  1.375825E-10  1.375825E-10  10.42947  109
522.456  1063.384  0.  1.832521E-7  1.832521E-7  10.43887  110
575.604  1107.628  0.  1.101395E-8  1.101395E-8  10.41814  111
446.637  1021.264  0.  2.529163E-7  2.529163E-7  10.42916  112
563.514  1117.996  0.  3.631512E-9  3.631512E-9  10.54241  113
565.386  1160.188  0.  7.126541E-11  7.126541E-11  10.45498  114
623.353  722.428  0.  20475.42  20475.42  10.419  115
670.746  621.664  0.  48781.98  48781.98  10.44473  116
641.417  591.028  0.  13705.6  13705.6  10.53296  117
647.859  600.280  0.  22369.85  22369.85  10.4492  118
777.875  699.676  0.  197.2201  197.2201  10.47266  119
785.216  719.944  0.  73.8252  73.8252  10.42893  120
574.087  600.820  0.  1876.66  1876.66  10.39461  121
627.923  639.592  0.  66949.2  66949.19  10.52317  122
622.093  636.244  0.  49810.58  49810.58  10.44302  123
597.623  703.816  0.  15616.  15616.  10.45615  124
550.338  697.048  0.  1370.343  1370.343  10.50625  125
518.959  730.636  0.  101.3133  101.3133  10.51696  126
394.159  676.456  0.  0.007679732  0.007679732  10.50239  127
452.134  726.712  0.  0.8084807  0.8084807  10.45606  128
410.534  710.368  0.  0.02990469  0.02990469  10.43333  129
374.981  729.520  0.  0.001061246  0.001061246  10.54164  130
262.739  670.480  0.  1.873303E-8  1.873303E-8  10.37531  131
464.083  814.156  0.  0.1669626  0.1669626  10.37312  132
455.843  809.944  0.  0.1107558  0.1107558  10.37749  133
207.859  646.360  0.  4.186993E-11  4.186993E-11  10.48031  134
254.571  691.576  0.  8.525090E-9  8.525090E-9  10.44674  135
91.154  611.800  0.  3.610244E-17  3.610244E-17  10.39218  136
191.310  711.016  0.  8.858027E-12  8.858027E-12  10.49686  137
350.876  849.724  0.  6.143603E-6  6.143603E-6  10.45331  138
-64.235  594.880  0.  0.  0.  0.  139
202.002  782.764  0.  1.530874E-11  1.530874E-11  10.45513  140
157.558  752.956  0.  1.591843E-13  1.591843E-13  10.53556  141
131.762  823.120  0.  3.029112E-15  3.029112E-15  10.43189  142
-153.936  712.852  0.  0.  0.  0.  143
-107.403  746.368  0.  0.  0.  0.  144
676.792  702.160  0.  40616.67  40616.67  10.39674  145
731.669  716.920  0.  2290.588  2290.588  10.49706  146
906.426  403.468  0.  7.931421E-6  7.931421E-6  10.45429  147
899.480  424.348  0.  4.038370E-5  4.038370E-5  10.42476  148
837.077  466.828  0.  0.02454811  0.02454811  10.38904  149
837.796  498.472  0.  0.1071414  0.1071414  10.46537  150
660.454  464.452  0.  8.062557  8.062557  10.45796  151
662.002  475.576  0.  17.40945  17.40945  10.53544  152
747.037  544.300  0.  148.0095  148.0095  10.49036  153
805.154  616.408  0.  35.64184  35.64184  10.49664  154
849.848  659.032  0.  1.30023  1.30023  10.37333  155
769.312  632.284  0.  508.7386  508.7387  10.42998  156
783.274  669.904  0.  201.3726  201.3726  10.4605  157
777.588  677.608  0.  279.8773  279.8773  10.43199  158
568.115  725.956  0.  2081.763  2081.763  10.33105  159
686.111  830.212  0.  41.10082  41.10082  10.41557  160
608.276  877.840  0.  2.222876  2.222876  10.43906  161
561.712  888.028  0.  0.4063804  0.4063804  10.48528  162
617.920  955.132  0.  0.007499295  0.007499295  10.3495  163
525.260  898.684  0.  0.05422878  0.05422878  10.44485  164
358.406  1064.536  0.  5.526240E-11  5.526240E-11  10.44792  165
640.121  236.248  0.  5.956970E-8  5.956970E-8  10.43784  166
687.661  315.160  0.  7.577206E-5  7.577206E-5  10.46114  167
719.473  369.628  0.  0.004564465  0.004564465  10.43592  168
691.943  354.976  0.  0.001938035  0.001938035  10.24659  169
782.701  463.876  0.  0.42167  0.42167  10.46221  170
699.392  421.180  0.  0.2987289  0.298729  10.46096  171
564.260  372.796  0.  0.001248768  0.001248768  10.43286  172
594.454  461.968  0.  2.326185  2.326185  10.53855  173
643.792  506.752  0.  121.5826  121.5826  10.43114  174
617.487  577.204  0.  4227.338  4227.338  10.47153  175
552.999  550.024  0.  73.10203  73.10203  10.25339  176
476.349  588.184  0.  2.041413  2.041413  10.44994  177
438.382  561.724  0.  0.04360307  0.04360307  10.41834  178
414.955  564.208  0.  0.006732618  0.006732618  10.42356  179
373.570  540.268  0.  7.833216E-5  7.833216E-5  10.40134  180
502.116  633.724  0.  40.42008  40.42008  10.45613  181
354.065  531.952  0.  9.656520E-6  9.656520E-6  10.26526  182
402.938  614.464  0.  0.008726735  0.008726735  10.53528  183
451.198  723.256  0.  0.7862906  0.7862906  10.42956  184
199.724  603.520  0.  9.028273E-12  9.028273E-12  10.37795  185
253.310  649.456  0.  5.906356E-9  5.906356E-9  10.39922  186
254.861  720.448  0.  8.358565E-9  8.358566E-9  10.5104  187
88.034  745.072  0.  4.974644E-17  4.974644E-17  10.25688  188
536.019  913.948  0.  0.02917105  0.02917105  10.24815  189
516.768  920.176  0.  0.009093649  0.009093649  10.41339  190
685.248  770.668  0.  1451.385  1451.385  10.44399  191
