   26.351106862662963       -38.466799999994691        0.0000000000000000        984.00000000000000        1.0000000000000000        21.000000000000000     
  -50.821532927110709       -45.234800000005635        0.0000000000000000        1228.0000000000000        1.0000000000000000        22.000000000000000     
  -60.340007253715434       -6.5852000000013504        0.0000000000000000        1072.0000000000000        1.0000000000000000        25.000000000000000     
  -11.756951949703213       -65.945600000006380        0.0000000000000000        1005.0000000000000        1.0000000000000000        34.000000000000000     
   73.069663134422768        53.833600000012666        0.0000000000000000        1534.0000000000000        1.0000000000000000        39.000000000000000     
   15.602818323845639        44.412400000001071        0.0000000000000000        1581.0000000000000        1.0000000000000000        45.000000000000000     
   17.668690443447645        44.437600000004750        0.0000000000000000        1534.0000000000000        1.0000000000000000        46.000000000000000     
   2.1899323252391949        44.286399999982677        0.0000000000000000        1366.0000000000000        1.0000000000000000        47.000000000000000     
 -0.64727063798827100       -41.145199999999022        0.0000000000000000        1347.0000000000000        1.0000000000000000        50.000000000000000     
   55.303882095256526        5.4171999999962281        0.0000000000000000        1457.0000000000000        1.0000000000000000        63.000000000000000     
  -41.443300572076900       -35.356400000018766        0.0000000000000000        1521.0000000000000        1.0000000000000000        70.000000000000000     
   8.9988598422389128        43.408000000024913        0.0000000000000000        1414.0000000000000        1.0000000000000000        72.000000000000000     
  -31.629958510360204       -55.764800000004470        0.0000000000000000        1184.0000000000000        1.0000000000000000        74.000000000000000     
  -53.619180462471128       -62.918000000005122        0.0000000000000000        1505.0000000000000        1.0000000000000000        75.000000000000000     
   71.036154546717270        78.018400000000838        0.0000000000000000        1214.0000000000000        1.0000000000000000        78.000000000000000     
  -15.065224099466263        14.600799999985611        0.0000000000000000        1254.0000000000000        1.0000000000000000        85.000000000000000     
  -23.089582036737500        13.981599999999162        0.0000000000000000        1391.0000000000000        1.0000000000000000        86.000000000000000     
   1.6181765949997484        26.610400000005029        0.0000000000000000        1151.0000000000000        1.0000000000000000        87.000000000000000     
   31.644342302272214       -23.980400000000373        0.0000000000000000        1654.0000000000000        1.0000000000000000        88.000000000000000     
  -7.0786236161566531       -24.559999999997672        0.0000000000000000        1127.0000000000000        1.0000000000000000        89.000000000000000     
   13.650218565837802       -15.891199999983655        0.0000000000000000        1420.0000000000000        1.0000000000000000        90.000000000000000     
  -34.317929632082659        4.5603999999875668        0.0000000000000000        1334.0000000000000        1.0000000000000000        91.000000000000000     
   8.2491046865541460       -22.500800000008894        0.0000000000000000        1280.0000000000000        1.0000000000000000        92.000000000000000     
  -35.202532837302286       -24.671600000001490        0.0000000000000000        1200.0000000000000        1.0000000000000000        93.000000000000000     
  -21.575687933397813       -18.598400000017136        0.0000000000000000        1253.0000000000000        1.0000000000000000        94.000000000000000     
  -17.229984788779493        2.8503999999957159        0.0000000000000000        1253.0000000000000        1.0000000000000000        95.000000000000000     
   10.144169276681371       -6.5311999999976251        0.0000000000000000        1373.0000000000000        1.0000000000000000        96.000000000000000     
   26.939044358836128       -15.858799999987241        0.0000000000000000        1741.0000000000000        1.0000000000000000        97.000000000000000     
  -23.868104776304431       -19.469600000011269        0.0000000000000000        1250.0000000000000        1.0000000000000000        98.000000000000000     
  -48.334934892766910        17.138800000015181        0.0000000000000000        1214.0000000000000        1.0000000000000000        99.000000000000000     
  -5.6042849407130841       -35.788399999990361        0.0000000000000000        1510.0000000000000        1.0000000000000000        100.00000000000000     
   14.712821196589964       -26.871199999994133        0.0000000000000000        1313.0000000000000        1.0000000000000000        101.00000000000000     
  -3.2884944358149917       -21.330799999996088        0.0000000000000000        1588.0000000000000        1.0000000000000000        102.00000000000000     
   23.539075535332390       -4.6808000000019092        0.0000000000000000        1254.0000000000000        1.0000000000000000        103.00000000000000     
  -17.319883488556613        2.7999999999883585        0.0000000000000000        1446.0000000000000        1.0000000000000000        104.00000000000000     
  -9.2667579674032119        19.269999999989523        0.0000000000000000        1507.0000000000000        1.0000000000000000        105.00000000000000     
  -106.94708913784463        10.748800000001211        0.0000000000000000        1014.0000000000000        1.0000000000000000        2.0000000000000000     
  -69.362240757858615       -195.36559999999008        0.0000000000000000        1189.0000000000000        1.0000000000000000        4.0000000000000000     
  -5.4586490471642692        122.13279999999213        0.0000000000000000        1194.0000000000000        1.0000000000000000        12.000000000000000     
   125.84199784549054        107.44839999999385        0.0000000000000000        1411.0000000000000        1.0000000000000000        14.000000000000000     
   101.26189536737574        41.492800000007264        0.0000000000000000        1542.0000000000000        1.0000000000000000        15.000000000000000     
   99.485497060849667        25.076799999980722        0.0000000000000000        1535.0000000000000        1.0000000000000000        16.000000000000000     
   86.590427572674542        92.479599999991478        0.0000000000000000        1138.0000000000000        1.0000000000000000        17.000000000000000     
  -109.86160498284264       -44.658800000004703        0.0000000000000000        1352.0000000000000        1.0000000000000000        23.000000000000000     
   88.037796638228571       -42.750800000008894        0.0000000000000000        1300.0000000000000        1.0000000000000000        28.000000000000000     
  -31.834927545724128        81.521199999988312        0.0000000000000000        1386.0000000000000        1.0000000000000000        29.000000000000000     
   4.4373998183008609       -82.840399999986403        0.0000000000000000        1729.0000000000000        1.0000000000000000        32.000000000000000     
   42.153500299894617       -75.460400000010850        0.0000000000000000        1166.0000000000000        1.0000000000000000        33.000000000000000     
  -66.685057480150107       -2.3876000000163913        0.0000000000000000        1077.0000000000000        1.0000000000000000        35.000000000000000     
  -104.38138024773767        9.4168000000063330        0.0000000000000000        1363.0000000000000        1.0000000000000000        36.000000000000000     
   117.44905523943835        79.159599999984493        0.0000000000000000        1296.0000000000000        1.0000000000000000        38.000000000000000     
  -73.519156633017658       -51.952400000009220        0.0000000000000000        1145.0000000000000        1.0000000000000000        43.000000000000000     
  -79.941519741222862        19.518400000000838        0.0000000000000000        1494.0000000000000        1.0000000000000000        44.000000000000000     
  -87.066890681217103        62.758000000001630        0.0000000000000000        1407.0000000000000        1.0000000000000000        48.000000000000000     
  -53.446574959032787        27.571599999995669        0.0000000000000000        1404.0000000000000        1.0000000000000000        49.000000000000000     
  -96.835283393030693       -137.60000000000582        0.0000000000000000        1477.0000000000000        1.0000000000000000        52.000000000000000     
   118.80472763125171       -3.8635999999823980        0.0000000000000000        1191.0000000000000        1.0000000000000000        58.000000000000000     
   99.061175198151673       -6.2359999999753200        0.0000000000000000        1456.0000000000000        1.0000000000000000        59.000000000000000     
   88.749794340009856       -35.032399999996414        0.0000000000000000        1231.0000000000000        1.0000000000000000        60.000000000000000     
   82.688824004702269       -8.7235999999975320        0.0000000000000000        1432.0000000000000        1.0000000000000000        61.000000000000000     
   67.438408583820149       -21.543199999985518        0.0000000000000000        1611.0000000000000        1.0000000000000000        62.000000000000000     
  -67.645175593147627        37.457200000004377        0.0000000000000000        1095.0000000000000        1.0000000000000000        71.000000000000000     
  -36.500670061293171        57.487599999993108        0.0000000000000000        1020.0000000000000        1.0000000000000000        73.000000000000000     
  -64.879891589741860       -15.801200000016252        0.0000000000000000        1211.0000000000000        1.0000000000000000        76.000000000000000     
   81.450019922526494        68.118400000006659        0.0000000000000000        1035.0000000000000        1.0000000000000000        77.000000000000000     
   28.819725157022269       -134.75239999999758        0.0000000000000000        1353.0000000000000        1.0000000000000000        80.000000000000000     
  -68.438082124713787       -164.17879999999423        0.0000000000000000        1387.0000000000000        1.0000000000000000        81.000000000000000     
  -95.485004923253385       -156.35959999999614        0.0000000000000000        1393.0000000000000        1.0000000000000000        83.000000000000000     
  -108.41783186530293       -147.11479999998119        0.0000000000000000        1072.0000000000000        1.0000000000000000        84.000000000000000     
  -121.21760873178117       -131.81840000001830        0.0000000000000000        1442.0000000000000        1.0000000000000000        106.00000000000000     
  -191.54536152467335       -81.353600000002189        0.0000000000000000        1309.0000000000000        1.0000000000000000        1.0000000000000000     
   78.296373536275439       -90.717200000013690        0.0000000000000000        1088.0000000000000        1.0000000000000000        3.0000000000000000     
  -137.96393851607664       -14.983999999996740        0.0000000000000000        1266.0000000000000        1.0000000000000000        5.0000000000000000     
  -105.94022370092230        104.87440000000061        0.0000000000000000        1260.0000000000000        1.0000000000000000        6.0000000000000000     
  -203.45154531591066       -20.891600000002654        0.0000000000000000        1303.0000000000000        1.0000000000000000        7.0000000000000000     
  -373.65675350045399        45.492399999988265        0.0000000000000000        1379.0000000000000        1.0000000000000000        8.0000000000000000     
   147.15877752371628        21.577599999989616        0.0000000000000000        1371.0000000000000        1.0000000000000000        9.0000000000000000     
  -261.56026684252720       -130.15159999998286        0.0000000000000000        1308.0000000000000        1.0000000000000000        10.000000000000000     
   10.534329633461153       -180.40400000000955        0.0000000000000000        1566.0000000000000        1.0000000000000000        11.000000000000000     
   203.08655659505683        240.39280000000144        0.0000000000000000        1607.0000000000000        1.0000000000000000        13.000000000000000     
   86.572447832719106        231.28840000001946        0.0000000000000000        1283.0000000000000        1.0000000000000000        18.000000000000000     
  -221.74413273544232       -34.711999999999534        0.0000000000000000        1198.0000000000000        1.0000000000000000        19.000000000000000     
  -236.78957912098957       -141.91639999998733        0.0000000000000000        1444.0000000000000        1.0000000000000000        20.000000000000000     
  -136.18394426156527       -31.597999999998137        0.0000000000000000        1282.0000000000000        1.0000000000000000        24.000000000000000     
   223.21307748887889       -276.84799999999814        0.0000000000000000        1486.0000000000000        1.0000000000000000        26.000000000000000     
   149.49794169046049       -254.37320000000182        0.0000000000000000        1493.0000000000000        1.0000000000000000        27.000000000000000     
  -195.03522904789608        199.61920000001555        0.0000000000000000        1335.0000000000000        1.0000000000000000        30.000000000000000     
  -350.54379780178317        139.03839999999036        0.0000000000000000        1201.0000000000000        1.0000000000000000        31.000000000000000     
  -106.83201880217062        47.220399999991059        0.0000000000000000        1392.0000000000000        1.0000000000000000        37.000000000000000     
  -233.85348758805088        29.947600000014063        0.0000000000000000        1324.0000000000000        1.0000000000000000        40.000000000000000     
  -272.98459360324404        11.868400000006659        0.0000000000000000        1189.0000000000000        1.0000000000000000        41.000000000000000     
  -549.19834850051700       -22.065200000011828        0.0000000000000000        1386.0000000000000        1.0000000000000000        42.000000000000000     
  -136.57590259236679        50.431600000010803        0.0000000000000000        1428.0000000000000        1.0000000000000000        51.000000000000000     
   247.66552381340028       -34.215200000006007        0.0000000000000000        1444.0000000000000        1.0000000000000000        53.000000000000000     
   188.80524915710635       -162.66679999997723        0.0000000000000000        1469.0000000000000        1.0000000000000000        54.000000000000000     
   166.67398725946094       -69.585200000001350        0.0000000000000000        1356.0000000000000        1.0000000000000000        55.000000000000000     
   153.00399097961693       -19.527199999982258        0.0000000000000000        1330.0000000000000        1.0000000000000000        56.000000000000000     
   141.97162254970161        34.800400000007357        0.0000000000000000        1419.0000000000000        1.0000000000000000        57.000000000000000     
  -153.07950588739484        60.889599999994971        0.0000000000000000        1067.0000000000000        1.0000000000000000        64.000000000000000     
  -173.73103518764782        4.8916000000026543        0.0000000000000000        1153.0000000000000        1.0000000000000000        65.000000000000000     
  -196.58148668310318       -12.813200000004144        0.0000000000000000        1328.0000000000000        1.0000000000000000        66.000000000000000     
  -267.32996539070808       -95.372000000003027        0.0000000000000000        1370.0000000000000        1.0000000000000000        67.000000000000000     
  -275.87213983832345       -27.454400000016904        0.0000000000000000        1493.0000000000000        1.0000000000000000        68.000000000000000     
  -218.13200298057504        41.410000000003492        0.0000000000000000        1185.0000000000000        1.0000000000000000        69.000000000000000     
   36.646305954900122        468.21160000000964        0.0000000000000000        1334.0000000000000        1.0000000000000000        79.000000000000000     
  -91.006251703034707       -236.04200000001583        0.0000000000000000        1281.0000000000000        1.0000000000000000        82.000000000000000     
