   166.22697520411970       -125.20634123107882       -191.54536152467335       -81.353600000002189       -185.82450338718940        1.0000000000000000        1309.0000000000000                1
   44.164817250341663       -97.993295032505870       -106.94708913784463        10.748800000001211       -145.43636692555748        1.0000000000000000        1014.0000000000000                1
   39.415206915166202        113.16525269677408        78.296373536275439       -90.717200000013690        167.95376876521996        1.0000000000000000        1088.0000000000000                1
   203.87269410213204        37.613350163114902       -69.362240757858615       -195.36559999999008        55.823707058811095        1.0000000000000000        1189.0000000000000                1
   81.958501898727405       -111.98827252350273       -137.96393851607664       -14.983999999996740       -166.20695822795599        1.0000000000000000        1266.0000000000000                1
  -37.853774811532418       -144.18412961191160       -105.94022370092230        104.87440000000061       -213.99031405285609        1.0000000000000000        1260.0000000000000                1
   119.81844078558650       -165.74840227516739       -203.45154531591066       -20.891600000002654       -245.99484528630123        1.0000000000000000        1303.0000000000000                1
   147.43082564990880       -346.34243773058535       -373.65675350045399        45.492399999988265       -514.02277920105348        1.0000000000000000        1379.0000000000000                1
  -92.266146950500797        116.65443615190000        147.15877752371628        21.577599999989616        173.13222679218953        1.0000000000000000        1371.0000000000000                1
   243.49473893161871       -161.44202388303927       -261.56026684252720       -130.15159999998286       -239.60355057833081        1.0000000000000000        1308.0000000000000                1
   150.96727869557856        99.325007663596026        10.534329633461153       -180.40400000000955        147.41282303707391        1.0000000000000000        1566.0000000000000                1
  -103.04078068798793       -65.793735940019005       -5.4586490471642692        122.13279999999213       -97.647516785732392        1.0000000000000000        1194.0000000000000                1
  -309.72955835272813        55.681699693195995        203.08655659505683        240.39280000000144        82.639777598376270        1.0000000000000000        1607.0000000000000                1
  -155.97404874936183        55.258158636720012        125.84199784549054        107.44839999999385        82.011180790020688        1.0000000000000000        1411.0000000000000                1
  -86.564771948571916        66.948969776365047        101.26189536737574        41.492800000007264        99.362052581797926        1.0000000000000000        1542.0000000000000                1
  -71.459899916043099        73.618564721768593        99.485497060849667        25.076799999980722        109.26070592744560        1.0000000000000000        1535.0000000000000                1
  -123.38490044187677        28.749703144354129        86.590427572674542        92.479599999991478        42.668759879093315        1.0000000000000000        1138.0000000000000                1
  -243.58785548209315       -40.670276040584454        86.572447832719106        231.28840000001946       -60.360631686485029        1.0000000000000000        1283.0000000000000                1
   140.93355286131617       -174.68004657333788       -221.74413273544232       -34.711999999999534       -259.25071036325767        1.0000000000000000        1198.0000000000000                1
   241.29800908198126       -134.10757873076372       -236.78957912098957       -141.91639999998733       -199.03524033267408        1.0000000000000000        1444.0000000000000                1
   20.137670402397312        42.054129844110172        26.351106862662963       -38.466799999994691        62.414472915868458        1.0000000000000000        984.00000000000000                1
   64.585254724755231       -21.395335087987377       -50.821532927110709       -45.234800000005635       -31.753803189489666        1.0000000000000000        1228.0000000000000                1
   93.606463648056206       -72.813536446151005       -109.86160498284264       -44.658800000004703       -108.06592634952314        1.0000000000000000        1352.0000000000000                1
   95.456650465609897       -102.13975131790083       -136.18394426156527       -31.597999999998137       -151.59031386206416        1.0000000000000000        1282.0000000000000                1
   35.872957610046996       -48.963377815843273       -60.340007253715434       -6.5852000000013504       -72.668806366573563        1.0000000000000000        1072.0000000000000                1
   128.15084463471567        331.73220859415903        223.21307748887889       -276.84799999999814        492.33906456683366        1.0000000000000000        1486.0000000000000                1
   145.54466953205792        256.65562815550879        149.49794169046049       -254.37320000000182        380.91445029531934        1.0000000000000000        1493.0000000000000                1
  -6.9956253989627797        97.618369561638445        88.037796638228571       -42.750800000008894        144.87992274911946        1.0000000000000000        1300.0000000000000                1
  -54.681963209475327       -68.330460346440248       -31.834927545724128        81.521199999988312       -101.41238642746569        1.0000000000000000        1386.0000000000000                1
  -75.357669031380624       -268.71507185507960       -195.03522904789608        199.61920000001555       -398.81242666428511        1.0000000000000000        1335.0000000000000                1
   54.861135454556873       -373.09903687402834       -350.54379780178317        139.03839999999036       -553.73348154466794        1.0000000000000000        1201.0000000000000                1
   69.523189398372494        45.263105838089537        4.4373998183008609       -82.840399999986403        67.177062131394649        1.0000000000000000        1729.0000000000000                1
   44.273869544324818        74.236205960721264        42.153500299894617       -75.460400000010850        110.17737576518174        1.0000000000000000        1166.0000000000000                1
   62.989040518399520        22.790985053896932       -11.756951949703213       -65.945600000006380        33.825151647303365        1.0000000000000000        1005.0000000000000                1
   35.410254931792181       -56.557152651787767       -66.685057480150107       -2.3876000000163913       -83.939077695077600        1.0000000000000000        1077.0000000000000                1
   44.035508469492342       -95.105325915447253       -104.38138024773767        9.4168000000063330       -141.15019881539354        1.0000000000000000        1363.0000000000000                1
   12.521950525891043       -116.12944337425049       -106.83201880217062        47.220399999991059       -172.35306080722930        1.0000000000000000        1392.0000000000000                1
  -127.27875794320252        62.134058943979340        117.44905523943835        79.159599999984493        92.216021434458696        1.0000000000000000        1296.0000000000000                1
  -83.156100262914364        36.363380175875051        73.069663134422768        53.833600000012666        53.968568973599794        1.0000000000000000        1534.0000000000000                1
   90.991375815886698       -217.49685916493328       -233.85348758805088        29.947600000014063       -322.79711590649890        1.0000000000000000        1324.0000000000000                1
   126.21397735496869       -242.34578936642541       -272.98459360324404        11.868400000006659       -359.67655882443501        1.0000000000000000        1189.0000000000000                1
   293.70823038165241       -464.58711166617991       -549.19834850051700       -22.065200000011828       -689.51515120247973        1.0000000000000000        1386.0000000000000                1
   81.751680078642096       -37.693253069637393       -73.519156633017658       -51.952400000009220       -55.942294646130911        1.0000000000000000        1145.0000000000000                1
   23.067334697657085       -78.990586833840965       -79.941519741222862        19.518400000000838       -117.23357160937211        1.0000000000000000        1494.0000000000000                1
  -46.263676044630529       -8.6937658506265514        15.602818323845639        44.412400000001071       -12.902818706087873        1.0000000000000000        1581.0000000000000                1
  -47.318436067353957       -6.9172681476962286        17.668690443447645        44.437600000004750       -10.266236563604757        1.0000000000000000        1534.0000000000000                1
  -39.448113046922728       -20.246665647480096        2.1899323252391949        44.286399999982677       -30.049009915925637        1.0000000000000000        1366.0000000000000                1
  -10.816570785018783       -106.78114154579069       -87.066890681217103        62.758000000001630       -158.47881508048090        1.0000000000000000        1407.0000000000000                1
   2.8455850707638284       -60.071892472431408       -53.446574959032787        27.571599999995669       -89.155465102332698        1.0000000000000000        1404.0000000000000                1
   35.956423161819579        20.012049646883870      -0.64727063798827100       -41.145199999999022        29.700805492980159        1.0000000000000000        1347.0000000000000                1
   24.612913467126759       -143.49400207285709       -136.57590259236679        50.431600000010803       -212.96606395531555        1.0000000000000000        1428.0000000000000                1
   167.58274089028910       -15.061805694256648       -96.835283393030693       -137.60000000000582       -22.353920222651226        1.0000000000000000        1477.0000000000000                1
  -94.201544804973395        231.59223345375244        247.66552381340028       -34.215200000006007        343.71671072512157        1.0000000000000000        1444.0000000000000                1
   46.470942791648184        244.84354889887214        188.80524915710635       -162.66679999997723        363.38359890031199        1.0000000000000000        1469.0000000000000                1
  -23.074453718458393        179.13650867362097        166.67398725946094       -69.585200000001350        265.86475122178393        1.0000000000000000        1356.0000000000000                1
  -59.590953648316329        142.26894185441975        153.00399097961693       -19.527199999982258        211.14789560639480        1.0000000000000000        1330.0000000000000                1
  -101.12384965796093        105.55082746351451        141.97162254970161        34.800400000007357        156.65284923001894        1.0000000000000000        1419.0000000000000                1
  -56.056395206947478        104.81971060197866        118.80472763125171       -3.8635999999823980        155.56776498926024        1.0000000000000000        1191.0000000000000                1
  -44.130059182533657        88.907493082252842        99.061175198151673       -6.2359999999753200        131.95170937004193        1.0000000000000000        1456.0000000000000                1
  -14.035954648900500        94.375777187691426        88.749794340009856       -35.032399999996414        140.06744191427316        1.0000000000000000        1231.0000000000000                1
  -33.789557854133690        75.972421431814482        82.688824004702269       -8.7235999999975320        112.75417319027068        1.0000000000000000        1432.0000000000000                1
  -15.062250167615495        69.174975260213046        67.438408583820149       -21.543199999985518        102.66576994551990        1.0000000000000000        1611.0000000000000                1
  -32.343377077171382        45.185965639880351        55.303882095256526        5.4171999999962281        67.062574806851273        1.0000000000000000        1457.0000000000000                1
   23.807822588123472       -163.01554214714358       -153.07950588739484        60.889599999994971       -241.93888157772653        1.0000000000000000        1067.0000000000000                1
   82.629278159879490       -152.90128748942467       -173.73103518764782        4.8916000000026543       -226.92784994448479        1.0000000000000000        1153.0000000000000                1
   109.38731156333206       -163.83795756196258       -196.58148668310318       -12.813200000004144       -243.15946621053405        1.0000000000000000        1328.0000000000000                1
   216.25957195676722       -183.82853138127570       -267.32996539070808       -95.372000000003027       -272.82839843772013        1.0000000000000000        1370.0000000000000                1
   161.71229378135587       -225.18507537189004       -275.87213983832345       -27.454400000016904       -334.20755202773631        1.0000000000000000        1493.0000000000000                1
   73.203903164912930       -209.61285503722902       -218.13200298057504        41.410000000003492       -311.09610190570368        1.0000000000000000        1185.0000000000000                1
   51.341192793065431       -18.212748360498608       -41.443300572076900       -35.356400000018766       -27.030379500981930        1.0000000000000000        1521.0000000000000                1
   1.3837056561228565       -77.311041688299014       -67.645175593147627        37.457200000004377       -114.74088122709594        1.0000000000000000        1095.0000000000000                1
  -42.091860510272141       -13.910761498731251        8.9988598422389128        43.408000000024913       -20.645602465681890        1.0000000000000000        1414.0000000000000                1
  -31.535383902770601       -60.354310387405818       -36.500670061293171        57.487599999993108       -89.574614550210171        1.0000000000000000        1020.0000000000000                1
   64.108713710647777       0.49005622486778933       -31.629958510360204       -55.764800000004470       0.72731503630307881        1.0000000000000000        1184.0000000000000                1
   81.298178804527751       -14.976567826958238       -53.619180462471128       -62.918000000005122       -22.227414774087105        1.0000000000000000        1505.0000000000000                1
   46.124190026698649       -48.287032361195088       -64.879891589741860       -15.801200000016252       -71.665010895893474        1.0000000000000000        1211.0000000000000                1
  -99.717278622411598        36.478581065451699        81.450019922526494        68.118400000006659        54.139543924907045        1.0000000000000000        1035.0000000000000                1
  -103.08399665737124        22.509908670195870        71.036154546717270        78.018400000000838        33.407993227837053        1.0000000000000000        1214.0000000000000                1
  -423.80628783060126       -202.36919656540687        36.646305954900122        468.21160000000964       -300.34545441454736        1.0000000000000000        1334.0000000000000                1
   102.28913523007878        92.334821699971485        28.819725157022269       -134.75239999999758        137.03836578113257        1.0000000000000000        1353.0000000000000                1
   176.40205415249045        22.820293143304191       -68.438082124713787       -164.17879999999423        33.868649133978423        1.0000000000000000        1387.0000000000000                1
   249.92149596706466        39.207289605745586       -91.006251703034707       -236.04200000001583        58.189346070731837        1.0000000000000000        1281.0000000000000                1
   183.15389144815154       -4.5126291400800795       -95.485004923253385       -156.35959999999614       -6.6974009517482251        1.0000000000000000        1393.0000000000000                1
   181.61407418081126       -20.335186164660300       -108.41783186530293       -147.11479999998119       -30.180387296518763        1.0000000000000000        1072.0000000000000                1
  -5.1120505409235557       -20.347267419943442       -15.065224099466263        14.600799999985611       -30.198317644464485        1.0000000000000000        1254.0000000000000                1
 -0.56362817361195816       -26.986965081051604       -23.089582036737500        13.981599999999162       -40.052599052140089        1.0000000000000000        1391.0000000000000                1
  -23.854370385198433       -11.903819572179097        1.6181765949997484        26.610400000005029       -17.667007426791706        1.0000000000000000        1151.0000000000000                1
   4.9454621828844552        39.395005257293924        31.644342302272214       -23.980400000000373        58.467943523416722        1.0000000000000000        1654.0000000000000                1
   24.808895765189554        6.1497336984962496       -7.0786236161566531       -24.559999999997672        9.1271033020400214        1.0000000000000000        1127.0000000000000                1
   6.9370725530629418        19.767036780232814        13.650218565837802       -15.891199999983655        29.337170601797805        1.0000000000000000        1420.0000000000000                1
   13.209544681026692       -32.000398605060134       -34.317929632082659        4.5603999999875668       -47.493266878573820        1.0000000000000000        1334.0000000000000                1
   15.361711220774588        18.394335429968812        8.2491046865541460       -22.500800000008894        27.299881242459701        1.0000000000000000        1280.0000000000000                1
   38.967500485408969       -18.150485696942020       -35.202532837302286       -24.671600000001490       -26.937972611512865        1.0000000000000000        1200.0000000000000                1
   26.894531833382921       -9.3858924105238977       -21.575687933397813       -18.598400000017136       -13.930035642621782        1.0000000000000000        1253.0000000000000                1
   6.1464746547389630       -16.346804435981021       -17.229984788779493        2.8503999999957159       -24.261046097317578        1.0000000000000000        1253.0000000000000                1
  0.58409977269605751        12.050708525507192        10.144169276681371       -6.5311999999976251        17.885012094421764        1.0000000000000000        1373.0000000000000                1
  0.26459964191214169        31.259297294949334        26.939044358836128       -15.858799999987241        46.393364257373747        1.0000000000000000        1741.0000000000000                1
   28.795221709705238       -10.935583544987251       -23.868104776304431       -19.469600000011269       -16.230003700419342        1.0000000000000000        1250.0000000000000                1
   9.3248344033752666       -50.428681777662618       -48.334934892766910        17.138800000015181       -74.843531530963020        1.0000000000000000        1214.0000000000000                1
   33.795805808907161        13.040749091556851       -5.6042849407130841       -35.788399999990361        19.354376942163867        1.0000000000000000        1510.0000000000000                1
   15.914729937244022        26.177278290539903        14.712821196589964       -26.871199999994133        38.850905557492574        1.0000000000000000        1313.0000000000000                1
   20.117261765400812        7.8174816009083656       -3.2884944358149917       -21.330799999996088        11.602284851900952        1.0000000000000000        1588.0000000000000                1
  -7.7158475334251735        22.725837308314460        23.539075535332390       -4.6808000000019092        33.728462874589255        1.0000000000000000        1254.0000000000000                1
   6.2350716895596117       -16.399458989350094       -17.319883488556613        2.7999999999883585       -24.339193147496324        1.0000000000000000        1446.0000000000000                1
  -12.054929695347992       -17.660248815030293       -9.2667579674032119        19.269999999989523       -26.210389453762076        1.0000000000000000        1507.0000000000000                1
   174.76689262832187       -39.068318806565841       -121.21760873178117       -131.81840000001830       -57.983093100722627        1.0000000000000000        1442.0000000000000                1
