0.971880521912
0.332928539387
0.95821943323
0.99996294346
0.468352739258
0.976823084274
0.649235660094
0.918055214245
0.54545257738
0.999127220954
0.999860550387
0.994656056794
0.999999024828
0.991460417764
0.716039630995
0.536755309812
0.976769449808
0.999997074484
0.796542819808
0.999508513253
0.730961129639
0.786414682191
0.763940085425
0.641212724046
0.409661420241
1.0
0.999998049656
0.624043161118
0.945875021941
0.999924911747
0.997104713982
0.956970920367
0.923665574474
0.909837048739
0.364799797164
0.32929104987
0.628615255593
0.954709301192
0.835514013223
0.607052444756
0.69300538295
0.5
0.828102802645
0.390801103895
0.790506504398
0.789864451076
0.790522984807
0.814476625124
0.544419382521
0.785021551304
0.639831977844
0.998677666608
0.66926589043
0.999216936789
0.834510268562
0.41133042732
0.674377060051
0.346649016051
0.333634368966
0.531508201198
0.340641663254
0.447435882433
0.403234548398
0.749480428296
0.428443527783
0.573134690773
0.992975835235
0.843033955493
0.629478380434
0.717816102042
0.589881614105
0.785858151464
0.832110760049
0.865340432586
0.8974328594
0.479084898485
0.914468433679
0.948598287598
0.5
0.997454800772
0.999716224914
0.999998049656
0.999575800129
0.999284223665
0.673035613286
0.611741072299
0.712925126285
0.613971681002
0.722410918027
0.686031634584
0.482867298578
0.711013106313
0.653078715893
0.66786934644
0.668043024594
0.749803112749
0.594253895813
0.658780449749
0.465849277397
0.761255826653
0.701160649855
0.722954966552
0.57009897997
0.668043024594
0.695869658495
0.998241764671
