 137.9209  60.0265    36.66   -28.81   984.00     0.73     0.04     0.63    21.00     1.00    21.00    -8.81     0.00
 137.9209  60.0265    36.66   -28.81   984.00     0.73     0.04     0.63    21.00     1.00    21.00    -8.81     0.00
 137.9209  60.0265    36.66   -28.81   984.00     0.73     0.04     0.63    21.00     1.00    21.00    -8.81     0.00
 137.9209  60.0265    36.66   -28.81   984.00     0.73     0.04     0.63     5.00     1.00    21.00    -8.81     0.00
 137.9087  60.0142    82.37    -9.85  1729.00     0.96     1.00     0.50    32.00     1.00    32.00   -14.60     0.00
 137.9087  60.0142    82.37    -9.85  1729.00     0.96     1.00     0.50    32.00     1.00    32.00   -14.60     0.00
 137.9087  60.0142    82.37    -9.85  1729.00     0.96     1.00     0.50    32.00     1.00    32.00   -14.60     0.00
 137.9087  60.0142    82.37    -9.85  1729.00     0.96     1.00     0.50     5.00     1.00    32.00   -14.60     0.00
 137.8997  60.0189    66.57     7.42  1005.00     0.91     0.11     0.73    34.00     1.00    34.00    -8.17     0.00
 137.8997  60.0189    66.57     7.42  1005.00     0.91     0.11     0.73    34.00     1.00    34.00    -8.17     0.00
 137.8997  60.0189    66.57     7.42  1005.00     0.91     0.11     0.73     5.00     1.00    34.00    -8.17     0.00
 137.8997  60.0189    66.57     7.42  1005.00     0.91     0.11     0.73     5.00     1.00    34.00    -8.17     0.00
 137.9149  60.0496   -45.34   -12.66  1581.00     0.79     0.32     0.57    45.00     1.00    45.00    -5.88     0.00
 137.9149  60.0496   -45.34   -12.66  1581.00     0.79     0.32     0.57    45.00     1.00    45.00    -5.88     0.00
 137.9149  60.0496   -45.34   -12.66  1581.00     0.79     0.32     0.57    45.00     1.00    45.00    -5.88     0.00
 137.9149  60.0496   -45.34   -12.66  1581.00     0.79     0.32     0.57    45.00     1.00    45.00    -5.88     0.00
 137.9161  60.0496   -45.50   -14.72  1534.00     0.79     0.51     0.62    46.00     1.00    46.00    -5.43     0.00
 137.9161  60.0496   -45.50   -14.72  1534.00     0.79     0.51     0.62    46.00     1.00    46.00    -5.43     0.00
 137.9161  60.0496   -45.50   -14.72  1534.00     0.79     0.51     0.62    46.00     1.00    46.00    -5.43     0.00
 137.9161  60.0496   -45.50   -14.72  1534.00     0.79     0.51     0.62    46.00     1.00    46.00    -5.43     0.00
 137.9075  60.0495   -44.33     0.71  1366.00     0.79     0.98     0.53    47.00     1.00    47.00    -4.77     0.00
 137.9075  60.0495   -44.33     0.71  1366.00     0.79     0.98     0.53    47.00     1.00    47.00    -4.77     0.00
 137.9075  60.0495   -44.33     0.71  1366.00     0.79     0.98     0.53    47.00     1.00    47.00    -4.77     0.00
 137.9075  60.0495   -44.33     0.71  1366.00     0.79     0.98     0.53    47.00     1.00    47.00    -4.77     0.00
 137.9059  60.0258    41.10    -2.05  1347.00     0.79     0.98     0.69    50.00     1.00    50.00    -4.80     0.00
 137.9059  60.0258    41.10    -2.05  1347.00     0.79     0.98     0.69    50.00     1.00    50.00    -4.80     0.00
 137.9059  60.0258    41.10    -2.05  1347.00     0.79     0.98     0.69    50.00     1.00    50.00    -4.80     0.00
 137.9059  60.0258    41.10    -2.05  1347.00     0.79     0.98     0.69    50.00     1.00    50.00    -4.80     0.00
 137.8832  60.0274    37.99    39.04  1521.00     0.72     0.83     0.64    70.00     1.00    70.00    -6.65     0.00
 137.8832  60.0274    37.99    39.04  1521.00     0.72     0.83     0.64    70.00     1.00    70.00    -6.65     0.00
 137.8832  60.0274    37.99    39.04  1521.00     0.72     0.83     0.64    70.00     1.00    70.00    -6.65     0.00
 137.8832  60.0274    37.99    39.04  1521.00     0.72     0.83     0.64    70.00     1.00    70.00    -6.65     0.00
 137.9113  60.0493   -43.90    -6.14  1414.00     0.79     0.92     0.78    72.00     1.00    72.00    -4.72     0.00
 137.9113  60.0493   -43.90    -6.14  1414.00     0.79     0.92     0.78    72.00     1.00    72.00    -4.72     0.00
 137.9113  60.0493   -43.90    -6.14  1414.00     0.79     0.92     0.78    72.00     1.00    72.00    -4.72     0.00
 137.9113  60.0493   -43.90    -6.14  1414.00     0.79     0.92     0.78    72.00     1.00    72.00    -4.72     0.00
 137.8887  60.0217    57.71    27.92  1184.00     0.87     0.69     0.36    74.00     1.00    74.00    -5.51     0.00
 137.8887  60.0217    57.71    27.92  1184.00     0.87     0.69     0.36    74.00     1.00    74.00    -5.51     0.00
 137.8887  60.0217    57.71    27.92  1184.00     0.87     0.69     0.36    74.00     1.00    74.00    -5.51     0.00
 137.8887  60.0217    57.71    27.92  1184.00     0.87     0.69     0.36    74.00     1.00    74.00    -5.51     0.00
 137.8979  60.0413   -13.58    15.99  1254.00     0.67     0.79     0.61    85.00     1.00    85.00    -5.43     0.00
 137.8979  60.0413   -13.58    15.99  1254.00     0.67     0.79     0.61    85.00     1.00    85.00    -5.43     0.00
 137.8979  60.0413   -13.58    15.99  1254.00     0.67     0.79     0.61    85.00     1.00    85.00    -5.43     0.00
 137.8979  60.0413   -13.58    15.99  1254.00     0.67     0.79     0.61    85.00     1.00    85.00    -5.43     0.00
 137.8934  60.0411   -12.44    23.95  1391.00     0.61     0.66     1.12    86.00     1.00    86.00    -4.65     0.00
 137.8934  60.0411   -12.44    23.95  1391.00     0.61     0.66     1.12    86.00     1.00    86.00    -4.65     0.00
 137.8934  60.0411   -12.44    23.95  1391.00     0.61     0.66     1.12    86.00     1.00    86.00    -4.65     0.00
 137.8934  60.0411   -12.44    23.95  1391.00     0.61     0.66     1.12    86.00     1.00    86.00    -4.65     0.00
 137.9072  60.0446   -26.66     0.13  1151.00     0.71     1.00     0.43    87.00     1.00    87.00    -8.25     0.00
 137.9072  60.0446   -26.66     0.13  1151.00     0.71     1.00     0.43    87.00     1.00    87.00    -8.25     0.00
 137.9072  60.0446   -26.66     0.13  1151.00     0.71     1.00     0.43    87.00     1.00    87.00    -8.25     0.00
 137.9072  60.0446   -26.66     0.13  1151.00     0.71     1.00     0.43     5.00     1.00    87.00    -8.25     0.00
 137.9238  60.0306    21.86   -33.14  1654.00     0.61     0.43     0.67    88.00     1.00    88.00    -9.91     0.00
 137.9238  60.0306    21.86   -33.14  1654.00     0.61     0.43     0.67    88.00     1.00    88.00    -9.91     0.00
 137.9238  60.0306    21.86   -33.14  1654.00     0.61     0.43     0.67    88.00     1.00    88.00    -9.91     0.00
 137.9238  60.0306    21.86   -33.14  1654.00     0.61     0.43     0.67     5.00     1.00    88.00    -9.91     0.00
 137.9023  60.0304    24.97     5.46  1127.00     0.72     0.24     0.57    89.00     1.00    89.00    -5.62     0.00
 137.9023  60.0304    24.97     5.46  1127.00     0.72     0.24     0.57    89.00     1.00    89.00    -5.62     0.00
 137.9023  60.0304    24.97     5.46  1127.00     0.72     0.24     0.57    89.00     1.00    89.00    -5.62     0.00
 137.9023  60.0304    24.97     5.46  1127.00     0.72     0.24     0.57    89.00     1.00    89.00    -5.62     0.00
 137.9138  60.0328    14.96   -14.66  1420.00     0.69     0.82     0.96    90.00     1.00    90.00    -5.10     0.00
 137.9138  60.0328    14.96   -14.66  1420.00     0.69     0.82     0.96    90.00     1.00    90.00    -5.10     0.00
 137.9138  60.0328    14.96   -14.66  1420.00     0.69     0.82     0.96    90.00     1.00    90.00    -5.10     0.00
 137.9138  60.0328    14.96   -14.66  1420.00     0.69     0.82     0.96    90.00     1.00    90.00    -5.10     0.00
 137.8872  60.0385    -2.31    34.54  1334.00     0.48     0.55     0.94    91.00     1.00    91.00    -4.67     0.00
 137.8872  60.0385    -2.31    34.54  1334.00     0.48     0.55     0.94    91.00     1.00    91.00    -4.67     0.00
 137.8872  60.0385    -2.31    34.54  1334.00     0.48     0.55     0.94    91.00     1.00    91.00    -4.67     0.00
 137.8872  60.0385    -2.31    34.54  1334.00     0.48     0.55     0.94    91.00     1.00    91.00    -4.67     0.00
 137.9108  60.0310    21.91    -9.70  1280.00     0.71     0.76     0.51    92.00     1.00    92.00    -4.72     0.00
 137.9108  60.0310    21.91    -9.70  1280.00     0.71     0.76     0.51    92.00     1.00    92.00    -4.72     0.00
 137.9108  60.0310    21.91    -9.70  1280.00     0.71     0.76     0.51    92.00     1.00    92.00    -4.72     0.00
 137.9108  60.0310    21.91    -9.70  1280.00     0.71     0.76     0.51    92.00     1.00    92.00    -4.72     0.00
 137.8867  60.0304    26.92    33.51  1200.00     0.65     0.49     1.17    93.00     1.00    93.00    -5.39     0.00
 137.8867  60.0304    26.92    33.51  1200.00     0.65     0.49     1.17    93.00     1.00    93.00    -5.39     0.00
 137.8867  60.0304    26.92    33.51  1200.00     0.65     0.49     1.17    93.00     1.00    93.00    -5.39     0.00
 137.8867  60.0304    26.92    33.51  1200.00     0.65     0.49     1.17    93.00     1.00    93.00    -5.39     0.00
 137.8942  60.0321    19.97    20.31  1253.00     0.67     0.62     0.51    94.00     1.00    94.00    -4.88     0.00
 137.8942  60.0321    19.97    20.31  1253.00     0.67     0.62     0.51    94.00     1.00    94.00    -4.88     0.00
 137.8942  60.0321    19.97    20.31  1253.00     0.67     0.62     0.51    94.00     1.00    94.00    -4.88     0.00
 137.8942  60.0321    19.97    20.31  1253.00     0.67     0.62     0.51    94.00     1.00    94.00    -4.88     0.00
 137.8967  60.0380    -1.72    17.38  1253.00     0.67     0.68     0.87    95.00     1.00    95.00    -5.15     0.00
 137.8967  60.0380    -1.72    17.38  1253.00     0.67     0.68     0.87    95.00     1.00    95.00    -5.15     0.00
 137.8967  60.0380    -1.72    17.38  1253.00     0.67     0.68     0.87    95.00     1.00    95.00    -5.15     0.00
 137.8967  60.0380    -1.72    17.38  1253.00     0.67     0.68     0.87    95.00     1.00    95.00    -5.15     0.00
 137.9119  60.0354     5.85   -10.55  1373.00     0.75     0.81     0.62    96.00     1.00    96.00    -4.65     0.00
 137.9119  60.0354     5.85   -10.55  1373.00     0.75     0.81     0.62    96.00     1.00    96.00    -4.65     0.00
 137.9119  60.0354     5.85   -10.55  1373.00     0.75     0.81     0.62    96.00     1.00    96.00    -4.65     0.00
 137.9119  60.0354     5.85   -10.55  1373.00     0.75     0.81     0.62    96.00     1.00    96.00    -4.65     0.00
 137.9212  60.0328    14.06   -27.92  1741.00     0.59     0.13     0.87    97.00     1.00    97.00   -12.31     0.00
 137.9212  60.0328    14.06   -27.92  1741.00     0.59     0.13     0.87    97.00     1.00    97.00   -12.31     0.00
 137.9212  60.0328    14.06   -27.92  1741.00     0.59     0.13     0.87    97.00     1.00    97.00   -12.31     0.00
 137.9212  60.0328    14.06   -27.92  1741.00     0.59     0.13     0.87     5.00     1.00    97.00   -12.31     0.00
 137.8930  60.0318    20.99    22.54  1250.00     0.66     0.61     0.92    98.00     1.00    98.00    -4.90     0.00
 137.8930  60.0318    20.99    22.54  1250.00     0.66     0.61     0.92    98.00     1.00    98.00    -4.90     0.00
 137.8930  60.0318    20.99    22.54  1250.00     0.66     0.61     0.92    98.00     1.00    98.00    -4.90     0.00
 137.8930  60.0318    20.99    22.54  1250.00     0.66     0.61     0.92    98.00     1.00    98.00    -4.90     0.00
 137.9031  60.0273    36.08     3.25  1510.00     0.76     1.00     1.05   100.00     1.00   100.00    -7.01     0.00
 137.9031  60.0273    36.08     3.25  1510.00     0.76     1.00     1.05   100.00     1.00   100.00    -7.01     0.00
 137.9031  60.0273    36.08     3.25  1510.00     0.76     1.00     1.05   100.00     1.00   100.00    -7.01     0.00
 137.9031  60.0273    36.08     3.25  1510.00     0.76     1.00     1.05   100.00     1.00   100.00    -7.01     0.00
 137.9144  60.0298    25.85   -16.44  1313.00     0.70     0.78     0.61   101.00     1.00   101.00    -4.65     0.00
 137.9144  60.0298    25.85   -16.44  1313.00     0.70     0.78     0.61   101.00     1.00   101.00    -4.65     0.00
 137.9144  60.0298    25.85   -16.44  1313.00     0.70     0.78     0.61   101.00     1.00   101.00    -4.65     0.00
 137.9144  60.0298    25.85   -16.44  1313.00     0.70     0.78     0.61   101.00     1.00   101.00    -4.65     0.00
 137.9044  60.0313    21.50     1.89  1588.00     0.72     1.00     0.79   102.00     1.00   102.00    -9.21     0.00
 137.9044  60.0313    21.50     1.89  1588.00     0.72     1.00     0.79   102.00     1.00   102.00    -9.21     0.00
 137.9044  60.0313    21.50     1.89  1588.00     0.72     1.00     0.79   102.00     1.00   102.00    -9.21     0.00
 137.9044  60.0313    21.50     1.89  1588.00     0.72     1.00     0.79     5.00     1.00   102.00    -9.21     0.00
 137.9193  60.0359     3.13   -23.79  1254.00     0.57     0.56     0.72   103.00     1.00   103.00    -5.06     0.00
 137.9193  60.0359     3.13   -23.79  1254.00     0.57     0.56     0.72   103.00     1.00   103.00    -5.06     0.00
 137.9193  60.0359     3.13   -23.79  1254.00     0.57     0.56     0.72   103.00     1.00   103.00    -5.06     0.00
 137.9193  60.0359     3.13   -23.79  1254.00     0.57     0.56     0.72   103.00     1.00   103.00    -5.06     0.00
 137.8966  60.0380    -1.66    17.47  1446.00     0.67     0.67     0.87   104.00     1.00   104.00    -5.02     0.00
 137.8966  60.0380    -1.66    17.47  1446.00     0.67     0.67     0.87   104.00     1.00   104.00    -5.02     0.00
 137.8966  60.0380    -1.66    17.47  1446.00     0.67     0.67     0.87   104.00     1.00   104.00    -5.02     0.00
 137.8966  60.0380    -1.66    17.47  1446.00     0.67     0.67     0.87   104.00     1.00   104.00    -5.02     0.00
 137.9011  60.0426   -18.62    10.51  1507.00     0.70     0.50     0.89   105.00     1.00   105.00    -5.20     0.00
 137.9011  60.0426   -18.62    10.51  1507.00     0.70     0.50     0.89   105.00     1.00   105.00    -5.20     0.00
 137.9011  60.0426   -18.62    10.51  1507.00     0.70     0.50     0.89   105.00     1.00   105.00    -5.20     0.00
 137.9011  60.0426   -18.62    10.51  1507.00     0.70     0.50     0.89   105.00     1.00   105.00    -5.20     0.00
 137.9032  60.0711  -121.51    13.43  1194.00     0.99     1.00     0.64    12.00     2.00    12.00    -6.16     0.00
 137.9032  60.0711  -121.51    13.43  1194.00     0.99     1.00     0.64    12.00     2.00    12.00    -6.16     0.00
 137.9032  60.0711  -121.51    13.43  1194.00     0.99     1.00     0.64    12.00     2.00    12.00    -6.16     0.00
 137.9032  60.0711  -121.51    13.43  1194.00     0.99     1.00     0.64    12.00     2.00    12.00    -6.16     0.00
 137.8780  60.0247    48.46    47.75  1228.00     0.79     0.72     0.45    22.00     2.00    22.00    -5.10     0.00
 137.8780  60.0247    48.46    47.75  1228.00     0.79     0.72     0.45    22.00     2.00    22.00    -5.10     0.00
 137.8780  60.0247    48.46    47.75  1228.00     0.79     0.72     0.45    22.00     2.00    22.00    -5.10     0.00
 137.8780  60.0247    48.46    47.75  1228.00     0.79     0.72     0.45    22.00     2.00    22.00    -5.10     0.00
 137.8727  60.0354    10.52    59.78  1072.00     0.41     0.37     0.48    25.00     2.00    25.00    -7.25     0.00
 137.8727  60.0354    10.52    59.78  1072.00     0.41     0.37     0.48     5.00     2.00    25.00    -7.25     0.00
 137.8727  60.0354    10.52    59.78  1072.00     0.41     0.37     0.48     5.00     2.00    25.00    -7.25     0.00
 137.8727  60.0354    10.52    59.78  1072.00     0.41     0.37     0.48     5.00     2.00    25.00    -7.25     0.00
 137.8885  60.0599   -79.26    37.10  1386.00     0.95     0.96     0.63    29.00     2.00    29.00    -4.83     0.00
 137.8885  60.0599   -79.26    37.10  1386.00     0.95     0.96     0.63    29.00     2.00    29.00    -4.83     0.00
 137.8885  60.0599   -79.26    37.10  1386.00     0.95     0.96     0.63    29.00     2.00    29.00    -4.83     0.00
 137.8885  60.0599   -79.26    37.10  1386.00     0.95     0.96     0.63    29.00     2.00    29.00    -4.83     0.00
 137.9297  60.0163    72.54   -47.00  1166.00     0.92     0.85     1.02    33.00     2.00    33.00    -5.60     0.00
 137.9297  60.0163    72.54   -47.00  1166.00     0.92     0.85     1.02    33.00     2.00    33.00    -5.60     0.00
 137.9297  60.0163    72.54   -47.00  1166.00     0.92     0.85     1.02    33.00     2.00    33.00    -5.60     0.00
 137.9297  60.0163    72.54   -47.00  1166.00     0.92     0.85     1.02    33.00     2.00    33.00    -5.60     0.00
 137.8692  60.0366     6.74    66.39  1077.00     0.36     0.34     0.33    35.00     2.00    35.00    -7.23     0.00
 137.8692  60.0366     6.74    66.39  1077.00     0.36     0.34     0.33    35.00     2.00    35.00    -7.23     0.00
 137.8692  60.0366     6.74    66.39  1077.00     0.36     0.34     0.33    35.00     2.00    35.00    -7.23     0.00
 137.8692  60.0366     6.74    66.39  1077.00     0.36     0.34     0.33    35.00     2.00    35.00    -7.23     0.00
 137.8765  60.0449   -24.02    55.14  1404.00     0.54     0.53    -0.44    49.00     2.00    49.00    -4.84     0.00
 137.8765  60.0449   -24.02    55.14  1404.00     0.54     0.53    -0.44    49.00     2.00    49.00    -4.84     0.00
 137.8765  60.0449   -24.02    55.14  1404.00     0.54     0.53    -0.44    49.00     2.00    49.00    -4.84     0.00
 137.8765  60.0449   -24.02    55.14  1404.00     0.54     0.53    -0.44    49.00     2.00    49.00    -4.84     0.00
 137.9438  60.0312    17.09   -68.70  1611.00     0.45     0.54     0.62    62.00     2.00    62.00    -7.28     0.00
 137.9438  60.0312    17.09   -68.70  1611.00     0.45     0.54     0.62    62.00     2.00    62.00    -7.28     0.00
 137.9438  60.0312    17.09   -68.70  1611.00     0.45     0.54     0.62    62.00     2.00    62.00    -7.28     0.00
 137.9438  60.0312    17.09   -68.70  1611.00     0.45     0.54     0.62    62.00     2.00    62.00    -7.28     0.00
 137.9370  60.0387    -9.02   -54.83  1457.00     0.40     0.39     0.61    63.00     2.00    63.00    -5.10     0.00
 137.9370  60.0387    -9.02   -54.83  1457.00     0.40     0.39     0.61    63.00     2.00    63.00    -5.10     0.00
 137.9370  60.0387    -9.02   -54.83  1457.00     0.40     0.39     0.61    63.00     2.00    63.00    -5.10     0.00
 137.9370  60.0387    -9.02   -54.83  1457.00     0.40     0.39     0.61    63.00     2.00    63.00    -5.10     0.00
 137.8859  60.0532   -54.98    40.18  1020.00     0.83     0.99     0.50    73.00     2.00    73.00    -9.18     0.00
 137.8859  60.0532   -54.98    40.18  1020.00     0.83     0.99     0.50    73.00     2.00    73.00    -9.18     0.00
 137.8859  60.0532   -54.98    40.18  1020.00     0.83     0.99     0.50    73.00     2.00    73.00    -9.18     0.00
 137.8859  60.0532   -54.98    40.18  1020.00     0.83     0.99     0.50     5.00     2.00    73.00    -9.18     0.00
 137.8764  60.0197    66.29    49.39  1505.00     0.90     0.97     0.59    75.00     2.00    75.00    -5.90     0.00
 137.8764  60.0197    66.29    49.39  1505.00     0.90     0.97     0.59    75.00     2.00    75.00    -5.90     0.00
 137.8764  60.0197    66.29    49.39  1505.00     0.90     0.97     0.59    75.00     2.00    75.00    -5.90     0.00
 137.8764  60.0197    66.29    49.39  1505.00     0.90     0.97     0.59    75.00     2.00    75.00    -5.90     0.00
 137.8702  60.0328    20.01    63.71  1211.00     0.48     0.43     0.70    76.00     2.00    76.00    -5.32     0.00
 137.8702  60.0328    20.01    63.71  1211.00     0.48     0.43     0.70    76.00     2.00    76.00    -5.32     0.00
 137.8702  60.0328    20.01    63.71  1211.00     0.48     0.43     0.70    76.00     2.00    76.00    -5.32     0.00
 137.8702  60.0328    20.01    63.71  1211.00     0.48     0.43     0.70    76.00     2.00    76.00    -5.32     0.00
 137.8794  60.0420   -13.94    49.35  1214.00     0.47     0.52     1.12    99.00     2.00    99.00    -5.61     0.00
 137.8794  60.0420   -13.94    49.35  1214.00     0.47     0.52     1.12    99.00     2.00    99.00    -5.61     0.00
 137.8794  60.0420   -13.94    49.35  1214.00     0.47     0.52     1.12    99.00     2.00    99.00    -5.61     0.00
 137.8794  60.0420   -13.94    49.35  1214.00     0.47     0.52     1.12    99.00     2.00    99.00    -5.61     0.00
 137.9498  60.0120    85.40   -84.06  1088.00     0.96     0.95     0.36     3.00     3.00     3.00    -7.14     0.00
 137.9498  60.0120    85.40   -84.06  1088.00     0.96     0.95     0.36     3.00     3.00     3.00    -7.14     0.00
 137.9498  60.0120    85.40   -84.06  1088.00     0.96     0.95     0.36     5.00     3.00     3.00    -7.14     0.00
 137.9498  60.0120    85.40   -84.06  1088.00     0.96     0.95     0.36     5.00     3.00     3.00    -7.14     0.00
 137.9121  59.9871   179.33   -22.31  1566.00     1.00     1.00     0.35     5.00     3.00    11.00    -9.00     0.00
 137.9121  59.9871   179.33   -22.31  1566.00     1.00     1.00     0.35     5.00     3.00    11.00    -9.00     0.00
 137.9121  59.9871   179.33   -22.31  1566.00     1.00     1.00     0.35     5.00     3.00    11.00    -9.00     0.00
 137.9121  59.9871   179.33   -22.31  1566.00     1.00     1.00     0.35     5.00     3.00    11.00    -9.00     0.00
 137.9544  60.0629   -97.94   -80.36  1138.00     0.98     1.00     0.53     5.00     3.00    17.00    -7.90     0.00
 137.9544  60.0629   -97.94   -80.36  1138.00     0.98     1.00     0.53     5.00     3.00    17.00    -7.90     0.00
 137.9544  60.0629   -97.94   -80.36  1138.00     0.98     1.00     0.53     5.00     3.00    17.00    -7.90     0.00
 137.9544  60.0629   -97.94   -80.36  1138.00     0.98     1.00     0.53     5.00     3.00    17.00    -7.90     0.00
 137.9552  60.0253    36.90   -90.65  1300.00     0.62     0.53     0.44    28.00     3.00    28.00    -4.51     0.00
 137.9552  60.0253    36.90   -90.65  1300.00     0.62     0.53     0.44    28.00     3.00    28.00    -4.51     0.00
 137.9552  60.0253    36.90   -90.65  1300.00     0.62     0.53     0.44    28.00     3.00    28.00    -4.51     0.00
 137.9552  60.0253    36.90   -90.65  1300.00     0.62     0.53     0.44    28.00     3.00    28.00    -4.51     0.00
 137.9469  60.0522   -58.50   -69.39  1534.00     0.84     0.73     0.63    39.00     3.00    39.00    -5.57     0.00
 137.9469  60.0522   -58.50   -69.39  1534.00     0.84     0.73     0.63    39.00     3.00    39.00    -5.57     0.00
 137.9469  60.0522   -58.50   -69.39  1534.00     0.84     0.73     0.63    39.00     3.00    39.00    -5.57     0.00
 137.9469  60.0522   -58.50   -69.39  1534.00     0.84     0.73     0.63    39.00     3.00    39.00    -5.57     0.00
 137.8654  60.0228    56.65    69.96  1145.00     0.83     0.76     0.77    43.00     3.00    43.00    -6.07     0.00
 137.8654  60.0228    56.65    69.96  1145.00     0.83     0.76     0.77    43.00     3.00    43.00    -6.07     0.00
 137.8654  60.0228    56.65    69.96  1145.00     0.83     0.76     0.77    43.00     3.00    43.00    -6.07     0.00
 137.8654  60.0228    56.65    69.96  1145.00     0.83     0.76     0.77    43.00     3.00    43.00    -6.07     0.00
 137.8618  60.0426   -14.25    81.05  1494.00     0.39     0.44     0.32    44.00     3.00    44.00    -5.60     0.00
 137.8618  60.0426   -14.25    81.05  1494.00     0.39     0.44     0.32    44.00     3.00    44.00    -5.60     0.00
 137.8618  60.0426   -14.25    81.05  1494.00     0.39     0.44     0.32    44.00     3.00    44.00    -5.60     0.00
 137.8618  60.0426   -14.25    81.05  1494.00     0.39     0.44     0.32    44.00     3.00    44.00    -5.60     0.00
 137.8578  60.0547   -56.93    90.99  1407.00     0.81     0.75     0.28    48.00     3.00    48.00    -4.58     0.00
 137.8578  60.0547   -56.93    90.99  1407.00     0.81     0.75     0.28    48.00     3.00    48.00    -4.58     0.00
 137.8578  60.0547   -56.93    90.99  1407.00     0.81     0.75     0.28    48.00     3.00    48.00    -4.58     0.00
 137.8578  60.0547   -56.93    90.99  1407.00     0.81     0.75     0.28    48.00     3.00    48.00    -4.58     0.00
 137.9556  60.0275    29.15   -90.85  1231.00     0.53     0.48     0.47    60.00     3.00    60.00    -5.09     0.00
 137.9556  60.0275    29.15   -90.85  1231.00     0.53     0.48     0.47    60.00     3.00    60.00    -5.09     0.00
 137.9556  60.0275    29.15   -90.85  1231.00     0.53     0.48     0.47    60.00     3.00    60.00    -5.09     0.00
 137.9556  60.0275    29.15   -90.85  1231.00     0.53     0.48     0.47    60.00     3.00    60.00    -5.09     0.00
 137.9522  60.0348     3.30   -83.08  1432.00     0.34     0.34     0.68    61.00     3.00    61.00    -4.94     0.00
 137.9522  60.0348     3.30   -83.08  1432.00     0.34     0.34     0.68    61.00     3.00    61.00    -4.94     0.00
 137.9522  60.0348     3.30   -83.08  1432.00     0.34     0.34     0.68    61.00     3.00    61.00    -4.94     0.00
 137.9522  60.0348     3.30   -83.08  1432.00     0.34     0.34     0.68    61.00     3.00    61.00    -4.94     0.00
 137.8686  60.0476   -32.95    69.95  1095.00     0.59     1.00     0.47    71.00     3.00    71.00    -8.89     0.00
 137.8686  60.0476   -32.95    69.95  1095.00     0.59     1.00     0.47    71.00     3.00    71.00    -8.89     0.00
 137.8686  60.0476   -32.95    69.95  1095.00     0.59     1.00     0.47    71.00     3.00    71.00    -8.89     0.00
 137.8686  60.0476   -32.95    69.95  1095.00     0.59     1.00     0.47     5.00     3.00    71.00    -8.89     0.00
 137.9516  60.0561   -73.30   -76.82  1035.00     0.91     1.00     0.35    77.00     3.00    77.00   -10.83     0.00
 137.9516  60.0561   -73.30   -76.82  1035.00     0.91     1.00     0.35    77.00     3.00    77.00   -10.83     0.00
 137.9516  60.0561   -73.30   -76.82  1035.00     0.91     1.00     0.35    77.00     3.00    77.00   -10.83     0.00
 137.9516  60.0561   -73.30   -76.82  1035.00     0.91     1.00     0.35     5.00     3.00    77.00   -10.83     0.00
 137.9458  60.0589   -82.50   -65.78  1214.00     0.95     1.00     0.70    78.00     3.00    78.00    -6.31     0.00
 137.9458  60.0589   -82.50   -65.78  1214.00     0.95     1.00     0.70    78.00     3.00    78.00    -6.31     0.00
 137.9458  60.0589   -82.50   -65.78  1214.00     0.95     1.00     0.70    78.00     3.00    78.00    -6.31     0.00
 137.9458  60.0589   -82.50   -65.78  1214.00     0.95     1.00     0.70    78.00     3.00    78.00    -6.31     0.00
 137.9223  59.9998   132.58   -37.57  1353.00     1.00     1.00     0.78    80.00     3.00    80.00    -4.90     0.00
 137.9223  59.9998   132.58   -37.57  1353.00     1.00     1.00     0.78    80.00     3.00    80.00    -4.90     0.00
 137.9223  59.9998   132.58   -37.57  1353.00     1.00     1.00     0.78    80.00     3.00    80.00    -4.90     0.00
 137.9223  59.9998   132.58   -37.57  1353.00     1.00     1.00     0.78    80.00     3.00    80.00    -4.90     0.00
 137.8682  59.9916   168.30    57.55  1387.00     1.00     1.00     0.57    81.00     3.00    81.00    -5.16     0.00
 137.8682  59.9916   168.30    57.55  1387.00     1.00     1.00     0.57    81.00     3.00    81.00    -5.16     0.00
 137.8682  59.9916   168.30    57.55  1387.00     1.00     1.00     0.57    81.00     3.00    81.00    -5.16     0.00
 137.8682  59.9916   168.30    57.55  1387.00     1.00     1.00     0.57    81.00     3.00    81.00    -5.16     0.00
 137.7997  60.0146    93.71   185.81  1309.00     0.97     0.79     0.59     1.00     4.00     1.00    -4.69     0.00
 137.7997  60.0146    93.71   185.81  1309.00     0.97     0.79     0.59     1.00     4.00     1.00    -4.69     0.00
 137.7997  60.0146    93.71   185.81  1309.00     0.97     0.79     0.59     1.00     4.00     1.00    -4.69     0.00
 137.7997  60.0146    93.71   185.81  1309.00     0.97     0.79     0.59     1.00     4.00     1.00    -4.69     0.00
 137.8468  60.0402    -3.73   107.42  1014.00     0.33     1.00     0.44     2.00     4.00     2.00    -9.28     0.00
 137.8468  60.0402    -3.73   107.42  1014.00     0.33     1.00     0.44     2.00     4.00     2.00    -9.28     0.00
 137.8468  60.0402    -3.73   107.42  1014.00     0.33     1.00     0.44     5.00     4.00     2.00    -9.28     0.00
 137.8468  60.0402    -3.73   107.42  1014.00     0.33     1.00     0.44     5.00     4.00     2.00    -9.28     0.00
 137.8677  59.9830   199.48    56.44  1189.00     1.00     1.00     0.25     4.00     4.00     4.00    -5.00     0.00
 137.8677  59.9830   199.48    56.44  1189.00     1.00     1.00     0.25     4.00     4.00     4.00    -5.00     0.00
 137.8677  59.9830   199.48    56.44  1189.00     1.00     1.00     0.25     4.00     4.00     4.00    -5.00     0.00
 137.8677  59.9830   199.48    56.44  1189.00     1.00     1.00     0.25     4.00     4.00     4.00    -5.00     0.00
 137.8295  60.0331    23.98   136.69  1266.00     0.47     1.00     0.69     5.00     4.00     5.00    -5.82     0.00
 137.8295  60.0331    23.98   136.69  1266.00     0.47     1.00     0.69     5.00     4.00     5.00    -5.82     0.00
 137.8295  60.0331    23.98   136.69  1266.00     0.47     1.00     0.69     5.00     4.00     5.00    -5.82     0.00
 137.8295  60.0331    23.98   136.69  1266.00     0.47     1.00     0.69     5.00     4.00     5.00    -5.82     0.00
 137.8473  60.0664   -97.72   112.57  1260.00     0.98     1.00     0.45     6.00     4.00     6.00    -5.45     0.00
 137.8473  60.0664   -97.72   112.57  1260.00     0.98     1.00     0.45     6.00     4.00     6.00    -5.45     0.00
 137.8473  60.0664   -97.72   112.57  1260.00     0.98     1.00     0.45     6.00     4.00     6.00    -5.45     0.00
 137.8473  60.0664   -97.72   112.57  1260.00     0.98     1.00     0.45     6.00     4.00     6.00    -5.45     0.00
 137.7931  60.0314    34.15   201.65  1303.00     0.65     0.75     0.61     7.00     4.00     7.00    -5.08     0.00
 137.7931  60.0314    34.15   201.65  1303.00     0.65     0.75     0.61     7.00     4.00     7.00    -5.08     0.00
 137.7931  60.0314    34.15   201.65  1303.00     0.65     0.75     0.61     7.00     4.00     7.00    -5.08     0.00
 137.7931  60.0314    34.15   201.65  1303.00     0.65     0.75     0.61     7.00     4.00     7.00    -5.08     0.00
 137.6984  60.0499   -20.96   375.83  1379.00     0.92     0.77     0.47     8.00     4.00     8.00    -4.73     0.00
 137.6984  60.0499   -20.96   375.83  1379.00     0.92     0.77     0.47     8.00     4.00     8.00    -4.73     0.00
 137.6984  60.0499   -20.96   375.83  1379.00     0.92     0.77     0.47     8.00     4.00     8.00    -4.73     0.00
 137.6984  60.0499   -20.96   375.83  1379.00     0.92     0.77     0.47     8.00     4.00     8.00    -4.73     0.00
 137.9881  60.0432   -31.16  -145.43  1371.00     0.55     0.12     0.67     9.00     4.00     9.00    -3.34     0.00
 137.9881  60.0432   -31.16  -145.43  1371.00     0.55     0.12     0.67     9.00     4.00     9.00    -3.34     0.00
 137.9881  60.0432   -31.16  -145.43  1371.00     0.55     0.12     0.67     9.00     4.00     9.00    -3.34     0.00
 137.9881  60.0432   -31.16  -145.43  1371.00     0.55     0.12     0.67     9.00     4.00     9.00    -3.34     0.00
 137.7608  60.0011   146.98   252.49  1308.00     1.00     0.99     0.58    10.00     4.00    10.00    -4.89     0.00
 137.7608  60.0011   146.98   252.49  1308.00     1.00     0.99     0.58    10.00     4.00    10.00    -4.89     0.00
 137.7608  60.0011   146.98   252.49  1308.00     1.00     0.99     0.58    10.00     4.00    10.00    -4.89     0.00
 137.7608  60.0011   146.98   252.49  1308.00     1.00     0.99     0.58    10.00     4.00    10.00    -4.89     0.00
 138.0192  60.1040  -253.16  -186.93  1607.00     1.00     1.00     0.29    13.00     4.00    13.00    -5.92     0.00
 138.0192  60.1040  -253.16  -186.93  1607.00     1.00     1.00     0.29    13.00     4.00    13.00    -5.92     0.00
 138.0192  60.1040  -253.16  -186.93  1607.00     1.00     1.00     0.29    13.00     4.00    13.00    -5.92     0.00
 138.0192  60.1040  -253.16  -186.93  1607.00     1.00     1.00     0.29    13.00     4.00    13.00    -5.92     0.00
 137.9762  60.0671  -115.45  -118.55  1411.00     0.99     0.99     0.89    14.00     4.00    14.00    -4.89     0.00
 137.9762  60.0671  -115.45  -118.55  1411.00     0.99     0.99     0.89    14.00     4.00    14.00    -4.89     0.00
 137.9762  60.0671  -115.45  -118.55  1411.00     0.99     0.99     0.89    14.00     4.00    14.00    -4.89     0.00
 137.9762  60.0671  -115.45  -118.55  1411.00     0.99     0.99     0.89    14.00     4.00    14.00    -4.89     0.00
 137.9626  60.0487   -48.03   -98.33  1542.00     0.72     1.00     0.57    15.00     4.00    15.00    -5.97     0.00
 137.9626  60.0487   -48.03   -98.33  1542.00     0.72     1.00     0.57    15.00     4.00    15.00    -5.97     0.00
 137.9626  60.0487   -48.03   -98.33  1542.00     0.72     1.00     0.57    15.00     4.00    15.00    -5.97     0.00
 137.9626  60.0487   -48.03   -98.33  1542.00     0.72     1.00     0.57    15.00     4.00    15.00    -5.97     0.00
 137.9616  60.0442   -31.53   -97.63  1535.00     0.54     1.00     0.92    16.00     4.00    16.00    -6.28     0.00
 137.9616  60.0442   -31.53   -97.63  1535.00     0.54     1.00     0.92    16.00     4.00    16.00    -6.28     0.00
 137.9616  60.0442   -31.53   -97.63  1535.00     0.54     1.00     0.92    16.00     4.00    16.00    -6.28     0.00
 137.9616  60.0442   -31.53   -97.63  1535.00     0.54     1.00     0.92    16.00     4.00    16.00    -6.28     0.00
 137.9544  60.1015  -236.46   -71.26  1283.00     1.00     1.00     0.49    18.00     4.00    18.00    -5.72     0.00
 137.9544  60.1015  -236.46   -71.26  1283.00     1.00     1.00     0.49    18.00     4.00    18.00    -5.72     0.00
 137.9544  60.1015  -236.46   -71.26  1283.00     1.00     1.00     0.49    18.00     4.00    18.00    -5.72     0.00
 137.9544  60.1015  -236.46   -71.26  1283.00     1.00     1.00     0.49    18.00     4.00    18.00    -5.72     0.00
 137.7829  60.0276    49.14   219.00  1198.00     0.80     1.00     0.49    19.00     4.00    19.00    -5.69     0.00
 137.7829  60.0276    49.14   219.00  1198.00     0.80     1.00     0.49    19.00     4.00    19.00    -5.69     0.00
 137.7829  60.0276    49.14   219.00  1198.00     0.80     1.00     0.49    19.00     4.00    19.00    -5.69     0.00
 137.7829  60.0276    49.14   219.00  1198.00     0.80     1.00     0.49    19.00     4.00    19.00    -5.69     0.00
 137.7746  59.9978   157.10   227.00  1444.00     1.00     1.00     0.61    20.00     4.00    20.00    -5.35     0.00
 137.7746  59.9978   157.10   227.00  1444.00     1.00     1.00     0.61    20.00     4.00    20.00    -5.35     0.00
 137.7746  59.9978   157.10   227.00  1444.00     1.00     1.00     0.61    20.00     4.00    20.00    -5.35     0.00
 137.7746  59.9978   157.10   227.00  1444.00     1.00     1.00     0.61    20.00     4.00    20.00    -5.35     0.00
 137.8451  60.0248    51.75   106.71  1352.00     0.76     0.98     0.40    23.00     4.00    23.00    -5.16     0.00
 137.8451  60.0248    51.75   106.71  1352.00     0.76     0.98     0.40    23.00     4.00    23.00    -5.16     0.00
 137.8451  60.0248    51.75   106.71  1352.00     0.76     0.98     0.40    23.00     4.00    23.00    -5.16     0.00
 137.8451  60.0248    51.75   106.71  1352.00     0.76     0.98     0.40    23.00     4.00    23.00    -5.16     0.00
 137.8305  60.0284    40.44   133.83  1282.00     0.64     0.93     0.80    24.00     4.00    24.00    -5.35     0.00
 137.8305  60.0284    40.44   133.83  1282.00     0.64     0.93     0.80    24.00     4.00    24.00    -5.35     0.00
 137.8305  60.0284    40.44   133.83  1282.00     0.64     0.93     0.80    24.00     4.00    24.00    -5.35     0.00
 137.8305  60.0284    40.44   133.83  1282.00     0.64     0.93     0.80    24.00     4.00    24.00    -5.35     0.00
 138.0304  59.9603   261.66  -240.84  1486.00     1.00     1.00     0.54    26.00     4.00    26.00    -5.87     0.00
 138.0304  59.9603   261.66  -240.84  1486.00     1.00     1.00     0.54    26.00     4.00    26.00    -5.87     0.00
 138.0304  59.9603   261.66  -240.84  1486.00     1.00     1.00     0.54    26.00     4.00    26.00    -5.87     0.00
 138.0304  59.9603   261.66  -240.84  1486.00     1.00     1.00     0.54    26.00     4.00    26.00    -5.87     0.00
 137.9894  59.9666   244.05  -165.81  1493.00     1.00     1.00     0.42    27.00     4.00    27.00    -6.11     0.00
 137.9894  59.9666   244.05  -165.81  1493.00     1.00     1.00     0.42    27.00     4.00    27.00    -6.11     0.00
 137.9894  59.9666   244.05  -165.81  1493.00     1.00     1.00     0.42    27.00     4.00    27.00    -6.11     0.00
 137.9894  59.9666   244.05  -165.81  1493.00     1.00     1.00     0.42    27.00     4.00    27.00    -6.11     0.00
 137.7978  60.0927  -186.44   207.67  1335.00     1.00     1.00     0.64    30.00     4.00    30.00    -5.01     0.00
 137.7978  60.0927  -186.44   207.67  1335.00     1.00     1.00     0.64    30.00     4.00    30.00    -5.01     0.00
 137.7978  60.0927  -186.44   207.67  1335.00     1.00     1.00     0.64    30.00     4.00    30.00    -5.01     0.00
 137.7978  60.0927  -186.44   207.67  1335.00     1.00     1.00     0.64    30.00     4.00    30.00    -5.01     0.00
 137.7113  60.0758  -115.81   358.89  1201.00     1.00     1.00     0.61    31.00     4.00    31.00    -5.71     0.00
 137.7113  60.0758  -115.81   358.89  1201.00     1.00     1.00     0.61    31.00     4.00    31.00    -5.71     0.00
 137.7113  60.0758  -115.81   358.89  1201.00     1.00     1.00     0.61    31.00     4.00    31.00    -5.71     0.00
 137.7113  60.0758  -115.81   358.89  1201.00     1.00     1.00     0.61    31.00     4.00    31.00    -5.71     0.00
 137.8482  60.0398    -2.57   104.77  1363.00     0.33     0.06     0.38    36.00     4.00    36.00    -3.14     0.00
 137.8482  60.0398    -2.57   104.77  1363.00     0.33     0.06     0.38    36.00     4.00    36.00    -3.14     0.00
 137.8482  60.0398    -2.57   104.77  1363.00     0.33     0.06     0.38    36.00     4.00    36.00    -3.14     0.00
 137.8482  60.0398    -2.57   104.77  1363.00     0.33     0.06     0.38    36.00     4.00    36.00    -3.14     0.00
 137.8468  60.0503   -40.13   109.69  1392.00     0.63     0.16     0.35    37.00     4.00    37.00    -3.51     0.00
 137.8468  60.0503   -40.13   109.69  1392.00     0.63     0.16     0.35    37.00     4.00    37.00    -3.51     0.00
 137.8468  60.0503   -40.13   109.69  1392.00     0.63     0.16     0.35    37.00     4.00    37.00    -3.51     0.00
 137.8468  60.0503   -40.13   109.69  1392.00     0.63     0.16     0.35    37.00     4.00    37.00    -3.51     0.00
 137.9716  60.0592   -86.67  -112.02  1296.00     0.95     1.00     0.65    38.00     4.00    38.00    -5.20     0.00
 137.9716  60.0592   -86.67  -112.02  1296.00     0.95     1.00     0.65    38.00     4.00    38.00    -5.20     0.00
 137.9716  60.0592   -86.67  -112.02  1296.00     0.95     1.00     0.65    38.00     4.00    38.00    -5.20     0.00
 137.9716  60.0592   -86.67  -112.02  1296.00     0.95     1.00     0.65    38.00     4.00    38.00    -5.20     0.00
 137.7762  60.0455   -14.59   235.31  1324.00     0.61     0.77     0.56    40.00     4.00    40.00    -5.16     0.00
 137.7762  60.0455   -14.59   235.31  1324.00     0.61     0.77     0.56    40.00     4.00    40.00    -5.16     0.00
 137.7762  60.0455   -14.59   235.31  1324.00     0.61     0.77     0.56    40.00     4.00    40.00    -5.16     0.00
 137.7762  60.0455   -14.59   235.31  1324.00     0.61     0.77     0.56    40.00     4.00    40.00    -5.16     0.00
 137.7544  60.0405     6.01   273.18  1189.00     0.69     1.00     0.65    41.00     4.00    41.00    -6.01     0.00
 137.7544  60.0405     6.01   273.18  1189.00     0.69     1.00     0.65    41.00     4.00    41.00    -6.01     0.00
 137.7544  60.0405     6.01   273.18  1189.00     0.69     1.00     0.65    41.00     4.00    41.00    -6.01     0.00
 137.7544  60.0405     6.01   273.18  1189.00     0.69     1.00     0.65    41.00     4.00    41.00    -6.01     0.00
 137.6008  60.0311    57.94   546.58  1386.00     0.50     0.91     0.52    42.00     4.00    42.00    -5.54     0.00
 137.6008  60.0311    57.94   546.58  1386.00     0.50     0.91     0.52    42.00     4.00    42.00    -5.54     0.00
 137.6008  60.0311    57.94   546.58  1386.00     0.50     0.91     0.52    42.00     4.00    42.00    -5.54     0.00
 137.6008  60.0311    57.94   546.58  1386.00     0.50     0.91     0.52    42.00     4.00    42.00    -5.54     0.00
 137.8303  60.0512   -41.39   139.58  1428.00     0.64     0.97     0.54    51.00     4.00    51.00    -5.41     0.00
 137.8303  60.0512   -41.39   139.58  1428.00     0.64     0.97     0.54    51.00     4.00    51.00    -5.41     0.00
 137.8303  60.0512   -41.39   139.58  1428.00     0.64     0.97     0.54    51.00     4.00    51.00    -5.41     0.00
 137.8303  60.0512   -41.39   139.58  1428.00     0.64     0.97     0.54    51.00     4.00    51.00    -5.41     0.00
 137.8524  59.9990   143.64    87.63  1477.00     1.00     1.00     0.69    52.00     4.00    52.00    -5.98     0.00
 137.8524  59.9990   143.64    87.63  1477.00     1.00     1.00     0.69    52.00     4.00    52.00    -5.98     0.00
 137.8524  59.9990   143.64    87.63  1477.00     1.00     1.00     0.69    52.00     4.00    52.00    -5.98     0.00
 137.8524  59.9990   143.64    87.63  1477.00     1.00     1.00     0.69    52.00     4.00    52.00    -5.98     0.00
 138.0440  60.0277    17.94  -249.37  1444.00     0.67     1.00     0.37    53.00     4.00    53.00    -5.55     0.00
 138.0440  60.0277    17.94  -249.37  1444.00     0.67     1.00     0.37    53.00     4.00    53.00    -5.55     0.00
 138.0440  60.0277    17.94  -249.37  1444.00     0.67     1.00     0.37    53.00     4.00    53.00    -5.55     0.00
 138.0440  60.0277    17.94  -249.37  1444.00     0.67     1.00     0.37    53.00     4.00    53.00    -5.55     0.00
 138.0113  59.9920   149.97  -199.04  1469.00     1.00     1.00     0.73    54.00     4.00    54.00    -5.57     0.00
 138.0113  59.9920   149.97  -199.04  1469.00     1.00     1.00     0.73    54.00     4.00    54.00    -5.57     0.00
 138.0113  59.9920   149.97  -199.04  1469.00     1.00     1.00     0.73    54.00     4.00    54.00    -5.57     0.00
 138.0113  59.9920   149.97  -199.04  1469.00     1.00     1.00     0.73    54.00     4.00    54.00    -5.57     0.00
 137.9990  60.0179    58.54  -170.87  1356.00     0.83     0.93     0.51    55.00     4.00    55.00    -5.01     0.00
 137.9990  60.0179    58.54  -170.87  1356.00     0.83     0.93     0.51    55.00     4.00    55.00    -5.01     0.00
 137.9990  60.0179    58.54  -170.87  1356.00     0.83     0.93     0.51    55.00     4.00    55.00    -5.01     0.00
 137.9990  60.0179    58.54  -170.87  1356.00     0.83     0.93     0.51    55.00     4.00    55.00    -5.01     0.00
 137.9913  60.0318     9.48  -153.95  1330.00     0.41     0.13     0.38    56.00     4.00    56.00    -3.76     0.00
 137.9913  60.0318     9.48  -153.95  1330.00     0.41     0.13     0.38    56.00     4.00    56.00    -3.76     0.00
 137.9913  60.0318     9.48  -153.95  1330.00     0.41     0.13     0.38    56.00     4.00    56.00    -3.76     0.00
 137.9913  60.0318     9.48  -153.95  1330.00     0.41     0.13     0.38    56.00     4.00    56.00    -3.76     0.00
 137.9852  60.0469   -44.01  -139.39  1419.00     0.67     0.82     0.74    57.00     4.00    57.00    -5.16     0.00
 137.9852  60.0469   -44.01  -139.39  1419.00     0.67     0.82     0.74    57.00     4.00    57.00    -5.16     0.00
 137.9852  60.0469   -44.01  -139.39  1419.00     0.67     0.82     0.74    57.00     4.00    57.00    -5.16     0.00
 137.9852  60.0469   -44.01  -139.39  1419.00     0.67     0.82     0.74    57.00     4.00    57.00    -5.16     0.00
 137.9723  60.0361    -3.91  -118.80  1191.00     0.35     1.00     0.81    58.00     4.00    58.00    -6.71     0.00
 137.9723  60.0361    -3.91  -118.80  1191.00     0.35     1.00     0.81    58.00     4.00    58.00    -6.71     0.00
 137.9723  60.0361    -3.91  -118.80  1191.00     0.35     1.00     0.81    58.00     4.00    58.00    -6.71     0.00
 137.9723  60.0361    -3.91  -118.80  1191.00     0.35     1.00     0.81    58.00     4.00    58.00    -6.71     0.00
 137.9613  60.0355    -0.26   -99.26  1456.00     0.33     1.00     0.64    59.00     4.00    59.00    -6.29     0.00
 137.9613  60.0355    -0.26   -99.26  1456.00     0.33     1.00     0.64    59.00     4.00    59.00    -6.29     0.00
 137.9613  60.0355    -0.26   -99.26  1456.00     0.33     1.00     0.64    59.00     4.00    59.00    -6.29     0.00
 137.9613  60.0355    -0.26   -99.26  1456.00     0.33     1.00     0.64    59.00     4.00    59.00    -6.29     0.00
 137.8211  60.0541   -50.75   156.73  1067.00     0.75     1.00     0.65     5.00     4.00    64.00    -7.78     0.00
 137.8211  60.0541   -50.75   156.73  1067.00     0.75     1.00     0.65     5.00     4.00    64.00    -7.78     0.00
 137.8211  60.0541   -50.75   156.73  1067.00     0.75     1.00     0.65     5.00     4.00    64.00    -7.78     0.00
 137.8211  60.0541   -50.75   156.73  1067.00     0.75     1.00     0.65     5.00     4.00    64.00    -7.78     0.00
 137.8096  60.0386     6.48   173.68  1153.00     0.43     1.00     0.94    65.00     4.00    65.00    -6.85     0.00
 137.8096  60.0386     6.48   173.68  1153.00     0.43     1.00     0.94    65.00     4.00    65.00    -6.85     0.00
 137.8096  60.0386     6.48   173.68  1153.00     0.43     1.00     0.94    65.00     4.00    65.00    -6.85     0.00
 137.8096  60.0386     6.48   173.68  1153.00     0.43     1.00     0.94    65.00     4.00    65.00    -6.85     0.00
 137.7969  60.0337    25.64   195.32  1328.00     0.57     0.17     0.60    66.00     4.00    66.00    -3.69     0.00
 137.7969  60.0337    25.64   195.32  1328.00     0.57     0.17     0.60    66.00     4.00    66.00    -3.69     0.00
 137.7969  60.0337    25.64   195.32  1328.00     0.57     0.17     0.60    66.00     4.00    66.00    -3.69     0.00
 137.7969  60.0337    25.64   195.32  1328.00     0.57     0.17     0.60    66.00     4.00    66.00    -3.69     0.00
 137.7576  60.0107   112.65   260.52  1370.00     0.99     1.00     0.36    67.00     4.00    67.00    -4.94     0.00
 137.7576  60.0107   112.65   260.52  1370.00     0.99     1.00     0.36    67.00     4.00    67.00    -4.94     0.00
 137.7576  60.0107   112.65   260.52  1370.00     0.99     1.00     0.36    67.00     4.00    67.00    -4.94     0.00
 137.7576  60.0107   112.65   260.52  1370.00     0.99     1.00     0.36    67.00     4.00    67.00    -4.94     0.00
 137.7528  60.0296    45.44   273.49  1493.00     0.84     1.00     0.69    68.00     4.00    68.00    -5.69     0.00
 137.7528  60.0296    45.44   273.49  1493.00     0.84     1.00     0.69    68.00     4.00    68.00    -5.69     0.00
 137.7528  60.0296    45.44   273.49  1493.00     0.84     1.00     0.69    68.00     4.00    68.00    -5.69     0.00
 137.7528  60.0296    45.44   273.49  1493.00     0.84     1.00     0.69    68.00     4.00    68.00    -5.69     0.00
 137.7849  60.0487   -27.05   220.37  1185.00     0.63     1.00     0.40    69.00     4.00    69.00    -6.22     0.00
 137.7849  60.0487   -27.05   220.37  1185.00     0.63     1.00     0.40    69.00     4.00    69.00    -6.22     0.00
 137.7849  60.0487   -27.05   220.37  1185.00     0.63     1.00     0.40    69.00     4.00    69.00    -6.22     0.00
 137.7849  60.0487   -27.05   220.37  1185.00     0.63     1.00     0.40    69.00     4.00    69.00    -6.22     0.00
 137.9266  60.1673  -469.61    -5.95  1334.00     0.50     1.00     0.55    79.00     4.00    79.00    -6.14     0.00
 137.9266  60.1673  -469.61    -5.95  1334.00     0.50     1.00     0.55    79.00     4.00    79.00    -6.14     0.00
 137.9266  60.1673  -469.61    -5.95  1334.00     0.50     1.00     0.55    79.00     4.00    79.00    -6.14     0.00
 137.9266  60.1673  -469.61    -5.95  1334.00     0.50     1.00     0.55    79.00     4.00    79.00    -6.14     0.00
 137.8556  59.9717   241.49    75.37  1281.00     1.00     1.00     0.48    82.00     4.00    82.00    -4.91     0.00
 137.8556  59.9717   241.49    75.37  1281.00     1.00     1.00     0.48    82.00     4.00    82.00    -4.91     0.00
 137.8556  59.9717   241.49    75.37  1281.00     1.00     1.00     0.48    82.00     4.00    82.00    -4.91     0.00
 137.8556  59.9717   241.49    75.37  1281.00     1.00     1.00     0.48    82.00     4.00    82.00    -4.91     0.00
 137.8531  59.9938   162.27    85.05  1393.00     1.00     1.00     0.30    83.00     4.00    83.00    -5.29     0.00
 137.8531  59.9938   162.27    85.05  1393.00     1.00     1.00     0.30    83.00     4.00    83.00    -5.29     0.00
 137.8531  59.9938   162.27    85.05  1393.00     1.00     1.00     0.30    83.00     4.00    83.00    -5.29     0.00
 137.8531  59.9938   162.27    85.05  1393.00     1.00     1.00     0.30    83.00     4.00    83.00    -5.29     0.00
 137.8459  59.9964   153.89    98.56  1072.00     1.00     1.00     0.63    84.00     4.00    84.00    -6.15     0.00
 137.8459  59.9964   153.89    98.56  1072.00     1.00     1.00     0.63    84.00     4.00    84.00    -6.15     0.00
 137.8459  59.9964   153.89    98.56  1072.00     1.00     1.00     0.63    84.00     4.00    84.00    -6.15     0.00
 137.8459  59.9964   153.89    98.56  1072.00     1.00     1.00     0.63    84.00     4.00    84.00    -6.15     0.00
 137.8388  60.0006   139.46   112.34  1442.00     1.00     1.00     0.33   106.00     4.00   106.00    -5.52     0.00
 137.8388  60.0006   139.46   112.34  1442.00     1.00     1.00     0.33   106.00     4.00   106.00    -5.52     0.00
 137.8388  60.0006   139.46   112.34  1442.00     1.00     1.00     0.33   106.00     4.00   106.00    -5.52     0.00
 137.8388  60.0006   139.46   112.34  1442.00     1.00     1.00     0.33   106.00     4.00   106.00    -5.52     0.00
