296.000  238.000  0.  1.942377  1.942377  10.2546  1
283.000  282.000  0.  2.376227  2.376227  10.2546  2
297.000  284.000  0.  3.377062  3.377062  10.2546  3
307.000  290.000  0.  3.458498  3.458498  10.2546  4
292.000  313.000  0.  3.3331  3.3331  10.2546  5
380.000  238.000  0.  3.994517  3.994517  10.2546  6
385.000  301.000  0.  1.026516  1.026516  10.2546  7
382.000  338.000  0.  0.6807438  0.6807438  10.2546  8
295.000  354.000  0.  1.856002  1.856002  10.2546  9
155.000  395.000  0.  9.408429  9.408429  10.2546  10
211.000  210.000  0.  1.295057  1.295057  10.2546  11
309.000  312.000  0.  4.073128  4.073128  10.2546  12
172.000  188.000  0.  1.821012  1.821012  10.2546  13
295.000  305.000  0.  5.166063  5.166063  10.2546  14
245.000  258.000  0.  0.821907  0.821907  10.2546  15
391.000  382.000  0.  1.065113  1.065113  10.2546  16
240.000  309.000  0.  1.033451  1.033451  10.2546  17
268.000  316.000  0.  1.425017  1.425017  10.2546  18
343.000  344.000  0.  1.030521  1.030521  10.2546  19
291.000  312.000  0.  3.143924  3.143924  10.2546  20
320.000  346.000  0.  1.53598  1.53598  10.2546  21
249.000  268.000  0.  0.8182638  0.8182638  10.2546  22
221.000  217.000  0.  1.204037  1.204037  10.2546  23
313.000  314.000  0.  3.459177  3.459177  10.2546  24
272.000  227.000  0.  1.80152  1.80152  10.2546  25
437.000  221.000  0.  8.476847  8.476846  10.2546  26
362.000  399.000  0.  1.999528  1.999528  10.2546  27
428.000  313.000  0.  1.545326  1.545326  10.2546  28
259.000  278.000  0.  0.9748312  0.9748312  10.2546  29
310.000  339.000  0.  1.739428  1.739428  10.2546  30
281.000  338.000  0.  1.706861  1.706861  10.2546  31
282.000  251.000  0.  1.573834  1.573834  10.2546  32
374.000  341.000  0.  0.6888594  0.6888594  10.2546  33
380.000  251.000  0.  2.980444  2.980444  10.2546  34
349.000  342.000  0.  0.9056896  0.9056896  10.2546  35
294.000  353.000  0.  1.847071  1.847071  10.2546  36
390.000  302.000  0.  1.064162  1.064162  10.2546  37
307.000  291.000  0.  3.603266  3.603266  10.2546  38
289.000  305.000  0.  3.54884  3.548839  10.2546  39
313.000  302.000  0.  3.792396  3.792396  10.2546  40
