0.189415189281
0.231723031615
0.329321670275
0.337263081934
0.32503461861
0.389534160279
0.100102978176
0.0663842373179
0.180992140113
0.917483763384
0.126290347746
0.397200085815
0.177580012872
0.503780059681
0.0801500789889
0.103866849999
0.100779260039
0.13896368459
0.100493534609
0.306586702553
0.149784486962
0.079794804283
0.117414331129
0.337329296121
0.17567920738
0.826638484192
0.194988395452
0.150695882823
0.0950628205878
0.169624168666
0.166448325629
0.153475903497
0.0671756480019
0.29064458877
0.0883203245373
0.180121213894
0.103774111131
0.35138045365
0.346072981881
0.369823883916
