  9   345.27234 30.028418  0 24.208 0.627 0.304
  16  345.25034 30.031889  0 20.239 0.945 0.601
  31  345.20633 30.037443  0 23.475 0.56  0.342
  36  345.2289  30.038944  0 20.089 0.817 0.541
  61  345.16605 30.045694  0 22.924 0.966 0.644
  64  345.2888  30.048306  0 21.967 0.901 0.605
  75  345.19864 30.04936   0 23.58  0.652 0.511
  78  345.18942 30.0495    0 24.726 0.573 0.356
  80  345.2048  30.050528  0 23.864 0.896 0.466
  103 345.2517  30.059944  0 22.294 0.605 0.377
  106 345.22467 30.06011   0 22.869 0.603 0.387
  107 345.20776 30.06025   0 22.735 0.639 0.355
  121 345.32416 30.064638  0 24.626 0.722 0.488
  126 345.1696  30.064028  0 24.618 0.484 0.441
  128 345.32022 30.067057  0 21.192 0.663 0.405
  135 345.23846 30.068583  0 22.803 0.937 0.52 
  139 345.2888  30.0705    0 23.552 0.649 0.431
  143 345.19693 30.070194  0 23.884 0.624 0.419
  149 345.1656  30.071306  0 20.38  0.839 0.527
  160 345.22757 30.074223  0 24.083 0.759 0.468
  163 345.255   30.074833  0 20.061 0.664 0.402
  176 345.18735 30.078028  0 23.17  0.813 0.504
  180 345.32745 30.080833  0 22.998 0.89  0.533
  185 345.2138  30.082222  0 20.44  0.566 0.373
  192 345.22812 30.084778  0 21.974 0.711 0.393
  202 345.24542 30.087528  0 23.238 0.599 0.491
  217 345.159   30.089167  0 20.209 0.629 0.4  
  229 345.15692 30.092     0 23.669 0.86  0.662
  231 345.2303  30.09411   0 23.545 0.659 0.477
  233 345.18192 30.093555  0 24.559 0.595 0.262
  238 345.3126  30.098057  0 23.308 0.522 0.395
  239 345.2549  30.09739   0 24.032 0.557 0.29 
  240 345.2484  30.097944  0 22.811 0.723 0.445
  245 345.2354  30.098583  0 24.485 0.674 0.556
  248 345.2113  30.09925   0 22.084 0.829 0.514
  252 345.2457  30.10086   0 23.679 0.517 0.507
  256 345.28326 30.102833  0 19.971 0.974 0.61 
  263 345.24817 30.107695  0 24.046 0.557 0.422
  266 345.29858 30.109667  0 20.379 1.0   0.629
  271 345.2169  30.11039   0 23.471 0.795 0.424
  278 345.25937 30.114279  0 23.795 0.677 0.485
  279 345.24237 30.114529  0 23.589 0.819 0.398
  282 345.30704 30.115833  0 23.32  0.76  0.436
  283 345.16733 30.1145    0 22.309 0.731 0.439
  293 345.2782  30.120028  0 22.603 0.694 0.415
  299 345.23276 30.120443  0 23.183 0.659 0.531
  304 345.27496 30.121918  0 22.208 0.74  0.432
  305 345.242   30.121529  0 24.189 0.605 0.291
  306 345.1748  30.121279  0 19.7   0.743 0.442
  309 345.1931  30.12225   0 24.299 0.574 0.287
  311 345.20544 30.123056  0 22.834 0.759 0.487
  313 345.2654  30.123972  0 23.372 0.812 0.531
  317 345.25864 30.12461   0 22.681 0.578 0.457
  322 345.21658 30.126     0 22.781 0.672 0.445
  326 345.288   30.12764   0 21.346 0.589 0.358
  328 345.224   30.127611  0 22.362 0.643 0.418
  329 345.24728 30.128279  0 22.695 0.77  0.456
  332 345.25137 30.129139  0 22.75  0.723 0.455
  338 345.25528 30.131306  0 22.145 0.713 0.424
  339 345.27213 30.13161   0 23.472 0.764 0.47 
  341 345.25137 30.1315    0 23.391 0.64  0.408
  342 345.22385 30.131332  0 22.506 0.659 0.461
  343 345.21454 30.131416  0 23.685 0.61  0.464
  344 345.26642 30.132221  0 23.26  0.8   0.456
  345 345.24997 30.132     0 23.608 0.663 0.506
  351 345.1591  30.132639  0 22.907 0.788 0.514
  353 345.2833  30.134666  0 21.874 0.559 0.376
  354 345.30142 30.1355    0 22.108 0.737 0.449
  356 345.26593 30.136     0 23.19  0.633 0.5  
  357 345.25067 30.136057  0 23.796 0.753 0.48 
  359 345.28696 30.137306  0 21.544 0.703 0.458
  362 345.2615  30.138721  0 23.705 0.97  0.564
  365 345.26285 30.139029  0 22.189 0.708 0.447
  368 345.2637  30.139334  0 21.634 0.852 0.486
  371 345.25522 30.13975   0 22.532 0.859 0.544
  372 345.239   30.139723  0 23.365 0.739 0.529
  376 345.2583  30.140278  0 25.007 0.813 0.657
  377 345.2596  30.140223  0 23.94  0.71  0.379
  380 345.1576  30.141111  0 22.939 0.818 0.525
  383 345.26035 30.143944  0 22.451 0.906 0.453
  389 345.24478 30.147528  0 22.149 0.825 0.554
  392 345.16306 30.146889  0 21.688 0.773 0.343
  394 345.24695 30.148111  0 21.994 0.638 0.503
  396 345.25232 30.148472  0 23.355 0.616 0.466
  397 345.2492  30.148722  0 23.236 0.607 0.485
  399 345.25208 30.148972  0 22.617 0.766 0.321
  400 345.2452  30.14886   0 23.627 0.798 0.535
  401 345.2085  30.148527  0 23.367 0.652 0.398
  404 345.16345 30.14864   0 24.476 0.868 0.538
  405 345.1999  30.149471  0 22.101 0.847 0.532
  406 345.25082 30.150223  0 20.9   0.83  0.513
  408 345.33063 30.151611  0 22.926 0.776 0.482
  410 345.23734 30.150444  0 23.81  0.675 0.593
  412 345.27707 30.152027  0 23.913 0.933 0.562
  417 345.2175  30.15261   0 23.899 0.704 0.523
  418 345.2559  30.153334  0 23.263 0.8   0.542
  421 345.2328  30.1535    0 24.727 0.732 0.672
  422 345.23846 30.153778  0 21.755 0.664 0.43 
  425 345.17987 30.153694  0 23.589 0.796 0.596
  427 345.23413 30.154833  0 24.369 0.691 0.422
  428 345.20538 30.154362  0 22.081 0.657 0.482
  434 345.25555 30.15564   0 22.029 0.77  0.488
  437 345.21118 30.155361  0 23.063 0.646 0.378
  438 345.24646 30.15589   0 21.799 0.69  0.46 
  441 345.20407 30.155945  0 23.196 0.672 0.416
  443 345.2339  30.15664   0 22.612 0.708 0.481
  444 345.22592 30.15636   0 22.249 0.804 0.456
  446 345.25842 30.157223  0 23.01  0.681 0.533
  447 345.23608 30.15725   0 22.006 0.849 0.525
  449 345.24307 30.15775   0 22.097 0.784 0.523
  453 345.2394  30.158556  0 23.832 0.658 0.554
  455 345.31558 30.159918  0 23.106 0.678 0.515
  457 345.20175 30.158361  0 24.258 0.799 0.4  
  459 345.23053 30.159416  0 23.419 0.864 0.493
  466 345.29794 30.1635    0 20.388 0.776 0.498
  467 345.22662 30.162779  0 23.988 0.781 0.441
  470 345.20416 30.16336   0 20.925 0.698 0.431
  478 345.2559  30.167307  0 23.817 0.649 0.506
  482 345.2206  30.167667  0 23.284 0.743 0.55 
  485 345.2166  30.168417  0 24.067 0.935 0.52 
  487 345.2484  30.169556  0 24.122 0.978 0.735
  493 345.27954 30.172138  0 24.036 0.618 0.486
  496 345.21906 30.171444  0 22.985 1.005 0.576
  500 345.22958 30.172556  0 23.192 0.647 0.4  
  505 345.3295  30.176971  0 23.451 0.835 0.588
  508 345.215   30.176193  0 23.671 0.801 0.531
  510 345.23813 30.176916  0 23.725 0.729 0.596
  515 345.18225 30.178278  0 21.369 0.778 0.471
  517 345.19437 30.181334  0 24.146 0.919 0.477
  526 345.32275 30.074612  0 24.156 1.087 0.632
  530 345.17383 30.107805  0 24.176 0.998 0.516
  532 345.3229  30.126806  0 24.598 0.834 0.347
  533 345.2476  30.133     0 23.878 0.943 0.447
  534 345.24963 30.137806  0 23.454 1.034 0.523
  535 345.25516 30.157694  0 23.738 1.035 0.526
  536 345.22647 30.158722  0 24.933 0.939 0.745
