   14.300922983603524       -29.699999999997090        0.0000000000000000        767.53999999999996       0.19026219599999999        19.000000000000000     
   18.581471359695627       -26.199999999997090        0.0000000000000000        796.94000000000005       0.19057443399999999        22.000000000000000     
   10.539228956231604       -24.699999999997090        0.0000000000000000        857.34000000000003       0.23299022899999999        23.000000000000000     
   10.668942543317272       -20.699999999997090        0.0000000000000000        778.44000000000005       0.31268575799999998        27.000000000000000     
   30.774548552166085       -15.300000000002910        0.0000000000000000        756.53999999999996       0.13347865400000000        29.000000000000000     
  0.29185557117869798       -13.399999999994179        0.0000000000000000        847.24000000000001       0.36672028899999998        30.000000000000000     
   17.414049075358349        8.6000000000058208        0.0000000000000000        759.84000000000003       0.23894197000000000        32.000000000000000     
   8.4638115617283862        14.699999999997090        0.0000000000000000        897.34000000000003       0.32843440400000001        33.000000000000000     
  -7.1018188966682319        19.100000000005821        0.0000000000000000        843.03999999999996       0.29323931800000003        35.000000000000000     
  -28.634274364214413        27.000000000000000        0.0000000000000000        975.94000000000005       0.14050893700000000        41.000000000000000     
   26.104859414628223       -16.500000000000000        0.0000000000000000        743.03999999999996       0.16192786000000001        69.000000000000000     
  -14.754920538686495       -15.699999999997090        0.0000000000000000        849.44000000000005       0.33007666800000002        79.000000000000000     
   35.184810515343855       -23.300000000002910        0.0000000000000000        731.03999999999996       0.11276834199999999        81.000000000000000     
   36.481946386955556       -20.399999999994179        0.0000000000000000        782.03999999999996       0.10880574799999999        82.000000000000000     
 -0.61613953898724416       -19.800000000002910        0.0000000000000000        822.34000000000003       0.30980648100000002        83.000000000000000     
   15.468345268129557       -21.399999999994179        0.0000000000000000        764.03999999999996       0.24964285300000000        84.000000000000000     
   17.673476249718441       -4.1999999999970896        0.0000000000000000        774.84000000000003       0.31142781400000003        86.000000000000000     
  -18.257187391887079       -7.6999999999970896        0.0000000000000000        824.74000000000001       0.22622259100000000        89.000000000000000     
  -25.650861859545252       -8.8999999999941792        0.0000000000000000        870.94000000000005       0.16129565300000001        90.000000000000000     
   9.8906610204257532        17.699999999997090        0.0000000000000000        803.44000000000005       0.27982957200000003        94.000000000000000     
   7.6855300388368697        18.000000000000000        0.0000000000000000        822.74000000000001       0.28227926599999997        95.000000000000000     
  -36.935943942038527        23.600000000005821        0.0000000000000000        960.84000000000003       0.10656139100000001        96.000000000000000     
  -34.211958611729457        25.100000000005821        0.0000000000000000        880.13999999999999       0.11588042599999999        97.000000000000000     
  -24.483439575207974        27.500000000000000        0.0000000000000000        969.63999999999999       0.16152214500000001        108.00000000000000     
   24.807723543205281       -10.199999999997090        0.0000000000000000        747.13999999999999       0.17976597100000000        109.00000000000000     
   11.706651240568879        7.5000000000000000        0.0000000000000000        861.34000000000003       0.32216852400000001        110.00000000000000     
   1.1998506811558820       -6.5000000000000000        0.0000000000000000        905.34000000000003       0.60827858599999995        113.00000000000000     
   40.632781175961988       -39.399999999994179        0.0000000000000000        757.34000000000003       0.10192098700000000        13.000000000000000     
   45.432183900585521       -34.300000000002910        0.0000000000000000        785.74000000000001        8.9820582999999996E-002   14.000000000000000     
  -3.4698384563819791       -32.300000000002910        0.0000000000000000        844.34000000000003       0.18817895000000001        16.000000000000000     
   48.804737166511678       -27.199999999997090        0.0000000000000000        735.94000000000005        8.2229248199999994E-002   18.000000000000000     
   56.457838808529942       -18.899999999994179        0.0000000000000000        734.74000000000001        7.5338210200000005E-002   25.000000000000000     
   17.673476249718441        19.800000000002910        0.0000000000000000        880.24000000000001       0.31736895100000001        34.000000000000000     
   20.527175167113178        23.300000000002910        0.0000000000000000        844.44000000000005       0.20754752600000001        37.000000000000000     
   6.7775349288596853        24.000000000000000        0.0000000000000000        891.84000000000003       0.22878257199999999        39.000000000000000     
  -45.237613519862641        27.199999999997090        0.0000000000000000        905.94000000000005        8.7297076799999998E-002   40.000000000000000     
   9.3718066718943280        30.800000000002910        0.0000000000000000        921.03999999999996       0.18962709699999999        45.000000000000000     
  -1.1349938875186696        31.899999999994179        0.0000000000000000        870.24000000000001       0.19006459900000000        46.000000000000000     
  -34.211958611729457        34.300000000002910        0.0000000000000000        932.94000000000005       0.11619702200000000        48.000000000000000     
  -50.945011354652110        38.300000000002910        0.0000000000000000        942.03999999999996        8.2561449400000000E-002   50.000000000000000     
   53.993280652769720       -18.399999999994179        0.0000000000000000        767.24000000000001        7.7365721299999995E-002   68.000000000000000     
   56.328125221444274       -39.500000000000000        0.0000000000000000        710.03999999999996        7.7468168200000007E-002   70.000000000000000     
   58.922396964478921       -32.800000000002910        0.0000000000000000        784.34000000000003        7.2493039400000001E-002   71.000000000000000     
   33.109393121029392       -42.000000000000000        0.0000000000000000        812.74000000000001       0.12065395100000000        72.000000000000000     
   25.975145827542555       -41.199999999997090        0.0000000000000000        810.03999999999996       0.13831068299999999        73.000000000000000     
   19.230039295501477       -32.800000000002910        0.0000000000000000        805.03999999999996       0.16549164099999999        76.000000000000000     
  -16.181769997383864       -28.300000000002910        0.0000000000000000        768.24000000000001       0.17343191299999999        77.000000000000000     
   42.708198570276451       -12.899999999994179        0.0000000000000000        804.94000000000005        9.4690524700000001E-002   85.000000000000000     
  -48.350739611428708        4.6000000000058208        0.0000000000000000        885.24000000000001        8.9709997599999994E-002   87.000000000000000     
   38.038509432738586        6.6000000000058208        0.0000000000000000        768.44000000000005       0.11750095200000001        91.000000000000000     
   27.531708873325591        16.000000000000000        0.0000000000000000        775.53999999999996       0.16216588200000001        92.000000000000000     
  -35.898235244786918        38.300000000002910        0.0000000000000000        955.44000000000005       0.11237298699999999        98.000000000000000     
  -39.919356446518925        39.000000000000000        0.0000000000000000        927.53999999999996       0.10308196600000000        99.000000000000000     
  -54.576991794938358        42.899999999994179        0.0000000000000000        948.63999999999999        8.0966499600000005E-002   100.00000000000000     
   4.0535495985506174        25.300000000002910        0.0000000000000000        814.74000000000001       0.22054202800000000        102.00000000000000     
   26.883140937519741       -35.899999999994179        0.0000000000000000        827.94000000000005       0.13760605600000000        112.00000000000000     
   26.364286588988314       -56.399999999994179        0.0000000000000000        783.34000000000003       0.14540416300000000        7.0000000000000000     
   55.809270872912847       -53.199999999997090        0.0000000000000000        736.53999999999996        8.9634388900000000E-002   8.0000000000000000     
   24.678009955930854       -52.100000000005821        0.0000000000000000        809.34000000000003       0.14399066299999999        9.0000000000000000     
   3.0158409012990082       -46.100000000005821        0.0000000000000000        821.94000000000005       0.17034502500000001        12.000000000000000     
  -6.3235373737767144       -34.500000000000000        0.0000000000000000        745.13999999999999       0.17903430100000001        15.000000000000000     
  -35.638808070426826       -28.300000000002910        0.0000000000000000        859.84000000000003       0.14012983900000001        20.000000000000000     
   71.634328505669558       -24.699999999997090        0.0000000000000000        752.84000000000003        6.8294461000000001E-002   21.000000000000000     
   64.240654037822623       -16.100000000005821        0.0000000000000000        733.74000000000001        7.3303884700000002E-002   28.000000000000000     
   62.165236643319410       -9.1999999999970896        0.0000000000000000        828.63999999999999        7.8794474300000000E-002   31.000000000000000     
   26.753427350434073        23.800000000002910        0.0000000000000000        784.74000000000001       0.15894202800000001        38.000000000000000     
   27.401995286239924        34.500000000000000        0.0000000000000000        868.53999999999996       0.15728758400000001        47.000000000000000     
   3.0158409012990082        41.399999999994179        0.0000000000000000        913.84000000000003       0.17279375699999999        51.000000000000000     
  -65.602646702882780        39.500000000000000        0.0000000000000000        938.24000000000001        6.9762481599999995E-002   52.000000000000000     
  -20.851459134921722        48.300000000002910        0.0000000000000000        827.53999999999996       0.14752404899999999        53.000000000000000     
  -10.993226511314576        43.800000000002910        0.0000000000000000        863.94000000000005       0.16281529100000000        54.000000000000000     
  -65.213505941437020        43.699999999997090        0.0000000000000000        915.03999999999996        7.1940914900000000E-002   55.000000000000000     
  -13.328071079989128        53.000000000000000        0.0000000000000000        958.94000000000005       0.16147880200000000        56.000000000000000     
  -38.103366226375798        60.699999999997090        0.0000000000000000        918.24000000000001       0.12809365100000000        59.000000000000000     
   25.067150717376613       -47.000000000000000        0.0000000000000000        811.94000000000005       0.14061816799999999        74.000000000000000     
  -44.589045584056791       -13.000000000000000        0.0000000000000000        890.34000000000003       0.11167690299999999        80.000000000000000     
   34.665956166812428        25.399999999994179        0.0000000000000000        784.34000000000003       0.14003225100000000        93.000000000000000     
  -59.116967345201800        41.600000000005821        0.0000000000000000        930.24000000000001        7.5422030000000001E-002   101.00000000000000     
   10.020374607700179        38.000000000000000        0.0000000000000000        865.53999999999996       0.17381168299999999        103.00000000000000     
  -13.846925428709310       -41.699999999997090        0.0000000000000000        845.34000000000003       0.16930320099999999        106.00000000000000     
   60.997814358982133       -14.300000000002910        0.0000000000000000        747.24000000000001        7.5282621899999999E-002   111.00000000000000     
  -41.994773841022145       -25.399999999994179        0.0000000000000000        915.63999999999999       0.13231764100000001        24.000000000000000     
   25.845432240268131       -91.899999999994179        0.0000000000000000        826.34000000000003       0.25389205500000001        1.0000000000000000     
   22.991733323062153       -93.500000000000000        0.0000000000000000        774.74000000000001       0.26999453200000001        2.0000000000000000     
   39.465358891435955       -80.800000000002910        0.0000000000000000        714.53999999999996       0.17535537200000001        3.0000000000000000     
   58.662969790307585       -81.199999999997090        0.0000000000000000        743.74000000000001       0.13912111799999999        4.0000000000000000     
   101.59816713812552       -74.800000000002910        0.0000000000000000        756.13999999999999        9.0301795800000001E-002   5.0000000000000000     
   14.300922983603524       -60.500000000000000        0.0000000000000000        761.24000000000001       0.17143231600000000        6.0000000000000000     
  -31.877114043054906       -49.100000000005821        0.0000000000000000        826.13999999999999       0.18746297400000000        11.000000000000000     
   97.577045936393503       -27.399999999994179        0.0000000000000000        734.94000000000005        7.6705554800000006E-002   17.000000000000000     
   108.99184160578369       -17.399999999994179        0.0000000000000000        755.84000000000003       0.10027185299999999        26.000000000000000     
  -150.82447346290155        16.199999999997090        0.0000000000000000        870.63999999999999       0.21826349900000000        36.000000000000000     
   52.566431194072358        31.899999999994179        0.0000000000000000        781.94000000000005       0.14938719800000000        42.000000000000000     
   80.454852432025092        32.899999999994179        0.0000000000000000        740.74000000000001       0.19520569600000001        44.000000000000000     
  -114.11552829840453        37.000000000000000        0.0000000000000000        886.94000000000005        8.6249948800000004E-002   49.000000000000000     
  -1.1349938875186696        56.300000000002910        0.0000000000000000        941.63999999999999       0.17963557499999999        58.000000000000000     
  -71.439758124946678        63.699999999997090        0.0000000000000000        919.74000000000001        8.6710563399999996E-002   60.000000000000000     
  -110.48354785811827        62.100000000005821        0.0000000000000000        939.94000000000005        8.1076497100000006E-002   61.000000000000000     
  -13.068643905817794        67.300000000002910        0.0000000000000000        971.44000000000005       0.18588348900000001        62.000000000000000     
  -49.258734721594649        65.600000000005821        0.0000000000000000        907.74000000000001       0.11702649599999999        63.000000000000000     
  -35.509094483341158        90.800000000002910        0.0000000000000000        918.24000000000001       0.22107279399999999        64.000000000000000     
  -13.328071079989128        96.600000000005821        0.0000000000000000        899.44000000000005       0.31312242899999998        65.000000000000000     
  -22.278308593619091        87.300000000002910        0.0000000000000000        906.84000000000003       0.23764621699999999        66.000000000000000     
   31.552830075057599        80.399999999994179        0.0000000000000000        862.34000000000003       0.34151888200000002        67.000000000000000     
  -8.1395275939198406       -59.000000000000000        0.0000000000000000        819.53999999999996       0.19552821400000001        75.000000000000000     
  -76.109447262295788       -59.000000000000000        0.0000000000000000        791.53999999999996       0.34606024099999999        78.000000000000000     
   65.278362735074239        9.0000000000000000        0.0000000000000000        747.44000000000005       0.10277868100000000        88.000000000000000     
   131.95114653202725       -103.80000000000291        0.0000000000000000        724.74000000000001       0.15079481900000000        104.00000000000000     
   84.865114395202866       -72.800000000002910        0.0000000000000000        719.34000000000003        9.1940246099999998E-002   105.00000000000000     
  -222.94522792028394        88.699999999997090        0.0000000000000000        993.94000000000005       0.39568794699999998        107.00000000000000     
