 02 08 01.60  10 58 52.4    1670    21  28.8   
 02 08 05.50  10 58 45.2    1703    21  28.1   
 02 08 06.70  11 02 03.4    1742    20  27.7   
 02 08 10.40  11 00 00.4    1725    21  28.6   
 02 08 13.00  10 58 22.4    1823    22  29.7   
 02 08 14.00  10 57 13.7    1781    21  28.7   
 02 08 15.80  10 59 22.3    1669    21  28.3   
 02 08 16.10  10 59 20.0    1832    21  28.3   
 02 08 16.20  10 56 31.0    1629    21  28.7   
 02 08 16.40  11 00 17.5    1681    21  28.8   
 02 08 16.50  10 57 38.9    1689    21  29.8   
 02 08 16.50  10 59 13.8    1603    22  28.2   
 02 08 16.80  10 57 36.8    1827    23  29.0   
 02 08 17.20  11 00 34.8    1620    21  28.1   
 02 08 17.30  10 58 58.8    1890    21  28.5   
 02 08 17.40  10 59 59.3    1616    21  28.5   
 02 08 17.60  10 59 02.4    1588    23  29.0   
 02 08 17.60  10 58 41.1    1561    21  28.6   
 02 08 17.60  10 59 38.6    1592    20  30.9   
 02 08 17.80  10 59 45.6    1340    21  28.8   
 02 08 17.90  10 59 51.6    1847    21  28.2   
 02 08 17.90  10 59 35.1    1722    21  29.2   
 02 08 18.00  10 57 30.6    1845    21  28.9   
 02 08 18.10  10 59 19.5    1783    21  28.8   
 02 08 18.20  10 59 34.0    1681    21  30.5   
 02 08 18.30  11 04 56.6    1645    21  28.7   
 02 08 18.30  10 59 42.4    1631    21  28.2   
 02 08 18.40  10 57 48.6    1638    20  28.2   
 02 08 18.50  10 59 29.2    1505    21  29.0   
 02 08 18.60  10 59 50.2    1892    20  28.3   
 02 08 18.60  10 59 30.3    1717    21  31.0   
 02 08 18.80  10 59 16.2    1511    22  28.0   
 02 08 18.80  11 02 52.9    1826    21  28.1   
 02 08 19.00  10 59 26.9    1734    21  28.4   
 02 08 19.10  10 58 01.3    1665    23  29.2   
 02 08 19.10  11 01 22.1    1615    22  28.1   
 02 08 19.20  10 58 16.0    1892    21  28.4   
 02 08 19.30  10 59 45.6    1807    20  28.7   
 02 08 19.30  10 59 48.7    1620    21  31.4   
 02 08 19.50  10 59 37.7    1834    20  29.3   
 02 08 19.50  10 59 13.4    1610    20  29.0   
 02 08 19.60  10 59 53.4    1877    21  29.3   
 02 08 19.80  10 58 59.9    1535    21  29.1   
 02 08 19.80  10 58 32.4    1357    21  28.3   
 02 08 20.10  10 59 03.7    1606    20  29.9   
 02 08 20.20  11 00 32.9    1346    21  29.7   
 02 08 20.20  10 57 08.6    1563    21  29.1   
 02 08 20.30  10 59 17.9    1918    20  29.6   
 02 08 20.30  10 57 29.0    1605    21  28.7   
 02 08 20.30  10 59 59.0    1488    20  29.0   
 02 08 20.30  10 58 20.4    1889    21  28.4   
 02 08 20.50  10 58 39.8    1621    21  28.4   
 02 08 20.60  10 59 47.1    1835    20  32.6   
 02 08 20.60  10 59 43.1    1953    20  24.6   
 02 08 20.80  11 00 37.6    1746    21  29.3   
 02 08 20.80  10 59 21.3    1649    20  28.6   
 02 08 20.80  10 58 43.1    1580    21  29.0   
 02 08 21.10  10 59 15.4    1801    20  28.6   
 02 08 21.10  11 01 30.6    1531    22  29.0   
 02 08 21.20  11 00 08.8    1629    20  28.7   
 02 08 21.40  10 57 43.9    1646    21  29.5   
 02 08 21.40  11 00 39.9    1655    21  27.9   
 02 08 21.50  10 59 42.2    1901    20  30.8   
 02 08 21.50  10 58 53.2    1671    21  28.1   
 02 08 21.80  10 59 14.6    1828    22  28.2   
 02 08 21.80  10 58 57.3    1825    21  28.8   
 02 08 21.80  10 58 33.3    1637    21  28.3   
 02 08 21.80  11 00 31.9    1453    21  30.2   
 02 08 21.90  11 02 34.2    1769    20  27.9   
 02 08 21.90  11 00 56.7    1836    21  28.3   
 02 08 21.90  10 58 35.3    2049    21  27.8   
 02 08 21.90  10 58 28.4    1952    21  28.1   
 02 08 22.20  11 01 11.0    1781    24  29.3   
 02 08 22.20  10 59 26.2    1745    21  28.6   
 02 08 22.20  10 59 15.2    1956    21  29.2   
 02 08 22.20  10 58 36.0    1757    20  28.6   
 02 08 22.30  11 00 54.3    1489    21  28.1   
 02 08 22.30  10 59 48.2    1585    20  29.6   
 02 08 22.50  11 00 45.8    1554    21  29.0   
 02 08 22.60  11 02 49.8    1703    21  28.5   
 02 08 22.60  10 59 50.6    1574    20  29.8   
 02 08 22.80  10 59 26.7    1423    21  29.9   
 02 08 22.80  10 59 59.1    1545    20  30.1   
 02 08 22.90  11 01 11.4    1727    21  28.7   
 02 08 23.20  10 59 40.5    1769    21  30.4   
 02 08 23.30  10 59 51.1    1754    21  27.5   
 02 08 23.40  10 59 01.4    1991    21  28.7   
 02 08 23.60  10 59 43.3    1665    21  29.0   
 02 08 23.70  11 01 33.8    1712    21  28.8   
 02 08 23.70  11 00 16.0    1542    22  29.1   
 02 08 23.80  10 59 50.2    1755    21  28.9   
 02 08 23.90  10 59 52.3    2217    22  28.3   
 02 08 24.20  10 57 38.4    1743    21  28.3   
 02 08 24.30  10 58 53.3    1889    21  29.0   
 02 08 24.40  10 59 38.6    1821    21  28.9   
 02 08 24.40  10 58 38.8    2004    21  28.5   
 02 08 24.50  10 59 43.6    1716    21  27.9   
 02 08 25.10  11 01 32.8    1710    21  28.7   
 02 08 25.20  11 00 01.6    1525    21  28.6   
 02 08 25.40  11 01 02.9    1482    23  29.0   
 02 08 25.40  11 00 11.2    1570    21  28.5   
 02 08 25.50  11 00 27.0    1864    21  28.6   
 02 08 25.60  10 56 29.0    1600    21  28.6   
 02 08 25.60  10 59 58.4    1859    22  28.0   
 02 08 26.10  11 01 48.0    1637    21  29.1   
 02 08 26.10  11 00 26.7    1725    21  29.2   
 02 08 26.10  10 59 37.8    1761    21  28.4   
 02 08 26.10  10 59 36.1    1615    21  28.3   
 02 08 26.20  10 59 50.1    1652    21  28.9   
 02 08 26.20  11 00 54.6    1854    22  29.3   
 02 08 26.30  11 03 48.6    1593    21  28.8   
 02 08 26.30  11 00 31.7    1625    21  29.0   
 02 08 26.80  11 01 55.8    1667    21  29.1   
 02 08 27.10  11 00 43.9    1622    22  28.8   
 02 08 27.70  10 58 40.2    1788    21  28.4   
 02 08 28.20  10 59 24.8    1545    21  28.5   
 02 08 28.30  11 00 57.2    1660    21  28.6   
 02 08 28.70  10 59 57.7    1641    20  29.6   
 02 08 28.80  11 01 36.2    1859    21  28.2   
 02 08 29.20  11 03 38.8    1702    21  28.2   
 02 08 29.30  11 04 05.2    1693    21  28.5   
 02 08 30.00  10 58 30.4    1709    22  28.2   
 02 08 30.20  11 02 21.6    1712    21  28.3   
 02 08 30.90  11 01 10.3    1773    21  28.5   
 02 08 32.40  11 01 39.1    1864    21  28.8   
 02 08 32.40  10 59 50.0    1646    20  28.6   
 02 08 32.50  10 57 49.4    1784    21  29.5   

