0.5
0.5
0.270661654282
0.237256450764
0.230563064381
0.5
0.303343085055
0.5
0.221551791391
0.267334464533
0.22538226747
0.326466171279
0.23798509937
0.258154096698
0.225849764984
0.201341934351
0.221044311821
0.205629083533
0.206169426404
0.210405086498
0.193017670119
0.190396992569
0.22547461627
0.218098609405
0.183214557369
0.199586917091
0.172822440661
0.204162424668
0.210305423907
0.169336005305
0.173854952899
0.212012560217
0.228211826887
0.217769781366
0.296323601116
0.198048290523
0.169124295438
0.261884227566
0.144382228463
0.163148148148
0.213113919607
0.15410674234
0.251350320832
0.167477229731
0.163535291479
0.5
0.233582197258
0.251365045931
0.5
0.5
0.286362120414
0.182653345816
0.178041561836
0.5
0.170424102354
0.22155881263
0.1986464611
0.181575293039
