145.000  -94.000  0.  0.  0.  0.  1
245.000  -21.000  0.  0.  0.  0.  2
221.000  34.000  0.  2.775527  2.775527  10.2546  3
259.000  53.000  0.  2.43297  2.43297  10.2546  4
269.000  58.000  0.  2.364332  2.364332  10.2546  5
457.000  60.000  0.  0.  0.  0.  6
113.000  68.000  0.  3.110662  3.110662  10.2546  7
-51.000  75.000  0.  0.  0.  0.  8
252.000  79.000  0.  2.271925  2.271925  10.2546  9
149.000  80.000  0.  2.741408  2.741408  10.2546  10
230.000  86.000  0.  2.311205  2.311205  10.2546  11
56.000  94.000  0.  3.34778  3.34778  10.2546  12
352.000  97.000  0.  2.440442  2.440442  10.2546  13
122.000  106.000  0.  2.647267  2.647267  10.2546  14
333.000  106.000  0.  2.315999  2.315999  10.2546  15
254.000  115.000  0.  2.064681  2.064681  10.2546  16
154.000  128.000  0.  2.266721  2.266721  10.2546  17
203.000  131.000  0.  2.108644  2.108645  10.2546  18
158.000  143.000  0.  2.114185  2.114185  10.2546  19
297.000  147.000  0.  2.15762  2.15762  10.2546  20
208.000  153.000  0.  1.979319  1.979319  10.2546  21
185.000  154.000  0.  1.952445  1.952444  10.2546  22
318.000  154.000  0.  2.312152  2.312152  10.2546  23
306.000  155.000  0.  2.236514  2.236514  10.2546  24
174.000  163.000  0.  1.878792  1.878792  10.2546  25
134.000  163.000  0.  2.046684  2.046683  10.2546  26
183.000  172.000  0.  1.772225  1.772225  10.2546  27
208.000  184.000  0.  2.093604  2.093604  10.2546  28
264.000  182.000  0.  2.156598  2.156598  10.2546  29
157.000  184.000  0.  1.736473  1.736473  10.2546  30
146.000  186.000  0.  1.782813  1.782813  10.2546  31
234.000  186.000  0.  2.174104  2.174104  10.2546  32
220.000  189.000  0.  2.340221  2.340221  10.2546  33
254.000  196.000  0.  2.233142  2.233142  10.2546  34
370.000  200.000  0.  3.03868  3.03868  10.2546  35
95.000  202.000  0.  2.030906  2.030906  10.2546  36
136.000  202.000  0.  1.734302  1.734302  10.2546  37
24.000  203.000  0.  2.685518  2.685518  10.2546  38
169.000  208.000  0.  1.480582  1.480582  10.2546  39
138.000  211.000  0.  1.673019  1.673019  10.2546  40
61.000  227.000  0.  2.185398  2.185398  10.2546  41
149.000  234.000  0.  1.580303  1.580303  10.2546  42
15.000  239.000  0.  2.577497  2.577497  10.2546  43
119.000  241.000  0.  1.717412  1.717412  10.2546  44
136.000  255.000  0.  1.676989  1.676989  10.2546  45
-82.000  261.000  0.  0.  0.  0.  46
24.000  263.000  0.  2.395292  2.395291  10.2546  47
3.000  358.000  0.  2.577648  2.577648  10.2546  48
146.000  405.000  0.  0.  0.  0.  49
279.000  476.000  0.  0.  0.  0.  50
238.000  302.000  0.  2.936529  2.936529  10.2546  51
157.000  271.000  0.  1.873037  1.873037  10.2546  52
139.000  186.000  0.  1.825745  1.825745  10.2546  53
476.000  120.000  0.  0.  0.  0.  54
176.000  175.000  0.  1.747631  1.747631  10.2546  55
241.000  85.000  0.  2.271997  2.271997  10.2546  56
262.000  122.000  0.  2.03704  2.03704  10.2546  57
98.000  235.000  0.  1.861982  1.861982  10.2546  58
