 151.2995  -7.7083     4.04   -48.45   -77.51   689.00     0.36     0.00     0.01     1.17    -4.47     0.00     0.00     0.00     1.00     1.00
 151.2735  -7.7173   -84.51   -91.24  -145.96   750.00     0.70     0.00     0.00     1.13    -5.56     0.00     0.00     0.00     1.00     6.00
 151.3228  -7.6948    97.03   -24.17   -38.67   997.00     0.01     0.00     0.00     1.11    -8.03     0.00     0.00     0.00     1.00     7.00
 151.3052  -7.7346   -48.50    32.89    52.62   531.00     0.21     0.00     0.01     1.05    -4.81     0.00     0.00     0.00     1.00     8.00
 151.2914  -7.7244   -57.64   -27.96   -44.73   480.00     0.11     0.00     0.01     0.82    -5.17     0.00     0.00     0.00     1.00    10.00
 151.3139  -7.7261    -5.02    32.88    52.61   649.00     0.47     0.01     0.01     1.00    -4.45     0.00     0.00     0.00     1.00    23.00
 151.2985  -7.7316   -57.85     8.09    12.94   510.00     0.27     0.00     0.00     1.02    -5.07     0.00     0.00     0.00     1.00    24.00
 151.3359  -7.7109    89.28    49.99    79.97   810.00     0.13     0.00     0.01     1.09    -4.77     0.00     0.00     0.00     1.00    26.00
 151.3282  -7.7045    86.14    14.33    22.93   924.00     0.02     0.00     0.00     0.77    -5.69     0.00     0.00     0.00     1.00    27.00
 151.2900  -7.7088   -21.13   -71.31  -114.09   437.00     0.28     0.00     0.00     1.08    -7.58     0.00     0.00     0.00     1.00    29.00
 151.3131  -7.7357   -31.36    55.54    88.85   525.00     0.23     0.00     0.00     1.01    -5.26     0.00     0.00     0.00     1.00    30.00
 151.2729  -7.7442  -154.41   -24.16   -38.65   539.00     0.29     0.00     0.01     0.73    -4.95     0.00     0.00     0.00     1.00    33.00
 151.3328  -7.7060    93.89    29.51    47.20   879.00     0.05     0.00     0.01     1.22    -5.20     0.00     0.00     0.00     1.00    34.00
 151.3383  -7.6936   139.08    11.86    18.97  1028.00     0.01     0.00     0.00     0.85    -8.90     0.00     0.00     0.00     1.00    35.00
 151.2930  -7.7214   -45.72   -31.49   -50.38   525.00     0.21     0.00     0.01     1.17    -4.89     0.00     0.00     0.00     1.00    36.00
 151.3050  -7.6970    46.57   -63.35  -101.34   895.00     0.15     0.00     0.00     0.99    -7.08     0.00     0.00     0.00     1.00    38.00
 151.3158  -7.7328   -17.26    54.80    87.67   862.00     0.63     0.00     0.00     1.08    -7.60     0.00     0.00     0.00     1.00    39.00
 151.3065  -7.7363   -49.73    40.53    64.84   596.00     0.33     0.00     0.01     0.85    -4.53     0.00     0.00     0.00     1.00    41.00
 151.3267  -7.7364     1.03    91.66   146.64   702.00     0.35     0.00     0.01     0.81    -4.54     0.00     0.00     0.00     1.00    42.00
 151.3293  -7.6959   110.63    -4.99    -7.98   660.00     1.00     0.01     0.00     0.82    -5.08     0.00     0.00     0.00     1.00    43.00
 151.3006  -7.7589  -121.84    83.03   132.83   770.00     0.92     0.00     0.00     1.12    -6.02     0.00     0.00     0.00     1.00    44.00
 151.3202  -7.6869   110.59   -50.63   -80.99   805.00     0.13     0.00     0.01     1.14    -4.68     0.00     0.00     0.00     1.00    48.00
 151.3226  -7.6862   118.50   -46.33   -74.13   809.00     0.13     0.00     0.01     0.84    -4.67     0.00     0.00     0.00     1.00    49.00
 151.3160  -7.7040    56.64   -17.87   -28.59   821.00     0.18     0.00     0.01     1.21    -4.91     0.00     0.00     0.00     1.00    51.00
 151.3347  -7.6783   169.14   -36.19   -57.89   879.00     0.04     0.00     0.01     0.87    -4.97     0.00     0.00     0.00     1.00    52.00
 151.2744  -7.7311  -117.32   -53.73   -85.96   893.00     1.00     0.00     0.00     1.02    -8.80     0.00     0.00     0.00     1.00    58.00
 151.2971  -7.7059     4.01   -60.71   -97.12   740.00     0.33     0.00     0.01     0.80    -4.81     0.00     0.00     0.00     1.00    59.00
 151.2767  -7.7227   -90.15   -69.23  -110.75   480.00     0.11     0.00     0.00     1.13    -5.41     0.00     0.00     0.00     1.00    61.00
 151.3192  -7.6882   104.66   -49.99   -79.97   771.00     0.21     0.00     0.01     0.73    -4.60     0.00     0.00     0.00     1.00    62.00
 151.3399  -7.6772   184.98   -25.76   -41.22   887.00     0.03     0.00     0.01     1.31    -4.95     0.00     0.00     0.00     1.00    64.00
 151.3231  -7.7312     5.31    69.16   110.64   782.00     0.33     0.00     0.00     0.87    -5.37     0.00     0.00     0.00     1.00    66.00
 151.2679  -7.7627  -214.18    10.17    16.27   471.00     0.07     0.00     0.01     1.19    -4.78     0.00     0.00     0.00     1.00    70.00
 151.2895  -7.7461  -117.29    22.52    36.03   471.00     0.06     0.00     0.01     0.77    -4.78     0.00     0.00     0.00     1.00    71.00
 151.2808  -7.7281   -93.56   -45.30   -72.48   597.00     0.37     0.00     0.01     1.14    -4.68     0.00     0.00     0.00     1.00    73.00
 151.3234  -7.6867   119.26   -43.38   -69.40   856.00     0.06     0.00     0.01     0.98    -4.96     0.00     0.00     0.00     1.00    74.00
 151.3457  -7.6672   225.19   -36.47   -58.35   869.00     0.05     0.00     0.01     0.74    -4.90     0.00     0.00     0.00     1.00    75.00
 151.3441  -7.7098   112.62    67.61   108.16  1192.00     0.04     0.00     0.00     0.97   -20.22     0.00     0.00     0.00     1.00    77.00
 151.3397  -7.6944   140.72    17.50    28.00   706.00     0.92     0.01     0.00     0.94    -5.21     0.00     0.00     0.00     1.00    78.00
 151.3404  -7.6926   147.20    14.69    23.50   579.00     1.00     0.00     0.00     0.74    -5.62     0.00     0.00     0.00     1.00    79.00
 151.2828  -7.7315   -97.39   -31.65   -50.63   803.00     1.00     0.00     0.00     0.80    -6.52     0.00     0.00     0.00     1.00    80.00
 151.3085  -7.7389   -51.40    52.06    83.29   601.00     0.29     0.00     0.01     1.05    -4.49     0.00     0.00     0.00     1.00    82.00
 151.3106  -7.7047    41.09   -29.63   -47.39   586.00     0.88     0.00     0.00     1.13    -5.43     0.00     0.00     0.00     1.00    83.00
 151.2976  -7.7335   -65.10    10.74    17.19   628.00     0.95     0.01     0.00     0.98    -4.98     0.00     0.00     0.00     1.00    84.00
 151.3330  -7.6832   152.28   -27.86   -44.57   603.00     1.00     0.00     0.00     1.04    -5.44     0.00     0.00     0.00     1.00    89.00
 151.3232  -7.6909   108.22   -33.03   -52.83   539.00     1.00     0.00     0.00     0.76    -6.26     0.00     0.00     0.00     1.00    90.00
 151.3183  -7.7058    57.89    -7.43   -11.88   959.00     0.02     0.00     0.00     1.10    -6.76     0.00     0.00     0.00     1.00    92.00
 151.2798  -7.7193   -73.73   -70.36  -112.57   885.00     0.96     0.00     0.00     0.81    -8.64     0.00     0.00     0.00     1.00    96.00
 151.3262  -7.7162    51.23    38.82    62.11   407.00     1.00     0.00     0.00     0.77    -9.56     0.00     0.00     0.00     1.00    97.00
 151.2869  -7.7604  -160.64    52.34    83.73   837.00     1.00     0.00     0.00     1.15    -7.24     0.00     0.00     0.00     1.00    98.00
 151.3381  -7.7147    85.10    65.19   104.29   980.00     0.05     0.00     0.00     0.80    -9.01     0.00     0.00     0.00     1.00    99.00
 151.2719  -7.7250  -108.23   -75.75  -121.18   562.00     0.22     0.00     0.01     0.76    -4.58     0.00     0.00     0.00     1.00   100.00
 151.3309  -7.6985   108.26     5.81     9.29   949.00     0.01     0.00     0.00     0.82    -5.99     0.00     0.00     0.00     1.00   102.00
 151.2929  -7.7575  -137.69    60.06    96.08   441.00     0.05     0.00     0.00     0.84    -5.52     0.00     0.00     0.00     1.00   103.00
 151.2976  -7.7498  -106.59    52.26    83.60   426.00     0.05     0.00     0.00     0.88    -5.93     0.00     0.00     0.00     1.00   106.00
 151.2996  -7.7588  -124.36    80.08   128.11   582.00     0.29     0.00     0.01     1.15    -4.56     0.00     0.00     0.00     1.00   107.00
 151.2900  -7.7002     0.68   -93.30  -149.26   697.00     0.34     0.00     0.01     1.09    -4.51     0.00     0.00     0.00     1.00   108.00
 151.3184  -7.7341   -13.92    64.69   103.50   844.00     0.52     0.00     0.00     0.75    -7.01     0.00     0.00     0.00     1.00   109.00
 151.3453  -7.6850   178.93     7.66    12.26   809.00     0.21     0.00     0.01     0.80    -4.96     0.00     0.00     0.00     1.00   111.00
 151.3039  -7.7458   -80.39    57.79    92.44   428.00     0.07     0.00     0.00     1.15    -6.38     0.00     0.00     0.00     1.00   113.00
 151.3134  -7.7335   -24.92    50.66    81.05   841.00     0.70     0.00     0.00     0.99    -7.17     0.00     0.00     0.00     1.00   115.00
 151.3276  -7.6749   160.01   -62.69  -100.29   573.00     0.99     0.00     0.00     1.09    -5.80     0.00     0.00     0.00     1.00   116.00
 151.3360  -7.6908   140.67    -1.16    -1.85   910.00     0.02     0.00     0.01     1.09    -5.11     0.00     0.00     0.00     1.00   117.00
 151.2706  -7.7362  -140.01   -50.41   -80.64   519.00     0.13     0.00     0.01     1.04    -4.66     0.00     0.00     0.00     1.00   121.00
 151.3477  -7.6807   195.71     2.92     4.67   970.00     0.01     0.00     0.00     1.05    -6.52     0.00     0.00     0.00     1.00   122.00
 151.3091  -7.7329   -34.46    38.08    60.91   729.00     0.67     0.00     0.00     0.87    -5.21     0.00     0.00     0.00     1.00   123.00
 151.2901  -7.7293   -73.04   -18.84   -30.14   673.00     0.97     0.01     0.00     1.10    -5.05     0.00     0.00     0.00     1.00   126.00
 151.3000  -7.7524  -107.04    64.85   103.75   609.00     0.37     0.00     0.01     1.23    -4.61     0.00     0.00     0.00     1.00   130.00
 151.3035  -7.7129     2.56   -26.71   -42.73  1035.00     0.84     0.00     0.00     1.10   -13.62     0.00     0.00     0.00     1.00   131.00
 151.3485  -7.6829   192.13    10.55    16.88   939.00     0.01     0.00     0.00     1.05    -5.69     0.00     0.00     0.00     1.00   133.00
 151.3260  -7.7355     1.58    87.55   140.06  1123.00     0.79     0.00     0.00     1.05   -18.95     0.00     0.00     0.00     1.00   134.00
 151.2757  -7.7261  -101.51   -63.24  -101.16   575.00     0.25     0.00     0.01     1.15    -4.55     0.00     0.00     0.00     1.00   135.00
 151.3556  -7.6922   186.59    52.12    83.39   895.00     0.04     0.00     0.00     0.83    -5.36     0.00     0.00     0.00     1.00   140.00
 151.2948  -7.7263   -53.63   -14.59   -23.35   610.00     0.82     0.01     0.00     1.04    -4.90     0.00     0.00     0.00     1.00   142.00
 151.3362  -7.6921   137.81     2.63     4.21   886.00     0.03     0.00     0.01     0.79    -4.85     0.00     0.00     0.00     1.00   143.00
 151.2861  -7.7025   -15.12   -97.19  -155.48   433.00     0.38     0.00     0.00     1.14    -7.93     0.00     0.00     0.00     1.00   145.00
 151.3585  -7.6450   313.91   -60.76   -97.20   782.00     0.73     0.00     0.00     1.05    -5.56     0.00     0.00     0.00     2.00     5.00
 151.3646  -7.6931   206.95    76.88   122.99   661.00     0.92     0.01     0.00     0.75    -4.94     0.00     0.00     0.00     2.00     9.00
 151.3068  -7.7588  -105.97    98.43   157.46   510.00     0.15     0.00     0.00     0.81    -5.21     0.00     0.00     0.00     2.00    16.00
 151.3028  -7.6743    98.70  -126.84  -202.92   859.00     0.10     0.00     0.00     0.86    -5.82     0.00     0.00     0.00     2.00    17.00
 151.3677  -7.6829   240.59    58.71    93.92   652.00     0.98     0.01     0.00     1.05    -4.94     0.00     0.00     0.00     2.00    18.00
 151.2318  -7.7639  -308.38   -77.72  -124.34   625.00     0.96     0.01     0.00     0.75    -4.81     0.00     0.00     0.00     2.00    19.00
 151.2625  -7.7322  -150.12   -81.17  -129.85   904.00     0.92     0.00     0.00     0.72    -9.76     0.00     0.00     0.00     2.00    20.00
 151.2425  -7.7581  -266.64   -65.55  -104.86   711.00     0.99     0.01     0.00     1.06    -5.04     0.00     0.00     0.00     2.00    22.00
 151.3865  -7.6611   343.64    50.73    81.16   826.00     0.44     0.00     0.00     0.98    -5.98     0.00     0.00     0.00     2.00    31.00
 151.2939  -7.6809    59.43  -132.45  -211.89   463.00     0.36     0.00     0.00     1.04    -7.23     0.00     0.00     0.00     2.00    47.00
 151.2465  -7.7919  -342.43    30.51    48.81   651.00     1.00     0.01     0.00     1.08    -4.70     0.00     0.00     0.00     2.00    55.00
 151.2562  -7.7423  -191.68   -71.27  -114.02   711.00     0.96     0.01     0.00     0.74    -5.23     0.00     0.00     0.00     2.00    60.00
 151.3546  -7.7157   123.99   109.21   174.71  1056.00     0.00     0.00     0.00     0.69    -8.23     0.00     0.00     0.00     2.00    63.00
 151.3406  -7.6580   235.61   -72.97  -116.74   773.00     0.55     0.00     0.00     0.67    -5.32     0.00     0.00     0.00     2.00    67.00
 151.2387  -7.7484  -251.39   -99.86  -159.75   601.00     0.81     0.01     0.00     0.83    -4.92     0.00     0.00     0.00     2.00    68.00
 151.2640  -7.7752  -255.91    32.42    51.86   396.00     0.01     0.00     0.00     0.83    -5.36     0.00     0.00     0.00     2.00    72.00
 151.3628  -7.6747   249.24    25.59    40.94   899.00     0.02     0.00     0.00     0.98    -5.44     0.00     0.00     0.00     2.00    86.00
 151.3305  -7.7388     4.45   107.17   171.45   580.00     0.43     0.00     0.00     0.79    -5.00     0.00     0.00     0.00     2.00    88.00
 151.2612  -7.7811  -277.96    40.27    64.42   637.00     0.99     0.01     0.00     0.75    -4.89     0.00     0.00     0.00     2.00    91.00
 151.3732  -7.6690   289.97    37.37    59.79   703.00     0.98     0.01     0.00     0.98    -4.93     0.00     0.00     0.00     2.00    94.00
 151.2836  -7.7046   -26.64   -98.19  -157.08   798.00     0.35     0.00     0.00     1.15    -5.77     0.00     0.00     0.00     2.00   112.00
 151.2793  -7.7014   -29.33  -117.00  -187.17   662.00     0.54     0.01     0.00     1.15    -4.60     0.00     0.00     0.00     2.00   119.00
 151.3101  -7.6678   133.71  -124.85  -199.74   794.00     0.31     0.00     0.00     1.11    -5.18     0.00     0.00     0.00     2.00   124.00
 151.3254  -7.6669   174.61   -88.48  -141.56  1033.00     0.00     0.00     0.00     0.66    -6.92     0.00     0.00     0.00     2.00   136.00
 151.3735  -7.6507   337.41    -8.54   -13.67   732.00     0.98     0.01     0.00     0.67    -5.07     0.00     0.00     0.00     2.00   139.00
 151.2892  -7.7723  -184.89    88.43   141.47   518.00     0.21     0.00     0.00     0.81    -5.20     0.00     0.00     0.00     2.00   144.00
 151.3148  -7.6755   126.04   -93.55  -149.67   957.00     0.00     0.00     0.00     0.78    -6.27     0.00     0.00     0.00     2.00   146.00
 151.3293  -7.7393     0.27   105.71   169.11   925.00     0.04     0.00     0.00     0.77    -7.61     0.00     0.00     0.00     2.00   148.00
 151.2755  -7.6893    -8.16  -157.61  -252.14   665.00     0.63     0.01     0.00     1.06    -4.33     0.00     0.00     0.00     3.00     3.00
 151.2472  -7.7264  -174.05  -134.21  -214.71   678.00     0.79     0.01     0.00     0.87    -4.57     0.00     0.00     0.00     3.00    11.00
 151.2737  -7.6949   -26.83  -147.67  -236.24   850.00     0.62     0.00     0.00     1.07    -7.51     0.00     0.00     0.00     3.00    12.00
 151.3125  -7.6483   189.51  -168.67  -269.84   583.00     0.94     0.01     0.00     0.84    -5.08     0.00     0.00     0.00     3.00    13.00
 151.2521  -7.7134  -128.62  -155.04  -248.04   499.00     0.34     0.00     0.00     0.82    -6.03     0.00     0.00     0.00     3.00    14.00
 151.3114  -7.6494   184.05  -168.38  -269.37   881.00     0.25     0.00     0.00     1.07    -7.41     0.00     0.00     0.00     3.00    28.00
 151.2895  -7.6639    91.75  -186.63  -298.57   878.00     0.48     0.00     0.00     0.80    -7.93     0.00     0.00     0.00     3.00    37.00
 151.2427  -7.7252  -182.37  -148.61  -237.75   665.00     0.80     0.01     0.00     1.06    -4.46     0.00     0.00     0.00     3.00    40.00
 151.3295  -7.6411   250.80  -143.95  -230.29   512.00     1.00     0.00     0.00     0.72    -6.62     0.00     0.00     0.00     3.00    45.00
 151.2966  -7.6603   118.70  -178.06  -284.86   547.00     0.90     0.00     0.00     1.09    -5.68     0.00     0.00     0.00     3.00    50.00
 151.2706  -7.6858   -11.63  -178.75  -285.97   795.00     0.73     0.00     0.00     0.73    -5.87     0.00     0.00     0.00     3.00    54.00
 151.2224  -7.7723  -353.47   -80.09  -128.12   684.00     0.99     0.01     0.00     1.06    -4.61     0.00     0.00     0.00     3.00    57.00
 151.3595  -7.7315    96.41   161.78   258.82   592.00     0.80     0.01     0.00     0.78    -4.93     0.00     0.00     0.00     3.00    65.00
 151.3691  -7.7157   160.62   145.99   233.55   636.00     0.81     0.01     0.00     1.07    -4.59     0.00     0.00     0.00     3.00    76.00
 151.2869  -7.6802    43.77  -151.71  -242.71   825.00     0.43     0.00     0.00     1.14    -6.34     0.00     0.00     0.00     3.00    93.00
 151.2994  -7.7802  -179.35   134.16   214.63   467.00     0.15     0.00     0.00     0.84    -6.28     0.00     0.00     0.00     3.00   101.00
 151.2802  -7.6790    29.98  -171.78  -274.80   627.00     0.72     0.01     0.00     1.02    -4.47     0.00     0.00     0.00     3.00   104.00
 151.3107  -7.6541   170.23  -158.32  -253.28   614.00     0.88     0.01     0.00     1.00    -4.73     0.00     0.00     0.00     3.00   105.00
 151.4061  -7.6647   383.93   109.50   175.17   808.00     0.44     0.00     0.00     0.76    -5.52     0.00     0.00     0.00     3.00   114.00
 151.2203  -7.7438  -286.04  -158.00  -252.76   503.00     0.41     0.00     0.00     1.02    -5.87     0.00     0.00     0.00     3.00   118.00
 151.3537  -7.7351    72.63   156.37   250.16   650.00     0.68     0.01     0.00     1.22    -4.40     0.00     0.00     0.00     3.00   125.00
 151.2730  -7.6814     5.66  -183.97  -294.31   689.00     0.75     0.01     0.00     1.06    -4.38     0.00     0.00     0.00     3.00   132.00
 151.2822  -7.8000  -273.11   141.11   225.75   753.00     0.99     0.01     0.00     1.10    -5.27     0.00     0.00     0.00     3.00   137.00
 151.2390  -7.7234  -187.02  -162.66  -260.22   579.00     0.62     0.01     0.00     0.82    -4.75     0.00     0.00     0.00     3.00   138.00
 151.3882  -7.6754   311.33    91.51   146.40   718.00     0.82     0.01     0.00     1.04    -4.71     0.00     0.00     0.00     3.00   141.00
 151.2928  -7.7982  -241.92   163.39   261.39   710.00     0.95     0.01     0.00     1.12    -4.68     0.00     0.00     0.00     3.00   149.00
 151.2892  -7.6187   205.85  -302.58  -484.07   798.00     0.96     0.00     0.00     0.71    -5.88     0.00     0.00     0.00     4.00     2.00
 151.2177  -7.7365  -274.23  -183.22  -293.12   709.00     1.00     0.01     0.00     1.05    -4.63     0.00     0.00     0.00     4.00     4.00
 151.4367  -7.7022   365.58   282.01   451.15   963.00     0.04     0.00     0.00     0.70    -9.64     0.00     0.00     0.00     4.00    15.00
 151.2621  -7.6741    -3.35  -229.73  -367.52   424.00     1.00     0.00     0.00     0.92    -9.37     0.00     0.00     0.00     4.00    21.00
 151.2762  -7.6710    40.15  -202.19  -323.47   742.00     0.76     0.01     0.00     0.74    -4.78     0.00     0.00     0.00     4.00    25.00
 151.2566  -7.6466    52.83  -313.95  -502.25   611.00     1.00     0.01     0.00     0.82    -4.57     0.00     0.00     0.00     4.00    32.00
 151.2846  -7.8151  -305.40   185.84   297.31   486.00     0.30     0.00     0.00     0.98    -5.92     0.00     0.00     0.00     4.00    46.00
 151.3044  -7.8061  -232.87   212.80   340.44   696.00     1.00     0.01     0.00     1.08    -4.50     0.00     0.00     0.00     4.00    53.00
 151.3813  -7.7508   102.01   265.87   425.33   642.00     0.99     0.01     0.00     1.05    -4.39     0.00     0.00     0.00     4.00    56.00
 151.2897  -7.8129  -287.03   192.86   308.53   658.00     1.00     0.01     0.00     0.75    -4.42     0.00     0.00     0.00     4.00    69.00
 151.3361  -7.6242   310.50  -170.21  -272.30   983.00     0.02     0.00     0.00     0.75    -9.43     0.00     0.00     0.00     4.00    81.00
 151.3670  -7.7907   -35.38   331.44   530.24   593.00     0.99     0.01     0.00     0.86    -4.75     0.00     0.00     0.00     4.00    85.00
 151.3225  -7.6256   272.54  -200.84  -321.30   773.00     0.88     0.00     0.00     1.11    -5.33     0.00     0.00     0.00     4.00    87.00
 151.3376  -7.8111  -161.76   309.30   494.81   482.00     0.99     0.00     0.00     1.01    -7.16     0.00     0.00     0.00     4.00    95.00
 151.1804  -7.7129  -308.12  -337.15  -539.37   663.00     0.98     0.01     0.00     1.09    -5.00     0.00     0.00     0.00     4.00   110.00
 151.3126  -7.8081  -217.06   238.62   381.74   708.00     1.00     0.01     0.00     0.80    -4.55     0.00     0.00     0.00     4.00   120.00
 151.3296  -7.7732   -85.30   192.64   308.18   762.00     1.00     0.00     0.00     0.85    -5.39     0.00     0.00     0.00     4.00   127.00
 151.3245  -7.6262   276.11  -194.38  -310.96   618.00     1.00     0.01     0.00     0.73    -4.60     0.00     0.00     0.00     4.00   128.00
 151.2359  -7.6614   -37.02  -328.28  -525.17   641.00     0.99     0.01     0.00     1.02    -4.37     0.00     0.00     0.00     4.00   129.00
 151.2773  -7.6724    39.34  -196.06  -313.65   770.00     0.82     0.00     0.00     0.67    -5.34     0.00     0.00     0.00     4.00   147.00
