# i     RA           DEC         V        g        z       
  1     190.940928   11.554591   1128.0   23.512   22.201  
  2     190.968314   11.550888   1171.0   21.593   20.587  
  3     190.956115   11.550649   1036.0   23.951   22.171  
  4     190.9979     11.5586     1210.0   23.761   22.289  
  5     190.94571    11.563868   837.0    23.144   22.305  
  6     190.97861    11.561268   930.0    23.765   22.355  
  7     190.935322   11.554961   1027.0   22.132   20.651  
  8     190.972716   11.538438   1286.0   22.017   20.729  
  9     190.957741   11.53852    1497.0   21.715   20.756  
  10    190.970971   11.569358   1386.0   23.545   22.639  
  11    190.964076   11.561869   1050.0   21.775   20.789  
  12    190.960135   11.599951   1114.0   22.085   20.822  
  13    190.980223   11.556329   1119.0   23.847   22.763  
  14    190.952045   11.558243   1345.0   22.021   20.978  
  15    190.927624   11.561247   943.0    22.149   21.044  
  16    190.971457   11.550338   723.0    22.14    21.043  
  17    190.98018    11.59037    854.0    22.589   21.127  
  18    190.975796   11.559922   1198.0   22.428   21.121  
  19    190.932606   11.556933   814.0    22.284   21.173  
  20    190.950706   11.554195   435.0    22.311   21.159  
  21    190.950801   11.543297   1028.0   21.004   19.555  
  22    190.977128   11.545064   1165.0   22.483   21.199  
  23    190.945869   11.582635   484.0    22.301   21.228  
  24    190.962849   11.548043   1295.0   22.436   21.228  
  25    190.943846   11.566978   744.0    22.664   21.246  
  26    190.954747   11.547145   1288.0   22.859   21.184  
  27    190.993942   11.55583    849.0    22.893   21.341  
  28    190.925748   11.56362    1492.0   21.512   20.22   
  29    190.99913    11.560489   1258.0   22.697   21.404  
  30    190.945015   11.547525   1555.0   22.286   21.351  
  31    190.960429   11.551387   1029.0   22.349   21.405  
  32    190.944658   11.578264   1249.0   22.542   21.413  
  33    190.935929   11.554324   722.0    21.901   20.379  
  34    190.985543   11.557587   1110.0   22.81    21.639  
  35    190.969996   11.54818    999.0    22.437   21.575  
  36    190.995062   11.567944   1040.0   21.539   20.413  
  37    190.971596   11.589068   1275.0   23.016   21.67   
  38    190.97856    11.585947   922.0    23.038   21.673  
  39    190.926564   11.564781   969.0    23.141   21.72   
  40    190.968866   11.577995   695.0    22.668   21.404  
  41    190.973885   11.538153   1146.0   21.813   20.444  
  42    190.959369   11.536497   1183.0   22.949   21.741  
  43    190.946454   11.57348    919.0    23.128   21.787  
  44    190.952497   11.585424   1065.0   22.89    21.838  
  45    190.956764   11.559963   893.0    22.834   21.819  
  46    190.942674   11.559595   705.0    21.971   20.475  
  47    190.946564   11.570028   1239.0   22.827   21.926  
  48    190.966772   11.579604   856.0    23.052   21.972  
  49    190.959268   11.556919   1207.0   23.516   21.956  
  50    190.936561   11.544472   735.0    23.133   21.741  
  51    190.931197   11.499663   1065.0   22.703   21.78   
  52    190.932566   11.541706   1147.0   22.844   21.842  
  53    190.946271   11.545542   626.0    23.392   21.865  
  54    190.987852   11.529671   1145.0   23.339   21.935  
  55    190.929053   11.536658   612.0    21.333   19.759  
  56    190.93679    11.548458   619.0    21.256   19.824  
  57    190.953367   11.500012   1200.0   23.454   22.04   
  58    190.964093   11.525512   981.0    20.903   19.895  
  59    190.94117    11.541692   1248.0   23.617   22.15   
  60    190.94126    11.514928   687.0    20.886   19.955  
  61    190.951988   11.519797   1042.0   21.601   19.995  
  62    190.952201   11.537679   1326.0   23.332   22.281  
  63    190.972161   11.528278   1326.0   23.381   22.41   
  64    190.946732   11.50276    1059.0   21.211   20.184  
  65    190.945408   11.542805   1035.0   21.807   20.258  
  66    190.936721   11.515761   903.0    21.36    20.268  
  67    190.961741   11.497691   935.0    21.475   20.332  
  68    190.958568   11.516367   1028.0   21.317   20.339  
  69    190.932227   11.529109   907.0    21.486   20.382  
  70    190.942434   11.539054   845.0    22.02    20.542  
  71    190.962592   11.51511    663.0    21.65    20.592  
  72    190.927681   11.51649    820.0    21.969   20.632  
  73    190.948131   11.539458   1015.0   21.735   20.642  
  74    190.917448   11.501384   1337.0   22.089   20.645  
  75    190.974527   11.531692   836.0    22.133   20.743  
  76    190.981131   11.536706   794.0    21.723   20.759  
  77    190.949435   11.528578   881.0    21.905   20.786  
  78    190.94055    11.512596   1139.0   21.854   20.814  
  79    190.982818   11.537818   1107.0   21.842   20.812  
  80    190.968799   11.525652   1241.0   22.221   20.84   
  81    190.968731   11.515358   840.0    22.114   20.893  
  82    190.947294   11.53229    1072.0   21.981   20.926  
  83    190.986235   11.539346   638.0    22.357   20.933  
  84    190.942476   11.524928   1059.0   22.077   21.064  
  85    190.975379   11.517859   915.0    22.061   21.161  
  86    190.930155   11.532484   1120.0   22.893   21.319  
  87    190.956637   11.515818   1033.0   22.67    21.306  
  88    190.94619    11.522652   1114.0   22.296   21.391  
  89    190.984069   11.536672   1148.0   22.499   21.202  
  90    190.975521   11.51811    1076.0   22.913   21.552  
  91    190.931689   11.518259   1084.0   22.84    21.607  
  92    190.935672   11.53936    1230.0   22.632   21.685  
  93    190.907245   11.617526   1209.0   21.738   20.414  
  94    190.902832   11.59475    1326.0   22.928   22.092  
  95    190.934062   11.584262   641.0    22.963   22.121  
  96    190.936866   11.603551   1055.0   21.559   20.429  
  97    190.907124   11.58134    1495.0   23.801   22.361  
  98    190.8982     11.60234    1117.0   21.88    20.568  
  99    190.91818    11.596693   1153.0   21.81    20.703  
  100   190.901653   11.594859   1008.0   22.339   20.845  
  101   190.903119   11.603261   779.0    22.516   21.123  
  102   190.924373   11.586018   1302.0   22.374   21.14   
  103   190.914791   11.581128   875.0    22.072   21.171  
  104   190.926298   11.57923    1198.0   22.08    21.258  
  105   190.949711   11.594466   1247.0   21.083   19.943  
  106   190.932462   11.587275   648.0    22.358   21.318  
  107   190.917103   11.592138   762.0    22.283   21.373  
  108   190.902201   11.584112   1433.0   22.963   21.376  
  109   190.929196   11.621098   1000.0   22.325   21.404  
  110   190.933412   11.592482   1070.0   23.017   21.516  
  111   190.931122   11.586067   1048.0   22.403   21.477  
  112   190.924164   11.608236   871.0    22.971   21.565  
  113   190.926099   11.573786   1425.0   22.47    21.537  
  114   190.913051   11.609108   882.0    22.555   21.626  
  115   190.927073   11.625386   999.0    22.59    21.655  
  116   190.930299   11.599826   1381.0   22.806   21.671  
  117   190.923519   11.585082   1191.0   23.1     21.762  
  118   190.894246   11.602852   1508.0   21.139   20.238  
  119   190.916334   11.576334   1048.0   23.073   21.84   
  120   190.925658   11.572939   1327.0   23.424   21.846  
  121   190.932446   11.578073   786.0    22.659   21.834  
  122   190.933142   11.580597   1209.0   22.656   21.525  
  123   190.936884   11.591388   1016.0   23.408   21.928  
  124   190.916373   11.62678    1312.0   22.8     21.966  
  125   190.895139   11.592606   801.0    23.346   21.969  
  126   190.896571   11.602604   1477.0   21.436   20.272  
  127   190.882461   11.537553   1236.0   22.816   21.585  
  128   190.880918   11.501524   1541.0   22.511   21.525  
  129   190.863119   11.494442   1200.0   22.639   21.613  
  130   190.876828   11.528751   714.0    22.653   21.786  
  131   190.888974   11.515714   1772.0   22.503   21.566  
  132   190.873014   11.492471   1293.0   22.911   21.849  
  133   190.893571   11.488415   1174.0   23.033   21.895  
  134   190.873724   11.497264   1291.0   21.011   19.801  
  135   190.889054   11.505642   948.0    20.895   19.807  
  136   190.900264   11.522176   1017.0   21.232   19.864  
  137   190.874997   11.524772   1091.0   21.341   19.905  
  138   190.91669    11.533011   979.0    21.374   20.092  
  139   190.875923   11.533314   933.0    21.767   20.158  
  140   190.872817   11.500404   1150.0   21.502   20.193  
  141   190.911563   11.490214   1174.0   21.242   20.29   
  142   190.894771   11.52508    1323.0   21.23    20.272  
  143   190.904165   11.510798   1086.0   21.267   20.271  
  144   190.905269   11.521342   1160.0   21.3     20.352  
  145   190.888132   11.502481   978.0    21.417   20.359  
  146   190.900524   11.503067   1164.0   21.434   20.417  
  147   190.885548   11.509034   939.0    21.608   20.447  
  148   190.897073   11.523806   1194.0   21.57    20.472  
  149   190.905429   11.500656   1331.0   21.398   20.448  
  150   190.909617   11.536153   1302.0   21.975   20.65   
  151   190.89402    11.54107    1478.0   21.642   20.683  
  152   190.878539   11.514616   1265.0   22.336   20.766  
  153   190.910507   11.481268   1068.0   22.239   20.805  
  154   190.891427   11.517326   1318.0   21.768   20.85   
  155   190.903349   11.482846   1077.0   21.781   20.891  
  156   190.918588   11.526058   1114.0   21.921   20.971  
  157   190.90194    11.498321   1120.0   21.869   20.961  
  158   190.902652   11.505414   1490.0   21.85    20.982  
  159   190.884515   11.49921    599.0    21.892   21.038  
  160   190.915322   11.502656   960.0    22.196   21.093  
  161   190.918411   11.519521   1150.0   22.042   21.107  
  162   190.912675   11.527524   1042.0   22.105   21.167  
  163   190.902542   11.511701   1502.0   22.147   21.151  
  164   190.905873   11.536985   1202.0   22.595   21.07   
  165   190.920575   11.526212   977.0    22.5     21.277  
  166   190.914518   11.530622   1485.0   22.728   21.417  
  167   190.873927   11.509989   1142.0   22.478   21.456  
  168   190.867439   11.563184   841.0    21.392   20.48   
  169   190.821115   11.543867   1181.0   23.372   22.349  
  170   190.870548   11.569695   1348.0   23.567   22.355  
  171   190.871242   11.547231   1285.0   23.825   22.43   
  172   190.878644   11.570993   818.0    21.739   20.506  
  173   190.845696   11.553962   1675.0   23.84    22.465  
  174   190.874845   11.547904   1209.0   21.86    20.844  
  175   190.85731    11.555255   1347.0   24.293   22.929  
  176   190.836408   11.577801   1197.0   22.568   21.049  
  177   190.874522   11.555089   1130.0   22.486   21.092  
  178   190.878452   11.558603   971.0    22.008   20.845  
  179   190.883222   11.563824   993.0    22.768   21.163  
  180   190.878966   11.561461   892.0    22.41    21.209  
  181   190.854106   11.579012   893.0    22.423   21.257  
  182   190.853808   11.540789   1323.0   22.313   21.321  
  183   190.839524   11.573301   1358.0   22.459   21.385  
  184   190.847521   11.546213   1393.0   21.257   20.111  
  185   190.85472    11.562113   1200.0   22.473   21.468  
  186   190.890296   11.566226   724.0    22.802   21.503  
  187   190.867689   11.544004   1330.0   22.35    21.483  
  188   190.826429   11.553471   1537.0   22.73    21.522  
  189   190.831492   11.530047   1228.0   22.893   21.538  
  190   190.835794   11.557513   1503.0   22.474   21.627  
  191   190.86183    11.571652   1393.0   22.534   21.673  
  192   190.861844   11.523624   1521.0   22.742   21.695  
  193   190.849492   11.570089   1088.0   22.749   21.851  
  194   190.858854   11.551629   1354.0   23.291   21.954  
  195   190.864444   11.561433   1051.0   22.918   22.048  
  196   190.867012   11.541612   1317.0   21.681   20.369  
  197   190.827631   11.560081   1401.0   23.83    22.346  
  198   190.908135   11.554619   1346.0   23.547   22.206  
  199   190.908247   11.555142   1083.0   23.185   21.476  
  200   190.911308   11.54594    927.0    23.194   21.974  
  201   190.923321   11.558147   1265.0   22.326   20.826  
  202   190.92524    11.550037   941.0    21.896   20.611  
  203   190.924935   11.54913    1128.0   22.118   20.828  
  204   190.912073   11.544764   1337.0   21.995   20.716  
  205   190.91523    11.555139   1303.0   22.083   20.684  
  206   190.922995   11.544826   970.0    21.773   20.643  
  207   190.910652   11.54433    923.0    21.001   20.006  
  208   190.923368   11.560789   1179.0   21.654   20.373  
  209   190.923122   11.544386   1451.0   21.677   20.748  
  210   190.91284    11.542577   979.0    23.06    21.518  
  211   190.919218   11.563266   1579.0   22.929   22.005  
  212   190.926066   11.558308   625.0    21.652   20.061  
  213   190.905011   11.551653   703.0    22.406   20.868  
  214   190.91174    11.56301    1297.0   22.048   20.669  
  215   190.909375   11.561721   742.0    22.224   21.074  
  216   190.906506   11.54601    875.0    21.8     20.837  
  217   190.926953   11.559918   914.0    21.945   21.045  
  218   190.929176   11.554596   909.0    23.048   21.427  
  219   190.91607    11.539548   1330.0   22.974   21.453  
  220   190.911694   11.565295   1086.0   22.38    21.283  
  221   190.915476   11.539077   992.0    20.776   19.192  
  222   190.930232   11.557021   785.0    22.365   21.27   
  223   190.905955   11.563472   1494.0   23.628   22.29   
  224   190.90385    11.54423    1697.0   22.705   21.567  
  225   190.930381   11.545569   1100.0   22.172   20.708  
  226   190.92466    11.539005   1016.0   20.704   19.704  
  227   190.923765   11.538516   1150.0   22.519   21.078  
  228   190.904672   11.54094    1451.0   23.914   22.731  
  229   190.900323   11.547675   1296.0   23.13    21.487  
  230   190.903102   11.56346    1162.0   22.729   21.16   
  231   190.920876   11.535967   925.0    21.139   20.081  
  232   190.929361   11.540827   771.0    23.182   21.89   
  233   190.921309   11.535218   1050.0   21.905   20.835  
  234   190.898015   11.55311    1573.0   21.273   20.27   
  235   190.919379   11.548735   1080.0   21.834   20.908  
  236   190.929361   11.538942   1166.0   21.281   19.806  
  237   190.912137   11.570944   1166.0   22.031   21.004  
  238   190.906963   11.568996   909.0    22.527   21.621  
  239   190.896511   11.552206   1509.0   21.565   20.566  
  240   190.910642   11.571614   1554.0   23.024   21.409  
  241   190.911233   11.551417   833.0    21.339   20.23   
  242   190.894739   11.550781   1338.0   24.05    22.579  
  243   190.927345   11.533789   1317.0   21.176   20.149  
  244   190.912199   11.574605   1059.0   22.284   21.255  
  245   190.895413   11.561272   1387.0   21.637   20.257  
  246   190.909422   11.575511   731.0    22.653   20.993  
  247   190.899881   11.571098   989.0    22.428   21.169  
  248   190.892924   11.562687   1170.0   21.865   20.931  
  249   190.894222   11.566339   1170.0   21.389   20.37   
  250   190.895288   11.569726   1330.0   22.2     20.764  
  251   190.91038    11.550754   1399.0   23.479   22.158  
  252   190.922264   11.555807   1624.0   22.346   20.746  
  253   190.887003   11.551661   1252.0   23.339   22.309  
  254   190.912608   11.558319   1859.0   20.418   19.188  
