 151.2995  -7.7083     4.38   -48.42   -77.47   689.00     0.36     0.00     0.01     1.17    -4.46     0.00     0.00     0.00     1.00     1.00
 151.2995  -7.7083     4.38   -48.42   -77.47   689.00     0.50     1.00     1.01     1.17    -4.46     0.00     0.00     0.00     1.00     1.00
 151.2995  -7.7083     4.38   -48.42   -77.47   689.00     0.50     2.73     2.74     1.17    -4.46     0.00     0.00     0.00     1.00     1.00
 151.2995  -7.7083     4.38   -48.42   -77.47   689.00     0.50    15.33    15.46     1.17    -4.46     0.00     0.00     0.00     1.00     1.00
 151.2735  -7.7173   -83.88   -91.82  -146.90   750.00     0.70     0.00     0.00     1.13    -5.55     0.00     0.00     0.00     1.00     6.00
 151.2735  -7.7173   -83.88   -91.82  -146.90   750.00     0.50     1.00     1.00     1.13    -5.55     0.00     0.00     0.00     1.00     6.00
 151.2735  -7.7173   -83.88   -91.82  -146.90   750.00     0.50     2.73     2.72     1.13    -5.55     0.00     0.00     0.00     1.00     6.00
 151.2735  -7.7173   -83.88   -91.82  -146.90   750.00     0.50    15.27    15.20     1.13    -5.55     0.00     0.00     0.00     1.00     6.00
 151.3228  -7.6948    97.19   -23.50   -37.59   997.00     0.01     0.00     0.00     1.11    -8.00     0.00     0.00     0.00     1.00     7.00
 151.3228  -7.6948    97.19   -23.50   -37.59   997.00     0.50     1.00     1.00     1.11    -8.00     0.00     0.00     5.00     1.00     7.00
 151.3228  -7.6948    97.19   -23.50   -37.59   997.00     0.50     2.72     2.72     1.11    -8.00     0.00     0.00     5.00     1.00     7.00
 151.3228  -7.6948    97.19   -23.50   -37.59   997.00     0.50    15.15    15.17     1.11    -8.00     0.00     0.00     5.00     1.00     7.00
 151.3052  -7.7346   -48.73    32.55    52.08   531.00     0.21     0.00     0.01     1.05    -4.81     0.00     0.00     0.00     1.00     8.00
 151.3052  -7.7346   -48.73    32.55    52.08   531.00     0.50     1.00     1.01     1.05    -4.81     0.00     0.00     0.00     1.00     8.00
 151.3052  -7.7346   -48.73    32.55    52.08   531.00     0.50     2.72     2.74     1.05    -4.81     0.00     0.00     0.00     1.00     8.00
 151.3052  -7.7346   -48.73    32.55    52.08   531.00     0.50    15.22    15.42     1.05    -4.81     0.00     0.00     0.00     1.00     8.00
 151.2914  -7.7244   -57.44   -28.36   -45.37   480.00     0.12     0.00     0.00     0.82    -5.19     0.00     0.00     0.00     1.00    10.00
 151.2914  -7.7244   -57.44   -28.36   -45.37   480.00     0.50     1.00     1.00     0.82    -5.19     0.00     0.00     0.00     1.00    10.00
 151.2914  -7.7244   -57.44   -28.36   -45.37   480.00     0.50     2.72     2.73     0.82    -5.19     0.00     0.00     0.00     1.00    10.00
 151.2914  -7.7244   -57.44   -28.36   -45.37   480.00     0.50    15.18    15.36     0.82    -5.19     0.00     0.00     0.00     1.00    10.00
 151.3139  -7.7261    -5.25    32.85    52.55   649.00     0.47     0.01     0.01     1.00    -4.45     0.00     0.00     0.00     1.00    23.00
 151.3139  -7.7261    -5.25    32.85    52.55   649.00     0.50     1.01     1.01     1.00    -4.45     0.00     0.00     0.00     1.00    23.00
 151.3139  -7.7261    -5.25    32.85    52.55   649.00     0.50     2.73     2.74     1.00    -4.45     0.00     0.00     0.00     1.00    23.00
 151.3139  -7.7261    -5.25    32.85    52.55   649.00     0.50    15.38    15.41     1.00    -4.45     0.00     0.00     0.00     1.00    23.00
 151.2985  -7.7316   -57.91     7.69    12.30   510.00     0.27     0.00     0.00     1.02    -5.08     0.00     0.00     0.00     1.00    24.00
 151.2985  -7.7316   -57.91     7.69    12.30   510.00     0.50     1.00     1.00     1.02    -5.08     0.00     0.00     0.00     1.00    24.00
 151.2985  -7.7316   -57.91     7.69    12.30   510.00     0.50     2.72     2.73     1.02    -5.08     0.00     0.00     0.00     1.00    24.00
 151.2985  -7.7316   -57.91     7.69    12.30   510.00     0.50    15.22    15.34     1.02    -5.08     0.00     0.00     0.00     1.00    24.00
 151.3359  -7.7109    88.92    50.61    80.96   810.00     0.13     0.00     0.01     1.09    -4.78     0.00     0.00     0.00     1.00    26.00
 151.3359  -7.7109    88.92    50.61    80.96   810.00     0.50     1.00     1.01     1.09    -4.78     0.00     0.00     0.00     1.00    26.00
 151.3359  -7.7109    88.92    50.61    80.96   810.00     0.50     2.72     2.74     1.09    -4.78     0.00     0.00     0.00     1.00    26.00
 151.3359  -7.7109    88.92    50.61    80.96   810.00     0.50    15.20    15.46     1.09    -4.78     0.00     0.00     0.00     1.00    26.00
 151.3282  -7.7045    86.04    14.94    23.89   924.00     0.02     0.00     0.00     0.77    -5.71     0.00     0.00     0.00     1.00    27.00
 151.3282  -7.7045    86.04    14.94    23.89   924.00     0.50     1.00     1.00     0.77    -5.71     0.00     0.00     0.00     1.00    27.00
 151.3282  -7.7045    86.04    14.94    23.89   924.00     0.50     2.72     2.73     0.77    -5.71     0.00     0.00     0.00     1.00    27.00
 151.3282  -7.7045    86.04    14.94    23.89   924.00     0.50    15.16    15.29     0.77    -5.71     0.00     0.00     0.00     1.00    27.00
 151.2900  -7.7088   -20.63   -71.46  -114.32   437.00     0.28     0.00     0.00     1.08    -7.59     0.00     0.00     0.00     1.00    29.00
 151.2900  -7.7088   -20.63   -71.46  -114.32   437.00     0.50     1.00     1.00     1.08    -7.59     0.00     0.00     5.00     1.00    29.00
 151.2900  -7.7088   -20.63   -71.46  -114.32   437.00     0.50     2.72     2.72     1.08    -7.59     0.00     0.00     5.00     1.00    29.00
 151.2900  -7.7088   -20.63   -71.46  -114.32   437.00     0.50    15.16    15.17     1.08    -7.59     0.00     0.00     5.00     1.00    29.00
 151.3131  -7.7357   -31.74    55.32    88.50   525.00     0.23     0.00     0.00     1.01    -5.26     0.00     0.00     0.00     1.00    30.00
 151.3131  -7.7357   -31.74    55.32    88.50   525.00     0.50     1.00     1.00     1.01    -5.26     0.00     0.00     0.00     1.00    30.00
 151.3131  -7.7357   -31.74    55.32    88.50   525.00     0.50     2.72     2.73     1.01    -5.26     0.00     0.00     0.00     1.00    30.00
 151.3131  -7.7357   -31.74    55.32    88.50   525.00     0.50    15.20    15.32     1.01    -5.26     0.00     0.00     0.00     1.00    30.00
 151.2729  -7.7442  -154.24   -25.23   -40.37   539.00     0.29     0.00     0.01     0.73    -4.93     0.00     0.00     0.00     1.00    33.00
 151.2729  -7.7442  -154.24   -25.23   -40.37   539.00     0.50     1.00     1.01     0.73    -4.93     0.00     0.00     0.00     1.00    33.00
 151.2729  -7.7442  -154.24   -25.23   -40.37   539.00     0.50     2.72     2.73     0.73    -4.93     0.00     0.00     0.00     1.00    33.00
 151.2729  -7.7442  -154.24   -25.23   -40.37   539.00     0.50    15.24    15.37     0.73    -4.93     0.00     0.00     0.00     1.00    33.00
 151.3328  -7.7060    93.69    30.16    48.25   879.00     0.05     0.00     0.01     1.22    -5.22     0.00     0.00     0.00     1.00    34.00
 151.3328  -7.7060    93.69    30.16    48.25   879.00     0.50     1.00     1.01     1.22    -5.22     0.00     0.00     0.00     1.00    34.00
 151.3328  -7.7060    93.69    30.16    48.25   879.00     0.50     2.72     2.73     1.22    -5.22     0.00     0.00     0.00     1.00    34.00
 151.3328  -7.7060    93.69    30.16    48.25   879.00     0.50    15.17    15.37     1.22    -5.22     0.00     0.00     0.00     1.00    34.00
 151.3383  -7.6936   139.00    12.83    20.52  1028.00     0.01     0.00     0.00     0.85    -8.91     0.00     0.00     0.00     1.00    35.00
 151.3383  -7.6936   139.00    12.83    20.52  1028.00     0.50     1.00     1.00     0.85    -8.91     0.00     0.00     5.00     1.00    35.00
 151.3383  -7.6936   139.00    12.83    20.52  1028.00     0.50     2.72     2.72     0.85    -8.91     0.00     0.00     5.00     1.00    35.00
 151.3383  -7.6936   139.00    12.83    20.52  1028.00     0.50    15.15    15.16     0.85    -8.91     0.00     0.00     5.00     1.00    35.00
 151.2930  -7.7214   -45.50   -31.81   -50.89   525.00     0.21     0.00     0.01     1.17    -4.89     0.00     0.00     0.00     1.00    36.00
 151.2930  -7.7214   -45.50   -31.81   -50.89   525.00     0.50     1.00     1.01     1.17    -4.89     0.00     0.00     0.00     1.00    36.00
 151.2930  -7.7214   -45.50   -31.81   -50.89   525.00     0.50     2.72     2.73     1.17    -4.89     0.00     0.00     0.00     1.00    36.00
 151.2930  -7.7214   -45.50   -31.81   -50.89   525.00     0.50    15.22    15.40     1.17    -4.89     0.00     0.00     0.00     1.00    36.00
 151.3050  -7.6970    47.01   -63.02  -100.82   895.00     0.14     0.00     0.00     0.99    -7.06     0.00     0.00     0.00     1.00    38.00
 151.3050  -7.6970    47.01   -63.02  -100.82   895.00     0.50     1.00     1.00     0.99    -7.06     0.00     0.00     5.00     1.00    38.00
 151.3050  -7.6970    47.01   -63.02  -100.82   895.00     0.50     2.72     2.72     0.99    -7.06     0.00     0.00     5.00     1.00    38.00
 151.3050  -7.6970    47.01   -63.02  -100.82   895.00     0.50    15.16    15.18     0.99    -7.06     0.00     0.00     5.00     1.00    38.00
 151.3158  -7.7328   -17.64    54.68    87.48   862.00     0.63     0.00     0.00     1.08    -7.61     0.00     0.00     0.00     1.00    39.00
 151.3158  -7.7328   -17.64    54.68    87.48   862.00     0.50     1.00     1.00     1.08    -7.61     0.00     0.00     5.00     1.00    39.00
 151.3158  -7.7328   -17.64    54.68    87.48   862.00     0.50     2.72     2.72     1.08    -7.61     0.00     0.00     5.00     1.00    39.00
 151.3158  -7.7328   -17.64    54.68    87.48   862.00     0.50    15.17    15.16     1.08    -7.61     0.00     0.00     5.00     1.00    39.00
 151.3065  -7.7363   -50.01    40.19    64.29   596.00     0.33     0.00     0.01     0.85    -4.53     0.00     0.00     0.00     1.00    41.00
 151.3065  -7.7363   -50.01    40.19    64.29   596.00     0.50     1.00     1.01     0.85    -4.53     0.00     0.00     0.00     1.00    41.00
 151.3065  -7.7363   -50.01    40.19    64.29   596.00     0.50     2.73     2.74     0.85    -4.53     0.00     0.00     0.00     1.00    41.00
 151.3065  -7.7363   -50.01    40.19    64.29   596.00     0.50    15.30    15.46     0.85    -4.53     0.00     0.00     0.00     1.00    41.00
 151.3267  -7.7364     0.39    91.67   146.65   702.00     0.35     0.00     0.01     0.81    -4.54     0.00     0.00     0.00     1.00    42.00
 151.3267  -7.7364     0.39    91.67   146.65   702.00     0.50     1.00     1.01     0.81    -4.54     0.00     0.00     0.00     1.00    42.00
 151.3267  -7.7364     0.39    91.67   146.65   702.00     0.50     2.73     2.74     0.81    -4.54     0.00     0.00     0.00     1.00    42.00
 151.3267  -7.7364     0.39    91.67   146.65   702.00     0.50    15.31    15.45     0.81    -4.54     0.00     0.00     0.00     1.00    42.00
 151.3293  -7.6959   110.66    -4.21    -6.74   660.00     1.00     0.01     0.00     0.82    -5.08     0.00     0.00     0.00     1.00    43.00
 151.3293  -7.6959   110.66    -4.21    -6.74   660.00     0.50     1.01     1.00     0.82    -5.08     0.00     0.00     0.00     1.00    43.00
 151.3293  -7.6959   110.66    -4.21    -6.74   660.00     0.50     2.74     2.72     0.82    -5.08     0.00     0.00     0.00     1.00    43.00
 151.3293  -7.6959   110.66    -4.21    -6.74   660.00     0.50    15.41    15.16     0.82    -5.08     0.00     0.00     0.00     1.00    43.00
 151.3006  -7.7589  -122.42    82.18   131.47   770.00     0.92     0.00     0.00     1.12    -6.02     0.00     0.00     0.00     1.00    44.00
 151.3006  -7.7589  -122.42    82.18   131.47   770.00     0.50     1.00     1.00     1.12    -6.02     0.00     0.00     0.00     1.00    44.00
 151.3006  -7.7589  -122.42    82.18   131.47   770.00     0.50     2.72     2.72     1.12    -6.02     0.00     0.00     0.00     1.00    44.00
 151.3006  -7.7589  -122.42    82.18   131.47   770.00     0.50    15.25    15.16     1.12    -6.02     0.00     0.00     0.00     1.00    44.00
 151.3202  -7.6869   110.94   -49.85   -79.76   805.00     0.13     0.00     0.01     1.14    -4.67     0.00     0.00     0.00     1.00    48.00
 151.3202  -7.6869   110.94   -49.85   -79.76   805.00     0.50     1.00     1.01     1.14    -4.67     0.00     0.00     0.00     1.00    48.00
 151.3202  -7.6869   110.94   -49.85   -79.76   805.00     0.50     2.72     2.74     1.14    -4.67     0.00     0.00     0.00     1.00    48.00
 151.3202  -7.6869   110.94   -49.85   -79.76   805.00     0.50    15.21    15.50     1.14    -4.67     0.00     0.00     0.00     1.00    48.00
 151.3226  -7.6862   118.82   -45.51   -72.80   809.00     0.13     0.00     0.01     0.84    -4.66     0.00     0.00     0.00     1.00    49.00
 151.3226  -7.6862   118.82   -45.51   -72.80   809.00     0.50     1.00     1.01     0.84    -4.66     0.00     0.00     0.00     1.00    49.00
 151.3226  -7.6862   118.82   -45.51   -72.80   809.00     0.50     2.72     2.74     0.84    -4.66     0.00     0.00     0.00     1.00    49.00
 151.3226  -7.6862   118.82   -45.51   -72.80   809.00     0.50    15.20    15.50     0.84    -4.66     0.00     0.00     0.00     1.00    49.00
 151.3160  -7.7040    56.77   -17.47   -27.96   821.00     0.18     0.00     0.01     1.21    -4.91     0.00     0.00     0.00     1.00    51.00
 151.3160  -7.7040    56.77   -17.47   -27.96   821.00     0.50     1.00     1.01     1.21    -4.91     0.00     0.00     0.00     1.00    51.00
 151.3160  -7.7040    56.77   -17.47   -27.96   821.00     0.50     2.72     2.73     1.21    -4.91     0.00     0.00     0.00     1.00    51.00
 151.3160  -7.7040    56.77   -17.47   -27.96   821.00     0.50    15.21    15.41     1.21    -4.91     0.00     0.00     0.00     1.00    51.00
 151.3347  -7.6783   169.39   -35.01   -56.00   879.00     0.04     0.00     0.01     0.87    -4.96     0.00     0.00     0.00     1.00    52.00
 151.3347  -7.6783   169.39   -35.01   -56.00   879.00     0.50     1.00     1.01     0.87    -4.96     0.00     0.00     0.00     1.00    52.00
 151.3347  -7.6783   169.39   -35.01   -56.00   879.00     0.50     2.72     2.74     0.87    -4.96     0.00     0.00     0.00     1.00    52.00
 151.3347  -7.6783   169.39   -35.01   -56.00   879.00     0.50    15.17    15.44     0.87    -4.96     0.00     0.00     0.00     1.00    52.00
 151.2744  -7.7311  -116.94   -54.55   -87.27   893.00     1.00     0.00     0.00     1.02    -8.80     0.00     0.00     0.00     1.00    58.00
 151.2744  -7.7311  -116.94   -54.55   -87.27   893.00     0.50     1.00     1.00     1.02    -8.80     0.00     0.00     5.00     1.00    58.00
 151.2744  -7.7311  -116.94   -54.55   -87.27   893.00     0.50     2.72     2.72     1.02    -8.80     0.00     0.00     5.00     1.00    58.00
 151.2744  -7.7311  -116.94   -54.55   -87.27   893.00     0.50    15.16    15.15     1.02    -8.80     0.00     0.00     5.00     1.00    58.00
 151.2971  -7.7059     4.43   -60.68   -97.07   740.00     0.33     0.00     0.01     0.80    -4.81     0.00     0.00     0.00     1.00    59.00
 151.2971  -7.7059     4.43   -60.68   -97.07   740.00     0.50     1.00     1.01     0.80    -4.81     0.00     0.00     0.00     1.00    59.00
 151.2971  -7.7059     4.43   -60.68   -97.07   740.00     0.50     2.73     2.73     0.80    -4.81     0.00     0.00     0.00     1.00    59.00
 151.2971  -7.7059     4.43   -60.68   -97.07   740.00     0.50    15.26    15.38     0.80    -4.81     0.00     0.00     0.00     1.00    59.00
 151.2767  -7.7227   -89.66   -69.86  -111.75   480.00     0.11     0.00     0.00     1.13    -5.42     0.00     0.00     0.00     1.00    61.00
 151.2767  -7.7227   -89.66   -69.86  -111.75   480.00     0.50     1.00     1.00     1.13    -5.42     0.00     0.00     0.00     1.00    61.00
 151.2767  -7.7227   -89.66   -69.86  -111.75   480.00     0.50     2.72     2.73     1.13    -5.42     0.00     0.00     0.00     1.00    61.00
 151.2767  -7.7227   -89.66   -69.86  -111.75   480.00     0.50    15.17    15.32     1.13    -5.42     0.00     0.00     0.00     1.00    61.00
 151.3192  -7.6882   105.00   -49.25   -78.80   771.00     0.21     0.00     0.01     0.73    -4.60     0.00     0.00     0.00     1.00    62.00
 151.3192  -7.6882   105.00   -49.25   -78.80   771.00     0.50     1.00     1.01     0.73    -4.60     0.00     0.00     0.00     1.00    62.00
 151.3192  -7.6882   105.00   -49.25   -78.80   771.00     0.50     2.72     2.74     0.73    -4.60     0.00     0.00     0.00     1.00    62.00
 151.3192  -7.6882   105.00   -49.25   -78.80   771.00     0.50    15.24    15.49     0.73    -4.60     0.00     0.00     0.00     1.00    62.00
 151.3399  -7.6772   185.16   -24.47   -39.15   887.00     0.03     0.00     0.01     1.31    -4.94     0.00     0.00     0.00     1.00    64.00
 151.3399  -7.6772   185.16   -24.47   -39.15   887.00     0.50     1.00     1.01     1.31    -4.94     0.00     0.00     0.00     1.00    64.00
 151.3399  -7.6772   185.16   -24.47   -39.15   887.00     0.50     2.72     2.74     1.31    -4.94     0.00     0.00     0.00     1.00    64.00
 151.3399  -7.6772   185.16   -24.47   -39.15   887.00     0.50    15.16    15.44     1.31    -4.94     0.00     0.00     0.00     1.00    64.00
 151.3231  -7.7312     4.83    69.20   110.70   782.00     0.33     0.00     0.00     0.87    -5.37     0.00     0.00     0.00     1.00    66.00
 151.3231  -7.7312     4.83    69.20   110.70   782.00     0.50     1.00     1.00     0.87    -5.37     0.00     0.00     0.00     1.00    66.00
 151.3231  -7.7312     4.83    69.20   110.70   782.00     0.50     2.72     2.73     0.87    -5.37     0.00     0.00     0.00     1.00    66.00
 151.3231  -7.7312     4.83    69.20   110.70   782.00     0.50    15.22    15.28     0.87    -5.37     0.00     0.00     0.00     1.00    66.00
 151.2679  -7.7627  -214.24     8.67    13.88   471.00     0.07     0.00     0.01     1.19    -4.78     0.00     0.00     0.00     1.00    70.00
 151.2679  -7.7627  -214.24     8.67    13.88   471.00     0.50     1.00     1.01     1.19    -4.78     0.00     0.00     0.00     1.00    70.00
 151.2679  -7.7627  -214.24     8.67    13.88   471.00     0.50     2.72     2.74     1.19    -4.78     0.00     0.00     0.00     1.00    70.00
 151.2679  -7.7627  -214.24     8.67    13.88   471.00     0.49    15.18    15.48     1.19    -4.78     0.00     0.00     0.00     1.00    70.00
 151.2895  -7.7461  -117.45    21.70    34.72   471.00     0.06     0.00     0.01     0.77    -4.77     0.00     0.00     0.00     1.00    71.00
 151.2895  -7.7461  -117.45    21.70    34.72   471.00     0.50     1.00     1.01     0.77    -4.77     0.00     0.00     0.00     1.00    71.00
 151.2895  -7.7461  -117.45    21.70    34.72   471.00     0.50     2.72     2.74     0.77    -4.77     0.00     0.00     0.00     1.00    71.00
 151.2895  -7.7461  -117.45    21.70    34.72   471.00     0.49    15.18    15.49     0.77    -4.77     0.00     0.00     0.00     1.00    71.00
 151.2808  -7.7281   -93.24   -45.96   -73.52   597.00     0.37     0.00     0.01     1.14    -4.67     0.00     0.00     0.00     1.00    73.00
 151.2808  -7.7281   -93.24   -45.96   -73.52   597.00     0.50     1.00     1.01     1.14    -4.67     0.00     0.00     0.00     1.00    73.00
 151.2808  -7.7281   -93.24   -45.96   -73.52   597.00     0.50     2.73     2.73     1.14    -4.67     0.00     0.00     0.00     1.00    73.00
 151.2808  -7.7281   -93.24   -45.96   -73.52   597.00     0.50    15.30    15.40     1.14    -4.67     0.00     0.00     0.00     1.00    73.00
 151.3234  -7.6867   119.56   -42.55   -68.07   856.00     0.06     0.00     0.01     0.98    -4.95     0.00     0.00     0.00     1.00    74.00
 151.3234  -7.6867   119.56   -42.55   -68.07   856.00     0.50     1.00     1.01     0.98    -4.95     0.00     0.00     0.00     1.00    74.00
 151.3234  -7.6867   119.56   -42.55   -68.07   856.00     0.50     2.72     2.74     0.98    -4.95     0.00     0.00     0.00     1.00    74.00
 151.3234  -7.6867   119.56   -42.55   -68.07   856.00     0.50    15.17    15.43     0.98    -4.95     0.00     0.00     0.00     1.00    74.00
 151.3457  -7.6672   225.44   -34.90   -55.83   869.00     0.05     0.00     0.01     0.74    -4.89     0.00     0.00     0.00     1.00    75.00
 151.3457  -7.6672   225.44   -34.90   -55.83   869.00     0.50     1.00     1.01     0.74    -4.89     0.00     0.00     0.00     1.00    75.00
 151.3457  -7.6672   225.44   -34.90   -55.83   869.00     0.50     2.72     2.74     0.74    -4.89     0.00     0.00     0.00     1.00    75.00
 151.3457  -7.6672   225.44   -34.90   -55.83   869.00     0.50    15.17    15.45     0.74    -4.89     0.00     0.00     0.00     1.00    75.00
 151.3441  -7.7098   112.14    68.39   109.42  1192.00     0.04     0.00     0.00     0.97   -20.25     0.00     0.00     0.00     1.00    77.00
 151.3441  -7.7098   112.14    68.39   109.42  1192.00     0.50     1.00     1.00     0.97   -20.25     0.00     0.00     5.00     1.00    77.00
 151.3441  -7.7098   112.14    68.39   109.42  1192.00     0.50     2.72     2.72     0.97   -20.25     0.00     0.00     5.00     1.00    77.00
 151.3441  -7.7098   112.14    68.39   109.42  1192.00     0.50    15.15    15.15     0.97   -20.25     0.00     0.00     5.00     1.00    77.00
 151.3397  -7.6944   140.59    18.49    29.57   706.00     0.92     0.01     0.00     0.94    -5.21     0.00     0.00     0.00     1.00    78.00
 151.3397  -7.6944   140.59    18.49    29.57   706.00     0.50     1.01     1.00     0.94    -5.21     0.00     0.00     0.00     1.00    78.00
 151.3397  -7.6944   140.59    18.49    29.57   706.00     0.50     2.73     2.72     0.94    -5.21     0.00     0.00     0.00     1.00    78.00
 151.3397  -7.6944   140.59    18.49    29.57   706.00     0.50    15.36    15.17     0.94    -5.21     0.00     0.00     0.00     1.00    78.00
 151.3404  -7.6926   147.10    15.72    25.14   579.00     1.00     0.00     0.00     0.74    -5.62     0.00     0.00     0.00     1.00    79.00
 151.3404  -7.6926   147.10    15.72    25.14   579.00     0.50     1.00     1.00     0.74    -5.62     0.00     0.00     0.00     1.00    79.00
 151.3404  -7.6926   147.10    15.72    25.14   579.00     0.50     2.73     2.72     0.74    -5.62     0.00     0.00     0.00     1.00    79.00
 151.3404  -7.6926   147.10    15.72    25.14   579.00     0.50    15.31    15.15     0.74    -5.62     0.00     0.00     0.00     1.00    79.00
 151.2828  -7.7315   -97.16   -32.33   -51.72   803.00     1.00     0.00     0.00     0.80    -6.52     0.00     0.00     0.00     1.00    80.00
 151.2828  -7.7315   -97.16   -32.33   -51.72   803.00     0.50     1.00     1.00     0.80    -6.52     0.00     0.00     0.00     1.00    80.00
 151.2828  -7.7315   -97.16   -32.33   -51.72   803.00     0.50     2.72     2.72     0.80    -6.52     0.00     0.00     0.00     1.00    80.00
 151.2828  -7.7315   -97.16   -32.33   -51.72   803.00     0.50    15.22    15.15     0.80    -6.52     0.00     0.00     0.00     1.00    80.00
 151.3085  -7.7389   -51.77    51.70    82.71   601.00     0.29     0.00     0.01     1.05    -4.50     0.00     0.00     0.00     1.00    82.00
 151.3085  -7.7389   -51.77    51.70    82.71   601.00     0.50     1.00     1.01     1.05    -4.50     0.00     0.00     0.00     1.00    82.00
 151.3085  -7.7389   -51.77    51.70    82.71   601.00     0.50     2.73     2.74     1.05    -4.50     0.00     0.00     0.00     1.00    82.00
 151.3085  -7.7389   -51.77    51.70    82.71   601.00     0.50    15.29    15.48     1.05    -4.50     0.00     0.00     0.00     1.00    82.00
 151.3106  -7.7047    41.29   -29.34   -46.93   586.00     0.88     0.00     0.00     1.13    -5.43     0.00     0.00     0.00     1.00    83.00
 151.3106  -7.7047    41.29   -29.34   -46.93   586.00     0.50     1.00     1.00     1.13    -5.43     0.00     0.00     0.00     1.00    83.00
 151.3106  -7.7047    41.29   -29.34   -46.93   586.00     0.50     2.73     2.72     1.13    -5.43     0.00     0.00     0.00     1.00    83.00
 151.3106  -7.7047    41.29   -29.34   -46.93   586.00     0.50    15.31    15.18     1.13    -5.43     0.00     0.00     0.00     1.00    83.00
 151.2976  -7.7335   -65.17    10.29    16.46   628.00     0.95     0.01     0.00     0.98    -4.98     0.00     0.00     0.00     1.00    84.00
 151.2976  -7.7335   -65.17    10.29    16.46   628.00     0.50     1.01     1.00     0.98    -4.98     0.00     0.00     0.00     1.00    84.00
 151.2976  -7.7335   -65.17    10.29    16.46   628.00     0.50     2.74     2.72     0.98    -4.98     0.00     0.00     0.00     1.00    84.00
 151.2976  -7.7335   -65.17    10.29    16.46   628.00     0.50    15.43    15.17     0.98    -4.98     0.00     0.00     0.00     1.00    84.00
 151.3330  -7.6832   152.47   -26.79   -42.87   603.00     1.00     0.00     0.00     1.04    -5.44     0.00     0.00     0.00     1.00    89.00
 151.3330  -7.6832   152.47   -26.79   -42.87   603.00     0.50     1.00     1.00     1.04    -5.44     0.00     0.00     0.00     1.00    89.00
 151.3330  -7.6832   152.47   -26.79   -42.87   603.00     0.50     2.73     2.72     1.04    -5.44     0.00     0.00     0.00     1.00    89.00
 151.3330  -7.6832   152.47   -26.79   -42.87   603.00     0.50    15.33    15.15     1.04    -5.44     0.00     0.00     0.00     1.00    89.00
 151.3232  -7.6909   108.45   -32.27   -51.62   539.00     1.00     0.00     0.00     0.76    -6.26     0.00     0.00     0.00     1.00    90.00
 151.3232  -7.6909   108.45   -32.27   -51.62   539.00     0.50     1.00     1.00     0.76    -6.26     0.00     0.00     0.00     1.00    90.00
 151.3232  -7.6909   108.45   -32.27   -51.62   539.00     0.50     2.72     2.72     0.76    -6.26     0.00     0.00     0.00     1.00    90.00
 151.3232  -7.6909   108.45   -32.27   -51.62   539.00     0.50    15.23    15.15     0.76    -6.26     0.00     0.00     0.00     1.00    90.00
 151.3183  -7.7058    57.94    -7.02   -11.23   959.00     0.02     0.00     0.00     1.10    -6.74     0.00     0.00     0.00     1.00    92.00
 151.3183  -7.7058    57.94    -7.02   -11.23   959.00     0.50     1.00     1.00     1.10    -6.74     0.00     0.00     0.00     1.00    92.00
 151.3183  -7.7058    57.94    -7.02   -11.23   959.00     0.50     2.72     2.72     1.10    -6.74     0.00     0.00     0.00     1.00    92.00
 151.3183  -7.7058    57.94    -7.02   -11.23   959.00     0.50    15.16    15.20     1.10    -6.74     0.00     0.00     0.00     1.00    92.00
 151.2798  -7.7193   -73.24   -70.88  -113.39   885.00     0.96     0.00     0.00     0.81    -8.64     0.00     0.00     0.00     1.00    96.00
 151.2798  -7.7193   -73.24   -70.88  -113.39   885.00     0.50     1.00     1.00     0.81    -8.64     0.00     0.00     5.00     1.00    96.00
 151.2798  -7.7193   -73.24   -70.88  -113.39   885.00     0.50     2.72     2.72     0.81    -8.64     0.00     0.00     5.00     1.00    96.00
 151.2798  -7.7193   -73.24   -70.88  -113.39   885.00     0.50    15.16    15.15     0.81    -8.64     0.00     0.00     5.00     1.00    96.00
 151.3262  -7.7162    50.96    39.18    62.68   407.00     1.00     0.00     0.00     0.77    -9.56     0.00     0.00     0.00     1.00    97.00
 151.3262  -7.7162    50.96    39.18    62.68   407.00     0.50     1.00     1.00     0.77    -9.56     0.00     0.00     5.00     1.00    97.00
 151.3262  -7.7162    50.96    39.18    62.68   407.00     0.50     2.72     2.72     0.77    -9.56     0.00     0.00     5.00     1.00    97.00
 151.3262  -7.7162    50.96    39.18    62.68   407.00     0.50    15.16    15.15     0.77    -9.56     0.00     0.00     5.00     1.00    97.00
 151.2869  -7.7604  -161.00    51.21    81.93   837.00     1.00     0.00     0.00     1.15    -7.24     0.00     0.00     0.00     1.00    98.00
 151.2869  -7.7604  -161.00    51.21    81.93   837.00     0.50     1.00     1.00     1.15    -7.24     0.00     0.00     5.00     1.00    98.00
 151.2869  -7.7604  -161.00    51.21    81.93   837.00     0.50     2.72     2.72     1.15    -7.24     0.00     0.00     5.00     1.00    98.00
 151.2869  -7.7604  -161.00    51.21    81.93   837.00     0.50    15.18    15.15     1.15    -7.24     0.00     0.00     5.00     1.00    98.00
 151.3381  -7.7147    84.64    65.78   105.24   980.00     0.05     0.00     0.00     0.80    -9.04     0.00     0.00     0.00     1.00    99.00
 151.3381  -7.7147    84.64    65.78   105.24   980.00     0.50     1.00     1.00     0.80    -9.04     0.00     0.00     5.00     1.00    99.00
 151.3381  -7.7147    84.64    65.78   105.24   980.00     0.50     2.72     2.72     0.80    -9.04     0.00     0.00     5.00     1.00    99.00
 151.3381  -7.7147    84.64    65.78   105.24   980.00     0.50    15.15    15.16     0.80    -9.04     0.00     0.00     5.00     1.00    99.00
 151.2719  -7.7250  -107.70   -76.50  -122.39   562.00     0.22     0.00     0.01     0.76    -4.58     0.00     0.00     0.00     1.00   100.00
 151.2719  -7.7250  -107.70   -76.50  -122.39   562.00     0.50     1.00     1.01     0.76    -4.58     0.00     0.00     0.00     1.00   100.00
 151.2719  -7.7250  -107.70   -76.50  -122.39   562.00     0.50     2.72     2.74     0.76    -4.58     0.00     0.00     0.00     1.00   100.00
 151.2719  -7.7250  -107.70   -76.50  -122.39   562.00     0.50    15.25    15.49     0.76    -4.58     0.00     0.00     0.00     1.00   100.00
 151.3309  -7.6985   108.21     6.56    10.50   949.00     0.01     0.00     0.00     0.82    -6.00     0.00     0.00     0.00     1.00   102.00
 151.3309  -7.6985   108.21     6.56    10.50   949.00     0.50     1.00     1.00     0.82    -6.00     0.00     0.00     0.00     1.00   102.00
 151.3309  -7.6985   108.21     6.56    10.50   949.00     0.50     2.72     2.72     0.82    -6.00     0.00     0.00     0.00     1.00   102.00
 151.3309  -7.6985   108.21     6.56    10.50   949.00     0.50    15.16    15.26     0.82    -6.00     0.00     0.00     0.00     1.00   102.00
 151.2929  -7.7575  -138.11    59.10    94.54   441.00     0.05     0.00     0.00     0.84    -5.50     0.00     0.00     0.00     1.00   103.00
 151.2929  -7.7575  -138.11    59.10    94.54   441.00     0.50     1.00     1.00     0.84    -5.50     0.00     0.00     0.00     1.00   103.00
 151.2929  -7.7575  -138.11    59.10    94.54   441.00     0.50     2.72     2.73     0.84    -5.50     0.00     0.00     0.00     1.00   103.00
 151.2929  -7.7575  -138.11    59.10    94.54   441.00     0.50    15.16    15.32     0.84    -5.50     0.00     0.00     0.00     1.00   103.00
 151.2976  -7.7498  -106.95    51.51    82.41   426.00     0.04     0.00     0.00     0.88    -5.90     0.00     0.00     0.00     1.00   106.00
 151.2976  -7.7498  -106.95    51.51    82.41   426.00     0.50     1.00     1.00     0.88    -5.90     0.00     0.00     0.00     1.00   106.00
 151.2976  -7.7498  -106.95    51.51    82.41   426.00     0.50     2.72     2.73     0.88    -5.90     0.00     0.00     0.00     1.00   106.00
 151.2976  -7.7498  -106.95    51.51    82.41   426.00     0.50    15.16    15.26     0.88    -5.90     0.00     0.00     0.00     1.00   106.00
 151.2996  -7.7588  -124.92    79.21   126.71   582.00     0.29     0.00     0.01     1.15    -4.56     0.00     0.00     0.00     1.00   107.00
 151.2996  -7.7588  -124.92    79.21   126.71   582.00     0.50     1.00     1.01     1.15    -4.56     0.00     0.00     0.00     1.00   107.00
 151.2996  -7.7588  -124.92    79.21   126.71   582.00     0.50     2.73     2.74     1.15    -4.56     0.00     0.00     0.00     1.00   107.00
 151.2996  -7.7588  -124.92    79.21   126.71   582.00     0.50    15.28    15.46     1.15    -4.56     0.00     0.00     0.00     1.00   107.00
 151.2900  -7.7002     1.33   -93.29  -149.25   697.00     0.34     0.00     0.01     1.09    -4.51     0.00     0.00     0.00     1.00   108.00
 151.2900  -7.7002     1.33   -93.29  -149.25   697.00     0.50     1.00     1.01     1.09    -4.51     0.00     0.00     0.00     1.00   108.00
 151.2900  -7.7002     1.33   -93.29  -149.25   697.00     0.50     2.73     2.74     1.09    -4.51     0.00     0.00     0.00     1.00   108.00
 151.2900  -7.7002     1.33   -93.29  -149.25   697.00     0.50    15.31    15.46     1.09    -4.51     0.00     0.00     0.00     1.00   108.00
 151.3184  -7.7341   -14.37    64.60   103.34   844.00     0.52     0.00     0.00     0.75    -7.02     0.00     0.00     0.00     1.00   109.00
 151.3184  -7.7341   -14.37    64.60   103.34   844.00     0.50     1.00     1.00     0.75    -7.02     0.00     0.00     5.00     1.00   109.00
 151.3184  -7.7341   -14.37    64.60   103.34   844.00     0.50     2.72     2.72     0.75    -7.02     0.00     0.00     5.00     1.00   109.00
 151.3184  -7.7341   -14.37    64.60   103.34   844.00     0.50    15.17    15.17     0.75    -7.02     0.00     0.00     5.00     1.00   109.00
 151.3453  -7.6850   178.87     8.91    14.25   809.00     0.21     0.00     0.01     0.80    -4.96     0.00     0.00     0.00     1.00   111.00
 151.3453  -7.6850   178.87     8.91    14.25   809.00     0.50     1.00     1.01     0.80    -4.96     0.00     0.00     0.00     1.00   111.00
 151.3453  -7.6850   178.87     8.91    14.25   809.00     0.50     2.72     2.73     0.80    -4.96     0.00     0.00     0.00     1.00   111.00
 151.3453  -7.6850   178.87     8.91    14.25   809.00     0.50    15.22    15.39     0.80    -4.96     0.00     0.00     0.00     1.00   111.00
 151.3039  -7.7458   -80.79    57.22    91.54   428.00     0.07     0.00     0.00     1.15    -6.36     0.00     0.00     0.00     1.00   113.00
 151.3039  -7.7458   -80.79    57.22    91.54   428.00     0.50     1.00     1.00     1.15    -6.36     0.00     0.00     0.00     1.00   113.00
 151.3039  -7.7458   -80.79    57.22    91.54   428.00     0.50     2.72     2.72     1.15    -6.36     0.00     0.00     0.00     1.00   113.00
 151.3039  -7.7458   -80.79    57.22    91.54   428.00     0.50    15.16    15.22     1.15    -6.36     0.00     0.00     0.00     1.00   113.00
 151.3134  -7.7335   -25.28    50.49    80.77   841.00     0.71     0.00     0.00     0.99    -7.17     0.00     0.00     0.00     1.00   115.00
 151.3134  -7.7335   -25.28    50.49    80.77   841.00     0.50     1.00     1.00     0.99    -7.17     0.00     0.00     5.00     1.00   115.00
 151.3134  -7.7335   -25.28    50.49    80.77   841.00     0.50     2.72     2.72     0.99    -7.17     0.00     0.00     5.00     1.00   115.00
 151.3134  -7.7335   -25.28    50.49    80.77   841.00     0.50    15.18    15.16     0.99    -7.17     0.00     0.00     5.00     1.00   115.00
 151.3276  -7.6749   160.44   -61.57   -98.50   573.00     0.99     0.00     0.00     1.09    -5.81     0.00     0.00     0.00     1.00   116.00
 151.3276  -7.6749   160.44   -61.57   -98.50   573.00     0.50     1.00     1.00     1.09    -5.81     0.00     0.00     0.00     1.00   116.00
 151.3276  -7.6749   160.44   -61.57   -98.50   573.00     0.50     2.73     2.72     1.09    -5.81     0.00     0.00     0.00     1.00   116.00
 151.3276  -7.6749   160.44   -61.57   -98.50   573.00     0.50    15.28    15.16     1.09    -5.81     0.00     0.00     0.00     1.00   116.00
 151.3360  -7.6908   140.68    -0.17    -0.28   910.00     0.02     0.00     0.01     1.09    -5.11     0.00     0.00     0.00     1.00   117.00
 151.3360  -7.6908   140.68    -0.17    -0.28   910.00     0.50     1.00     1.01     1.09    -5.11     0.00     0.00     0.00     1.00   117.00
 151.3360  -7.6908   140.68    -0.17    -0.28   910.00     0.50     2.72     2.73     1.09    -5.11     0.00     0.00     0.00     1.00   117.00
 151.3360  -7.6908   140.68    -0.17    -0.28   910.00     0.50    15.16    15.40     1.09    -5.11     0.00     0.00     0.00     1.00   117.00
 151.2706  -7.7362  -139.66   -51.39   -82.20   519.00     0.14     0.00     0.01     1.04    -4.66     0.00     0.00     0.00     1.00   121.00
 151.2706  -7.7362  -139.66   -51.39   -82.20   519.00     0.50     1.00     1.01     1.04    -4.66     0.00     0.00     0.00     1.00   121.00
 151.2706  -7.7362  -139.66   -51.39   -82.20   519.00     0.50     2.72     2.74     1.04    -4.66     0.00     0.00     0.00     1.00   121.00
 151.2706  -7.7362  -139.66   -51.39   -82.20   519.00     0.50    15.21    15.50     1.04    -4.66     0.00     0.00     0.00     1.00   121.00
 151.3477  -7.6807   195.69     4.28     6.85   970.00     0.01     0.00     0.00     1.05    -6.52     0.00     0.00     0.00     1.00   122.00
 151.3477  -7.6807   195.69     4.28     6.85   970.00     0.50     1.00     1.00     1.05    -6.52     0.00     0.00     0.00     1.00   122.00
 151.3477  -7.6807   195.69     4.28     6.85   970.00     0.50     2.72     2.72     1.05    -6.52     0.00     0.00     0.00     1.00   122.00
 151.3477  -7.6807   195.69     4.28     6.85   970.00     0.50    15.15    15.21     1.05    -6.52     0.00     0.00     0.00     1.00   122.00
 151.3091  -7.7329   -34.72    37.84    60.53   729.00     0.68     0.00     0.00     0.87    -5.21     0.00     0.00     0.00     1.00   123.00
 151.3091  -7.7329   -34.72    37.84    60.53   729.00     0.50     1.00     1.00     0.87    -5.21     0.00     0.00     0.00     1.00   123.00
 151.3091  -7.7329   -34.72    37.84    60.53   729.00     0.50     2.73     2.72     0.87    -5.21     0.00     0.00     0.00     1.00   123.00
 151.3091  -7.7329   -34.72    37.84    60.53   729.00     0.50    15.31    15.23     0.87    -5.21     0.00     0.00     0.00     1.00   123.00
 151.2901  -7.7293   -72.90   -19.35   -30.96   673.00     0.97     0.01     0.00     1.10    -5.04     0.00     0.00     0.00     1.00   126.00
 151.2901  -7.7293   -72.90   -19.35   -30.96   673.00     0.50     1.01     1.00     1.10    -5.04     0.00     0.00     0.00     1.00   126.00
 151.2901  -7.7293   -72.90   -19.35   -30.96   673.00     0.50     2.74     2.72     1.10    -5.04     0.00     0.00     0.00     1.00   126.00
 151.2901  -7.7293   -72.90   -19.35   -30.96   673.00     0.50    15.42    15.16     1.10    -5.04     0.00     0.00     0.00     1.00   126.00
 151.3000  -7.7524  -107.49    64.10   102.55   609.00     0.37     0.00     0.01     1.23    -4.62     0.00     0.00     0.00     1.00   130.00
 151.3000  -7.7524  -107.49    64.10   102.55   609.00     0.50     1.00     1.01     1.23    -4.62     0.00     0.00     0.00     1.00   130.00
 151.3000  -7.7524  -107.49    64.10   102.55   609.00     0.50     2.73     2.74     1.23    -4.62     0.00     0.00     0.00     1.00   130.00
 151.3000  -7.7524  -107.49    64.10   102.55   609.00     0.50    15.31    15.41     1.23    -4.62     0.00     0.00     0.00     1.00   130.00
 151.3035  -7.7129     2.75   -26.69   -42.70  1035.00     0.84     0.00     0.00     1.10   -13.62     0.00     0.00     0.00     1.00   131.00
 151.3035  -7.7129     2.75   -26.69   -42.70  1035.00     0.50     1.00     1.00     1.10   -13.62     0.00     0.00     5.00     1.00   131.00
 151.3035  -7.7129     2.75   -26.69   -42.70  1035.00     0.50     2.72     2.72     1.10   -13.62     0.00     0.00     5.00     1.00   131.00
 151.3035  -7.7129     2.75   -26.69   -42.70  1035.00     0.50    15.15    15.15     1.10   -13.62     0.00     0.00     5.00     1.00   131.00
 151.3485  -7.6829   192.05    11.89    19.03   939.00     0.01     0.00     0.00     1.05    -5.70     0.00     0.00     0.00     1.00   133.00
 151.3485  -7.6829   192.05    11.89    19.03   939.00     0.50     1.00     1.00     1.05    -5.70     0.00     0.00     0.00     1.00   133.00
 151.3485  -7.6829   192.05    11.89    19.03   939.00     0.50     2.72     2.73     1.05    -5.70     0.00     0.00     0.00     1.00   133.00
 151.3485  -7.6829   192.05    11.89    19.03   939.00     0.50    15.16    15.29     1.05    -5.70     0.00     0.00     0.00     1.00   133.00
 151.3260  -7.7355     0.97    87.56   140.07  1123.00     0.80     0.00     0.00     1.05   -18.96     0.00     0.00     0.00     1.00   134.00
 151.3260  -7.7355     0.97    87.56   140.07  1123.00     0.50     1.00     1.00     1.05   -18.96     0.00     0.00     5.00     1.00   134.00
 151.3260  -7.7355     0.97    87.56   140.07  1123.00     0.50     2.72     2.72     1.05   -18.96     0.00     0.00     5.00     1.00   134.00
 151.3260  -7.7355     0.97    87.56   140.07  1123.00     0.50    15.15    15.15     1.05   -18.96     0.00     0.00     5.00     1.00   134.00
 151.2757  -7.7261  -101.06   -63.94  -102.30   575.00     0.25     0.00     0.01     1.15    -4.55     0.00     0.00     0.00     1.00   135.00
 151.2757  -7.7261  -101.06   -63.94  -102.30   575.00     0.50     1.00     1.01     1.15    -4.55     0.00     0.00     0.00     1.00   135.00
 151.2757  -7.7261  -101.06   -63.94  -102.30   575.00     0.50     2.73     2.74     1.15    -4.55     0.00     0.00     0.00     1.00   135.00
 151.2757  -7.7261  -101.06   -63.94  -102.30   575.00     0.50    15.26    15.49     1.15    -4.55     0.00     0.00     0.00     1.00   135.00
 151.3556  -7.6922   186.22    53.42    85.47   895.00     0.04     0.00     0.00     0.83    -5.38     0.00     0.00     0.00     1.00   140.00
 151.3556  -7.6922   186.22    53.42    85.47   895.00     0.50     1.00     1.00     0.83    -5.38     0.00     0.00     0.00     1.00   140.00
 151.3556  -7.6922   186.22    53.42    85.47   895.00     0.50     2.72     2.73     0.83    -5.38     0.00     0.00     0.00     1.00   140.00
 151.3556  -7.6922   186.22    53.42    85.47   895.00     0.50    15.16    15.34     0.83    -5.38     0.00     0.00     0.00     1.00   140.00
 151.2948  -7.7263   -53.53   -14.97   -23.95   610.00     0.81     0.01     0.00     1.04    -4.90     0.00     0.00     0.00     1.00   142.00
 151.2948  -7.7263   -53.53   -14.97   -23.95   610.00     0.50     1.01     1.00     1.04    -4.90     0.00     0.00     0.00     1.00   142.00
 151.2948  -7.7263   -53.53   -14.97   -23.95   610.00     0.50     2.73     2.72     1.04    -4.90     0.00     0.00     0.00     1.00   142.00
 151.2948  -7.7263   -53.53   -14.97   -23.95   610.00     0.50    15.41    15.21     1.04    -4.90     0.00     0.00     0.00     1.00   142.00
 151.3362  -7.6921   137.78     3.59     5.75   886.00     0.03     0.00     0.01     0.79    -4.85     0.00     0.00     0.00     1.00   143.00
 151.3362  -7.6921   137.78     3.59     5.75   886.00     0.50     1.00     1.01     0.79    -4.85     0.00     0.00     0.00     1.00   143.00
 151.3362  -7.6921   137.78     3.59     5.75   886.00     0.50     2.72     2.74     0.79    -4.85     0.00     0.00     0.00     1.00   143.00
 151.3362  -7.6921   137.78     3.59     5.75   886.00     0.49    15.16    15.47     0.79    -4.85     0.00     0.00     0.00     1.00   143.00
 151.2861  -7.7025   -14.44   -97.29  -155.64   433.00     0.39     0.00     0.00     1.14    -7.94     0.00     0.00     0.00     1.00   145.00
 151.2861  -7.7025   -14.44   -97.29  -155.64   433.00     0.50     1.00     1.00     1.14    -7.94     0.00     0.00     5.00     1.00   145.00
 151.2861  -7.7025   -14.44   -97.29  -155.64   433.00     0.50     2.72     2.72     1.14    -7.94     0.00     0.00     5.00     1.00   145.00
 151.2861  -7.7025   -14.44   -97.29  -155.64   433.00     0.50    15.16    15.16     1.14    -7.94     0.00     0.00     5.00     1.00   145.00
 151.3585  -7.6450   314.32   -58.57   -93.69   782.00     0.73     0.00     0.00     1.05    -5.57     0.00     0.00     0.00     2.00     5.00
 151.3585  -7.6450   314.32   -58.57   -93.69   782.00     0.50     1.00     1.00     1.05    -5.57     0.00     0.00     0.00     2.00     5.00
 151.3585  -7.6450   314.32   -58.57   -93.69   782.00     0.50     2.73     2.72     1.05    -5.57     0.00     0.00     0.00     2.00     5.00
 151.3585  -7.6450   314.32   -58.57   -93.69   782.00     0.50    15.27    15.20     1.05    -5.57     0.00     0.00     0.00     2.00     5.00
 151.3646  -7.6931   206.41    78.32   125.30   661.00     0.92     0.01     0.00     0.75    -4.94     0.00     0.00     0.00     2.00     9.00
 151.3646  -7.6931   206.41    78.32   125.30   661.00     0.50     1.01     1.00     0.75    -4.94     0.00     0.00     0.00     2.00     9.00
 151.3646  -7.6931   206.41    78.32   125.30   661.00     0.50     2.74     2.72     0.75    -4.94     0.00     0.00     0.00     2.00     9.00
 151.3646  -7.6931   206.41    78.32   125.30   661.00     0.50    15.43    15.18     0.75    -4.94     0.00     0.00     0.00     2.00     9.00
 151.3068  -7.7588  -106.66    97.69   156.28   510.00     0.15     0.00     0.00     0.81    -5.20     0.00     0.00     0.00     2.00    16.00
 151.3068  -7.7588  -106.66    97.69   156.28   510.00     0.50     1.00     1.00     0.81    -5.20     0.00     0.00     0.00     2.00    16.00
 151.3068  -7.7588  -106.66    97.69   156.28   510.00     0.50     2.72     2.73     0.81    -5.20     0.00     0.00     0.00     2.00    16.00
 151.3068  -7.7588  -106.66    97.69   156.28   510.00     0.50    15.19    15.35     0.81    -5.20     0.00     0.00     0.00     2.00    16.00
 151.3028  -7.6743    99.59  -126.15  -201.81   859.00     0.10     0.00     0.00     0.86    -5.82     0.00     0.00     0.00     2.00    17.00
 151.3028  -7.6743    99.59  -126.15  -201.81   859.00     0.50     1.00     1.00     0.86    -5.82     0.00     0.00     0.00     2.00    17.00
 151.3028  -7.6743    99.59  -126.15  -201.81   859.00     0.50     2.72     2.73     0.86    -5.82     0.00     0.00     0.00     2.00    17.00
 151.3028  -7.6743    99.59  -126.15  -201.81   859.00     0.50    15.17    15.27     0.86    -5.82     0.00     0.00     0.00     2.00    17.00
 151.3677  -7.6829   240.17    60.38    96.60   652.00     0.98     0.01     0.00     1.05    -4.94     0.00     0.00     0.00     2.00    18.00
 151.3677  -7.6829   240.17    60.38    96.60   652.00     0.50     1.01     1.00     1.05    -4.94     0.00     0.00     0.00     2.00    18.00
 151.3677  -7.6829   240.17    60.38    96.60   652.00     0.50     2.74     2.72     1.05    -4.94     0.00     0.00     0.00     2.00    18.00
 151.3677  -7.6829   240.17    60.38    96.60   652.00     0.50    15.45    15.16     1.05    -4.94     0.00     0.00     0.00     2.00    18.00
 151.2318  -7.7639  -307.83   -79.87  -127.78   625.00     0.96     0.01     0.00     0.75    -4.80     0.00     0.00     0.00     2.00    19.00
 151.2318  -7.7639  -307.83   -79.87  -127.78   625.00     0.50     1.01     1.00     0.75    -4.80     0.00     0.00     0.00     2.00    19.00
 151.2318  -7.7639  -307.83   -79.87  -127.78   625.00     0.50     2.74     2.72     0.75    -4.80     0.00     0.00     0.00     2.00    19.00
 151.2318  -7.7639  -307.83   -79.87  -127.78   625.00     0.51    15.48    15.17     0.75    -4.80     0.00     0.00     0.00     2.00    19.00
 151.2625  -7.7322  -149.55   -82.21  -131.53   904.00     0.91     0.00     0.00     0.72    -9.75     0.00     0.00     0.00     2.00    20.00
 151.2625  -7.7322  -149.55   -82.21  -131.53   904.00     0.50     1.00     1.00     0.72    -9.75     0.00     0.00     5.00     2.00    20.00
 151.2625  -7.7322  -149.55   -82.21  -131.53   904.00     0.50     2.72     2.72     0.72    -9.75     0.00     0.00     5.00     2.00    20.00
 151.2625  -7.7322  -149.55   -82.21  -131.53   904.00     0.50    15.16    15.15     0.72    -9.75     0.00     0.00     5.00     2.00    20.00
 151.2425  -7.7581  -266.17   -67.41  -107.83   711.00     0.99     0.01     0.00     1.06    -5.04     0.00     0.00     0.00     2.00    22.00
 151.2425  -7.7581  -266.17   -67.41  -107.83   711.00     0.50     1.01     1.00     1.06    -5.04     0.00     0.00     0.00     2.00    22.00
 151.2425  -7.7581  -266.17   -67.41  -107.83   711.00     0.50     2.74     2.72     1.06    -5.04     0.00     0.00     0.00     2.00    22.00
 151.2425  -7.7581  -266.17   -67.41  -107.83   711.00     0.50    15.42    15.16     1.06    -5.04     0.00     0.00     0.00     2.00    22.00
 151.3865  -7.6611   343.27    53.13    85.00   826.00     0.43     0.00     0.00     0.98    -5.97     0.00     0.00     0.00     2.00    31.00
 151.3865  -7.6611   343.27    53.13    85.00   826.00     0.50     1.00     1.00     0.98    -5.97     0.00     0.00     0.00     2.00    31.00
 151.3865  -7.6611   343.27    53.13    85.00   826.00     0.50     2.72     2.72     0.98    -5.97     0.00     0.00     0.00     2.00    31.00
 151.3865  -7.6611   343.27    53.13    85.00   826.00     0.50    15.20    15.21     0.98    -5.97     0.00     0.00     0.00     2.00    31.00
 151.2939  -7.6809    60.35  -132.03  -211.22   463.00     0.37     0.00     0.00     1.04    -7.24     0.00     0.00     0.00     2.00    47.00
 151.2939  -7.6809    60.35  -132.03  -211.22   463.00     0.50     1.00     1.00     1.04    -7.24     0.00     0.00     5.00     2.00    47.00
 151.2939  -7.6809    60.35  -132.03  -211.22   463.00     0.50     2.72     2.72     1.04    -7.24     0.00     0.00     5.00     2.00    47.00
 151.2939  -7.6809    60.35  -132.03  -211.22   463.00     0.50    15.17    15.17     1.04    -7.24     0.00     0.00     5.00     2.00    47.00
 151.2465  -7.7919  -342.64    28.12    44.98   651.00     1.00     0.01     0.00     1.08    -4.70     0.00     0.00     0.00     2.00    55.00
 151.2465  -7.7919  -342.64    28.12    44.98   651.00     0.50     1.01     1.00     1.08    -4.70     0.00     0.00     0.00     2.00    55.00
 151.2465  -7.7919  -342.64    28.12    44.98   651.00     0.50     2.74     2.72     1.08    -4.70     0.00     0.00     0.00     2.00    55.00
 151.2465  -7.7919  -342.64    28.12    44.98   651.00     0.51    15.54    15.16     1.08    -4.70     0.00     0.00     0.00     2.00    55.00
 151.2562  -7.7423  -191.18   -72.61  -116.16   711.00     0.96     0.01     0.00     0.74    -5.23     0.00     0.00     0.00     2.00    60.00
 151.2562  -7.7423  -191.18   -72.61  -116.16   711.00     0.50     1.01     1.00     0.74    -5.23     0.00     0.00     0.00     2.00    60.00
 151.2562  -7.7423  -191.18   -72.61  -116.16   711.00     0.50     2.73     2.72     0.74    -5.23     0.00     0.00     0.00     2.00    60.00
 151.2562  -7.7423  -191.18   -72.61  -116.16   711.00     0.50    15.37    15.16     0.74    -5.23     0.00     0.00     0.00     2.00    60.00
 151.3546  -7.7157   123.22   110.07   176.09  1056.00     0.00     0.00     0.00     0.69    -8.25     0.00     0.00     0.00     2.00    63.00
 151.3546  -7.7157   123.22   110.07   176.09  1056.00     0.50     1.00     1.00     0.69    -8.25     0.00     0.00     5.00     2.00    63.00
 151.3546  -7.7157   123.22   110.07   176.09  1056.00     0.50     2.72     2.72     0.69    -8.25     0.00     0.00     5.00     2.00    63.00
 151.3546  -7.7157   123.22   110.07   176.09  1056.00     0.50    15.15    15.17     0.69    -8.25     0.00     0.00     5.00     2.00    63.00
 151.3406  -7.6580   236.11   -71.32  -114.10   773.00     0.56     0.00     0.00     0.67    -5.33     0.00     0.00     0.00     2.00    67.00
 151.3406  -7.6580   236.11   -71.32  -114.10   773.00     0.50     1.00     1.00     0.67    -5.33     0.00     0.00     0.00     2.00    67.00
 151.3406  -7.6580   236.11   -71.32  -114.10   773.00     0.50     2.73     2.72     0.67    -5.33     0.00     0.00     0.00     2.00    67.00
 151.3406  -7.6580   236.11   -71.32  -114.10   773.00     0.50    15.27    15.24     0.67    -5.33     0.00     0.00     0.00     2.00    67.00
 151.2387  -7.7484  -250.69  -101.61  -162.55   601.00     0.80     0.01     0.00     0.83    -4.92     0.00     0.00     0.00     2.00    68.00
 151.2387  -7.7484  -250.69  -101.61  -162.55   601.00     0.50     1.01     1.00     0.83    -4.92     0.00     0.00     0.00     2.00    68.00
 151.2387  -7.7484  -250.69  -101.61  -162.55   601.00     0.50     2.73     2.72     0.83    -4.92     0.00     0.00     0.00     2.00    68.00
 151.2387  -7.7484  -250.69  -101.61  -162.55   601.00     0.50    15.40    15.21     0.83    -4.92     0.00     0.00     0.00     2.00    68.00
 151.2640  -7.7752  -256.13    30.63    49.00   396.00     0.01     0.00     0.00     0.83    -5.36     0.00     0.00     0.00     2.00    72.00
 151.2640  -7.7752  -256.13    30.63    49.00   396.00     0.50     1.00     1.00     0.83    -5.36     0.00     0.00     0.00     2.00    72.00
 151.2640  -7.7752  -256.13    30.63    49.00   396.00     0.50     2.72     2.73     0.83    -5.36     0.00     0.00     0.00     2.00    72.00
 151.2640  -7.7752  -256.13    30.63    49.00   396.00     0.50    15.16    15.35     0.83    -5.36     0.00     0.00     0.00     2.00    72.00
 151.3628  -7.6747   249.05    27.33    43.72   899.00     0.02     0.00     0.00     0.98    -5.44     0.00     0.00     0.00     2.00    86.00
 151.3628  -7.6747   249.05    27.33    43.72   899.00     0.50     1.00     1.00     0.98    -5.44     0.00     0.00     0.00     2.00    86.00
 151.3628  -7.6747   249.05    27.33    43.72   899.00     0.50     2.72     2.73     0.98    -5.44     0.00     0.00     0.00     2.00    86.00
 151.3628  -7.6747   249.05    27.33    43.72   899.00     0.50    15.16    15.33     0.98    -5.44     0.00     0.00     0.00     2.00    86.00
 151.3305  -7.7388     3.70   107.20   171.49   580.00     0.43     0.00     0.00     0.79    -5.00     0.00     0.00     0.00     2.00    88.00
 151.3305  -7.7388     3.70   107.20   171.49   580.00     0.50     1.00     1.00     0.79    -5.00     0.00     0.00     0.00     2.00    88.00
 151.3305  -7.7388     3.70   107.20   171.49   580.00     0.50     2.73     2.73     0.79    -5.00     0.00     0.00     0.00     2.00    88.00
 151.3305  -7.7388     3.70   107.20   171.49   580.00     0.50    15.28    15.31     0.79    -5.00     0.00     0.00     0.00     2.00    88.00
 151.2612  -7.7811  -278.23    38.33    61.31   637.00     0.99     0.01     0.00     0.75    -4.89     0.00     0.00     0.00     2.00    91.00
 151.2612  -7.7811  -278.23    38.33    61.31   637.00     0.50     1.01     1.00     0.75    -4.89     0.00     0.00     0.00     2.00    91.00
 151.2612  -7.7811  -278.23    38.33    61.31   637.00     0.50     2.74     2.72     0.75    -4.89     0.00     0.00     0.00     2.00    91.00
 151.2612  -7.7811  -278.23    38.33    61.31   637.00     0.50    15.46    15.16     0.75    -4.89     0.00     0.00     0.00     2.00    91.00
 151.3732  -7.6690   289.71    39.39    63.02   703.00     0.98     0.01     0.00     0.98    -4.93     0.00     0.00     0.00     2.00    94.00
 151.3732  -7.6690   289.71    39.39    63.02   703.00     0.50     1.01     1.00     0.98    -4.93     0.00     0.00     0.00     2.00    94.00
 151.3732  -7.6690   289.71    39.39    63.02   703.00     0.50     2.74     2.72     0.98    -4.93     0.00     0.00     0.00     2.00    94.00
 151.3732  -7.6690   289.71    39.39    63.02   703.00     0.50    15.45    15.16     0.98    -4.93     0.00     0.00     0.00     2.00    94.00
 151.2836  -7.7046   -25.96   -98.37  -157.37   798.00     0.35     0.00     0.00     1.15    -5.77     0.00     0.00     0.00     2.00   112.00
 151.2836  -7.7046   -25.96   -98.37  -157.37   798.00     0.50     1.00     1.00     1.15    -5.77     0.00     0.00     0.00     2.00   112.00
 151.2836  -7.7046   -25.96   -98.37  -157.37   798.00     0.50     2.72     2.72     1.15    -5.77     0.00     0.00     0.00     2.00   112.00
 151.2836  -7.7046   -25.96   -98.37  -157.37   798.00     0.50    15.20    15.24     1.15    -5.77     0.00     0.00     0.00     2.00   112.00
 151.2793  -7.7014   -28.51  -117.20  -187.50   662.00     0.54     0.01     0.00     1.15    -4.60     0.00     0.00     0.00     2.00   119.00
 151.2793  -7.7014   -28.51  -117.20  -187.50   662.00     0.50     1.01     1.00     1.15    -4.60     0.00     0.00     0.00     2.00   119.00
 151.2793  -7.7014   -28.51  -117.20  -187.50   662.00     0.50     2.73     2.73     1.15    -4.60     0.00     0.00     0.00     2.00   119.00
 151.2793  -7.7014   -28.51  -117.20  -187.50   662.00     0.50    15.38    15.35     1.15    -4.60     0.00     0.00     0.00     2.00   119.00
 151.3101  -7.6678   134.58  -123.92  -198.24   794.00     0.30     0.00     0.00     1.11    -5.17     0.00     0.00     0.00     2.00   124.00
 151.3101  -7.6678   134.58  -123.92  -198.24   794.00     0.50     1.00     1.00     1.11    -5.17     0.00     0.00     0.00     2.00   124.00
 151.3101  -7.6678   134.58  -123.92  -198.24   794.00     0.50     2.72     2.73     1.11    -5.17     0.00     0.00     0.00     2.00   124.00
 151.3101  -7.6678   134.58  -123.92  -198.24   794.00     0.50    15.23    15.32     1.11    -5.17     0.00     0.00     0.00     2.00   124.00
 151.3254  -7.6669   175.22   -87.26  -139.60  1033.00     0.00     0.00     0.00     0.66    -6.89     0.00     0.00     0.00     2.00   136.00
 151.3254  -7.6669   175.22   -87.26  -139.60  1033.00     0.50     1.00     1.00     0.66    -6.89     0.00     0.00     5.00     2.00   136.00
 151.3254  -7.6669   175.22   -87.26  -139.60  1033.00     0.50     2.72     2.72     0.66    -6.89     0.00     0.00     5.00     2.00   136.00
 151.3254  -7.6669   175.22   -87.26  -139.60  1033.00     0.50    15.15    15.20     0.66    -6.89     0.00     0.00     5.00     2.00   136.00
 151.3735  -7.6507   337.46    -6.19    -9.90   732.00     0.98     0.01     0.00     0.67    -5.07     0.00     0.00     0.00     2.00   139.00
 151.3735  -7.6507   337.46    -6.19    -9.90   732.00     0.50     1.01     1.00     0.67    -5.07     0.00     0.00     0.00     2.00   139.00
 151.3735  -7.6507   337.46    -6.19    -9.90   732.00     0.50     2.74     2.72     0.67    -5.07     0.00     0.00     0.00     2.00   139.00
 151.3735  -7.6507   337.46    -6.19    -9.90   732.00     0.50    15.41    15.16     0.67    -5.07     0.00     0.00     0.00     2.00   139.00
 151.2892  -7.7723  -185.50    87.14   139.41   518.00     0.21     0.00     0.00     0.81    -5.20     0.00     0.00     0.00     2.00   144.00
 151.2892  -7.7723  -185.50    87.14   139.41   518.00     0.50     1.00     1.00     0.81    -5.20     0.00     0.00     0.00     2.00   144.00
 151.2892  -7.7723  -185.50    87.14   139.41   518.00     0.50     2.72     2.73     0.81    -5.20     0.00     0.00     0.00     2.00   144.00
 151.2892  -7.7723  -185.50    87.14   139.41   518.00     0.50    15.20    15.33     0.81    -5.20     0.00     0.00     0.00     2.00   144.00
 151.3148  -7.6755   126.69   -92.67  -148.26   957.00     0.00     0.00     0.00     0.78    -6.25     0.00     0.00     0.00     2.00   146.00
 151.3148  -7.6755   126.69   -92.67  -148.26   957.00     0.50     1.00     1.00     0.78    -6.25     0.00     0.00     0.00     2.00   146.00
 151.3148  -7.6755   126.69   -92.67  -148.26   957.00     0.50     2.72     2.72     0.78    -6.25     0.00     0.00     0.00     2.00   146.00
 151.3148  -7.6755   126.69   -92.67  -148.26   957.00     0.50    15.15    15.23     0.78    -6.25     0.00     0.00     0.00     2.00   146.00
 151.3293  -7.7393    -0.47   105.71   169.11   925.00     0.04     0.00     0.00     0.77    -7.62     0.00     0.00     0.00     2.00   148.00
 151.3293  -7.7393    -0.47   105.71   169.11   925.00     0.50     1.00     1.00     0.77    -7.62     0.00     0.00     5.00     2.00   148.00
 151.3293  -7.7393    -0.47   105.71   169.11   925.00     0.50     2.72     2.72     0.77    -7.62     0.00     0.00     5.00     2.00   148.00
 151.3293  -7.7393    -0.47   105.71   169.11   925.00     0.50    15.16    15.17     0.77    -7.62     0.00     0.00     5.00     2.00   148.00
 151.2755  -7.6893    -7.06  -157.66  -252.23   665.00     0.63     0.01     0.00     1.06    -4.33     0.00     0.00     0.00     3.00     3.00
 151.2755  -7.6893    -7.06  -157.66  -252.23   665.00     0.50     1.01     1.00     1.06    -4.33     0.00     0.00     0.00     3.00     3.00
 151.2755  -7.6893    -7.06  -157.66  -252.23   665.00     0.50     2.74     2.73     1.06    -4.33     0.00     0.00     0.00     3.00     3.00
 151.2755  -7.6893    -7.06  -157.66  -252.23   665.00     0.50    15.50    15.36     1.06    -4.33     0.00     0.00     0.00     3.00     3.00
 151.2472  -7.7264  -173.11  -135.42  -216.65   678.00     0.79     0.01     0.00     0.87    -4.57     0.00     0.00     0.00     3.00    11.00
 151.2472  -7.7264  -173.11  -135.42  -216.65   678.00     0.50     1.01     1.00     0.87    -4.57     0.00     0.00     0.00     3.00    11.00
 151.2472  -7.7264  -173.11  -135.42  -216.65   678.00     0.50     2.74     2.72     0.87    -4.57     0.00     0.00     0.00     3.00    11.00
 151.2472  -7.7264  -173.11  -135.42  -216.65   678.00     0.50    15.50    15.24     0.87    -4.57     0.00     0.00     0.00     3.00    11.00
 151.2737  -7.6949   -25.80  -147.85  -236.53   850.00     0.61     0.00     0.00     1.07    -7.50     0.00     0.00     0.00     3.00    12.00
 151.2737  -7.6949   -25.80  -147.85  -236.53   850.00     0.50     1.00     1.00     1.07    -7.50     0.00     0.00     5.00     3.00    12.00
 151.2737  -7.6949   -25.80  -147.85  -236.53   850.00     0.50     2.72     2.72     1.07    -7.50     0.00     0.00     5.00     3.00    12.00
 151.2737  -7.6949   -25.80  -147.85  -236.53   850.00     0.50    15.17    15.16     1.07    -7.50     0.00     0.00     5.00     3.00    12.00
 151.3125  -7.6483   190.68  -167.34  -267.71   583.00     0.94     0.01     0.00     0.84    -5.08     0.00     0.00     0.00     3.00    13.00
 151.3125  -7.6483   190.68  -167.34  -267.71   583.00     0.50     1.01     1.00     0.84    -5.08     0.00     0.00     0.00     3.00    13.00
 151.3125  -7.6483   190.68  -167.34  -267.71   583.00     0.50     2.73     2.72     0.84    -5.08     0.00     0.00     0.00     3.00    13.00
 151.3125  -7.6483   190.68  -167.34  -267.71   583.00     0.50    15.40    15.17     0.84    -5.08     0.00     0.00     0.00     3.00    13.00
 151.2521  -7.7134  -127.53  -155.94  -249.47   499.00     0.34     0.00     0.00     0.82    -6.03     0.00     0.00     0.00     3.00    14.00
 151.2521  -7.7134  -127.53  -155.94  -249.47   499.00     0.50     1.00     1.00     0.82    -6.03     0.00     0.00     0.00     3.00    14.00
 151.2521  -7.7134  -127.53  -155.94  -249.47   499.00     0.50     2.72     2.72     0.82    -6.03     0.00     0.00     0.00     3.00    14.00
 151.2521  -7.7134  -127.53  -155.94  -249.47   499.00     0.50    15.19    15.22     0.82    -6.03     0.00     0.00     0.00     3.00    14.00
 151.3114  -7.6494   185.22  -167.09  -267.31   881.00     0.25     0.00     0.00     1.07    -7.39     0.00     0.00     0.00     3.00    28.00
 151.3114  -7.6494   185.22  -167.09  -267.31   881.00     0.50     1.00     1.00     1.07    -7.39     0.00     0.00     5.00     3.00    28.00
 151.3114  -7.6494   185.22  -167.09  -267.31   881.00     0.50     2.72     2.72     1.07    -7.39     0.00     0.00     5.00     3.00    28.00
 151.3114  -7.6494   185.22  -167.09  -267.31   881.00     0.50    15.16    15.17     1.07    -7.39     0.00     0.00     5.00     3.00    28.00
 151.2895  -7.6639    93.05  -185.99  -297.54   878.00     0.47     0.00     0.00     0.80    -7.92     0.00     0.00     0.00     3.00    37.00
 151.2895  -7.6639    93.05  -185.99  -297.54   878.00     0.50     1.00     1.00     0.80    -7.92     0.00     0.00     5.00     3.00    37.00
 151.2895  -7.6639    93.05  -185.99  -297.54   878.00     0.50     2.72     2.72     0.80    -7.92     0.00     0.00     5.00     3.00    37.00
 151.2895  -7.6639    93.05  -185.99  -297.54   878.00     0.50    15.16    15.16     0.80    -7.92     0.00     0.00     5.00     3.00    37.00
 151.2427  -7.7252  -181.33  -149.88  -239.78   665.00     0.80     0.01     0.00     1.06    -4.46     0.00     0.00     0.00     3.00    40.00
 151.2427  -7.7252  -181.33  -149.88  -239.78   665.00     0.50     1.01     1.00     1.06    -4.46     0.00     0.00     0.00     3.00    40.00
 151.2427  -7.7252  -181.33  -149.88  -239.78   665.00     0.50     2.74     2.72     1.06    -4.46     0.00     0.00     0.00     3.00    40.00
 151.2427  -7.7252  -181.33  -149.88  -239.78   665.00     0.50    15.54    15.25     1.06    -4.46     0.00     0.00     0.00     3.00    40.00
 151.3295  -7.6411   251.79  -142.20  -227.49   512.00     1.00     0.00     0.00     0.72    -6.62     0.00     0.00     0.00     3.00    45.00
 151.3295  -7.6411   251.79  -142.20  -227.49   512.00     0.50     1.00     1.00     0.72    -6.62     0.00     0.00     0.00     3.00    45.00
 151.3295  -7.6411   251.79  -142.20  -227.49   512.00     0.50     2.72     2.72     0.72    -6.62     0.00     0.00     0.00     3.00    45.00
 151.3295  -7.6411   251.79  -142.20  -227.49   512.00     0.50    15.21    15.15     0.72    -6.62     0.00     0.00     0.00     3.00    45.00
 151.2966  -7.6603   119.94  -177.23  -283.53   547.00     0.90     0.00     0.00     1.09    -5.68     0.00     0.00     0.00     3.00    50.00
 151.2966  -7.6603   119.94  -177.23  -283.53   547.00     0.50     1.00     1.00     1.09    -5.68     0.00     0.00     0.00     3.00    50.00
 151.2966  -7.6603   119.94  -177.23  -283.53   547.00     0.50     2.73     2.72     1.09    -5.68     0.00     0.00     0.00     3.00    50.00
 151.2966  -7.6603   119.94  -177.23  -283.53   547.00     0.50    15.28    15.17     1.09    -5.68     0.00     0.00     0.00     3.00    50.00
 151.2706  -7.6858   -10.38  -178.83  -286.09   795.00     0.73     0.00     0.00     0.73    -5.87     0.00     0.00     0.00     3.00    54.00
 151.2706  -7.6858   -10.38  -178.83  -286.09   795.00     0.50     1.00     1.00     0.73    -5.87     0.00     0.00     0.00     3.00    54.00
 151.2706  -7.6858   -10.38  -178.83  -286.09   795.00     0.50     2.72     2.72     0.73    -5.87     0.00     0.00     0.00     3.00    54.00
 151.2706  -7.6858   -10.38  -178.83  -286.09   795.00     0.50    15.24    15.19     0.73    -5.87     0.00     0.00     0.00     3.00    54.00
 151.2224  -7.7723  -352.90   -82.55  -132.06   684.00     0.99     0.01     0.00     1.06    -4.60     0.00     0.00     0.00     3.00    57.00
 151.2224  -7.7723  -352.90   -82.55  -132.06   684.00     0.50     1.01     1.00     1.06    -4.60     0.00     0.00     0.00     3.00    57.00
 151.2224  -7.7723  -352.90   -82.55  -132.06   684.00     0.50     2.75     2.72     1.06    -4.60     0.00     0.00     0.00     3.00    57.00
 151.2224  -7.7723  -352.90   -82.55  -132.06   684.00     0.51    15.57    15.16     1.06    -4.60     0.00     0.00     0.00     3.00    57.00
 151.3595  -7.7315    95.28   162.45   259.89   592.00     0.79     0.01     0.00     0.78    -4.93     0.00     0.00     0.00     3.00    65.00
 151.3595  -7.7315    95.28   162.45   259.89   592.00     0.50     1.01     1.00     0.78    -4.93     0.00     0.00     0.00     3.00    65.00
 151.3595  -7.7315    95.28   162.45   259.89   592.00     0.50     2.73     2.72     0.78    -4.93     0.00     0.00     0.00     3.00    65.00
 151.3595  -7.7315    95.28   162.45   259.89   592.00     0.50    15.39    15.22     0.78    -4.93     0.00     0.00     0.00     3.00    65.00
 151.3691  -7.7157   159.60   147.10   235.33   636.00     0.81     0.01     0.00     1.07    -4.59     0.00     0.00     0.00     3.00    76.00
 151.3691  -7.7157   159.60   147.10   235.33   636.00     0.50     1.01     1.00     1.07    -4.59     0.00     0.00     0.00     3.00    76.00
 151.3691  -7.7157   159.60   147.10   235.33   636.00     0.50     2.74     2.72     1.07    -4.59     0.00     0.00     0.00     3.00    76.00
 151.3691  -7.7157   159.60   147.10   235.33   636.00     0.50    15.50    15.23     1.07    -4.59     0.00     0.00     0.00     3.00    76.00
 151.2869  -7.6802    44.83  -151.40  -242.21   825.00     0.43     0.00     0.00     1.14    -6.33     0.00     0.00     0.00     3.00    93.00
 151.2869  -7.6802    44.83  -151.40  -242.21   825.00     0.50     1.00     1.00     1.14    -6.33     0.00     0.00     0.00     3.00    93.00
 151.2869  -7.6802    44.83  -151.40  -242.21   825.00     0.50     2.72     2.72     1.14    -6.33     0.00     0.00     0.00     3.00    93.00
 151.2869  -7.6802    44.83  -151.40  -242.21   825.00     0.50    15.19    15.20     1.14    -6.33     0.00     0.00     0.00     3.00    93.00
 151.2994  -7.7802  -180.28   132.91   212.62   467.00     0.15     0.00     0.00     0.84    -6.27     0.00     0.00     0.00     3.00   101.00
 151.2994  -7.7802  -180.28   132.91   212.62   467.00     0.50     1.00     1.00     0.84    -6.27     0.00     0.00     0.00     3.00   101.00
 151.2994  -7.7802  -180.28   132.91   212.62   467.00     0.50     2.72     2.72     0.84    -6.27     0.00     0.00     0.00     3.00   101.00
 151.2994  -7.7802  -180.28   132.91   212.62   467.00     0.50    15.17    15.22     0.84    -6.27     0.00     0.00     0.00     3.00   101.00
 151.2802  -7.6790    31.18  -171.56  -274.46   627.00     0.72     0.01     0.00     1.02    -4.47     0.00     0.00     0.00     3.00   104.00
 151.2802  -7.6790    31.18  -171.56  -274.46   627.00     0.50     1.01     1.00     1.02    -4.47     0.00     0.00     0.00     3.00   104.00
 151.2802  -7.6790    31.18  -171.56  -274.46   627.00     0.50     2.74     2.73     1.02    -4.47     0.00     0.00     0.00     3.00   104.00
 151.2802  -7.6790    31.18  -171.56  -274.46   627.00     0.50    15.50    15.29     1.02    -4.47     0.00     0.00     0.00     3.00   104.00
 151.3107  -7.6541   171.33  -157.13  -251.37   614.00     0.88     0.01     0.00     1.00    -4.73     0.00     0.00     0.00     3.00   105.00
 151.3107  -7.6541   171.33  -157.13  -251.37   614.00     0.50     1.01     1.00     1.00    -4.73     0.00     0.00     0.00     3.00   105.00
 151.3107  -7.6541   171.33  -157.13  -251.37   614.00     0.50     2.74     2.72     1.00    -4.73     0.00     0.00     0.00     3.00   105.00
 151.3107  -7.6541   171.33  -157.13  -251.37   614.00     0.50    15.48    15.20     1.00    -4.73     0.00     0.00     0.00     3.00   105.00
 151.4061  -7.6647   383.15   112.17   179.45   808.00     0.44     0.00     0.00     0.76    -5.52     0.00     0.00     0.00     3.00   114.00
 151.4061  -7.6647   383.15   112.17   179.45   808.00     0.50     1.00     1.00     0.76    -5.52     0.00     0.00     0.00     3.00   114.00
 151.4061  -7.6647   383.15   112.17   179.45   808.00     0.50     2.72     2.72     0.76    -5.52     0.00     0.00     0.00     3.00   114.00
 151.4061  -7.6647   383.15   112.17   179.45   808.00     0.50    15.23    15.25     0.76    -5.52     0.00     0.00     0.00     3.00   114.00
 151.2203  -7.7438  -284.93  -159.99  -255.95   503.00     0.41     0.00     0.00     1.02    -5.87     0.00     0.00     0.00     3.00   118.00
 151.2203  -7.7438  -284.93  -159.99  -255.95   503.00     0.50     1.00     1.00     1.02    -5.87     0.00     0.00     0.00     3.00   118.00
 151.2203  -7.7438  -284.93  -159.99  -255.95   503.00     0.50     2.72     2.72     1.02    -5.87     0.00     0.00     0.00     3.00   118.00
 151.2203  -7.7438  -284.93  -159.99  -255.95   503.00     0.50    15.20    15.22     1.02    -5.87     0.00     0.00     0.00     3.00   118.00
 151.3537  -7.7351    71.53   156.87   250.96   650.00     0.68     0.01     0.00     1.22    -4.40     0.00     0.00     0.00     3.00   125.00
 151.3537  -7.7351    71.53   156.87   250.96   650.00     0.50     1.01     1.00     1.22    -4.40     0.00     0.00     0.00     3.00   125.00
 151.3537  -7.7351    71.53   156.87   250.96   650.00     0.50     2.74     2.73     1.22    -4.40     0.00     0.00     0.00     3.00   125.00
 151.3537  -7.7351    71.53   156.87   250.96   650.00     0.50    15.50    15.32     1.22    -4.40     0.00     0.00     0.00     3.00   125.00
 151.3296  -7.7732   -86.64   192.04   307.22   762.00     0.88     0.00     0.00     0.85    -5.28     0.00     0.00     0.00     3.00   127.00
 151.3296  -7.7732   -86.64   192.04   307.22   762.00     0.50     1.00     1.00     0.85    -5.28     0.00     0.00     0.00     3.00   127.00
 151.3296  -7.7732   -86.64   192.04   307.22   762.00     0.50     2.73     2.72     0.85    -5.28     0.00     0.00     0.00     3.00   127.00
 151.3296  -7.7732   -86.64   192.04   307.22   762.00     0.50    15.34    15.18     0.85    -5.28     0.00     0.00     0.00     3.00   127.00
 151.2730  -7.6814     6.95  -183.93  -294.24   689.00     0.75     0.01     0.00     1.06    -4.38     0.00     0.00     0.00     3.00   132.00
 151.2730  -7.6814     6.95  -183.93  -294.24   689.00     0.50     1.01     1.00     1.06    -4.38     0.00     0.00     0.00     3.00   132.00
 151.2730  -7.6814     6.95  -183.93  -294.24   689.00     0.50     2.74     2.73     1.06    -4.38     0.00     0.00     0.00     3.00   132.00
 151.2730  -7.6814     6.95  -183.93  -294.24   689.00     0.50    15.55    15.28     1.06    -4.38     0.00     0.00     0.00     3.00   132.00
 151.2822  -7.8000  -274.09   139.20   222.69   753.00     0.99     0.01     0.00     1.10    -5.28     0.00     0.00     0.00     3.00   137.00
 151.2822  -7.8000  -274.09   139.20   222.69   753.00     0.50     1.01     1.00     1.10    -5.28     0.00     0.00     0.00     3.00   137.00
 151.2822  -7.8000  -274.09   139.20   222.69   753.00     0.50     2.73     2.72     1.10    -5.28     0.00     0.00     0.00     3.00   137.00
 151.2822  -7.8000  -274.09   139.20   222.69   753.00     0.50    15.37    15.16     1.10    -5.28     0.00     0.00     0.00     3.00   137.00
 151.2390  -7.7234  -185.88  -163.96  -262.30   579.00     0.62     0.01     0.00     0.82    -4.75     0.00     0.00     0.00     3.00   138.00
 151.2390  -7.7234  -185.88  -163.96  -262.30   579.00     0.50     1.01     1.00     0.82    -4.75     0.00     0.00     0.00     3.00   138.00
 151.2390  -7.7234  -185.88  -163.96  -262.30   579.00     0.50     2.73     2.73     0.82    -4.75     0.00     0.00     0.00     3.00   138.00
 151.2390  -7.7234  -185.88  -163.96  -262.30   579.00     0.50    15.38    15.29     0.82    -4.75     0.00     0.00     0.00     3.00   138.00
 151.3882  -7.6754   310.68    93.69   149.88   718.00     0.82     0.01     0.00     1.04    -4.71     0.00     0.00     0.00     3.00   141.00
 151.3882  -7.6754   310.68    93.69   149.88   718.00     0.50     1.01     1.00     1.04    -4.71     0.00     0.00     0.00     3.00   141.00
 151.3882  -7.6754   310.68    93.69   149.88   718.00     0.50     2.74     2.72     1.04    -4.71     0.00     0.00     0.00     3.00   141.00
 151.3882  -7.6754   310.68    93.69   149.88   718.00     0.50    15.46    15.22     1.04    -4.71     0.00     0.00     0.00     3.00   141.00
 151.2928  -7.7982  -243.06   161.70   258.68   710.00     0.95     0.01     0.00     1.12    -4.68     0.00     0.00     0.00     3.00   149.00
 151.2928  -7.7982  -243.06   161.70   258.68   710.00     0.50     1.01     1.00     1.12    -4.68     0.00     0.00     0.00     3.00   149.00
 151.2928  -7.7982  -243.06   161.70   258.68   710.00     0.50     2.74     2.72     1.12    -4.68     0.00     0.00     0.00     3.00   149.00
 151.2928  -7.7982  -243.06   161.70   258.68   710.00     0.51    15.53    15.17     1.12    -4.68     0.00     0.00     0.00     3.00   149.00
 151.2892  -7.6187   207.95  -301.14  -481.76   798.00     0.96     0.00     0.00     0.71    -5.87     0.00     0.00     0.00     4.00     2.00
 151.2892  -7.6187   207.95  -301.14  -481.76   798.00     0.50     1.00     1.00     0.71    -5.87     0.00     0.00     0.00     4.00     2.00
 151.2892  -7.6187   207.95  -301.14  -481.76   798.00     0.50     2.73     2.72     0.71    -5.87     0.00     0.00     0.00     4.00     2.00
 151.2892  -7.6187   207.95  -301.14  -481.76   798.00     0.50    15.27    15.16     0.71    -5.87     0.00     0.00     0.00     4.00     2.00
 151.2177  -7.7365  -272.95  -185.13  -296.17   709.00     1.00     0.01     0.00     1.05    -4.63     0.00     0.00     0.00     4.00     4.00
 151.2177  -7.7365  -272.95  -185.13  -296.17   709.00     0.50     1.01     1.00     1.05    -4.63     0.00     0.00     0.00     4.00     4.00
 151.2177  -7.7365  -272.95  -185.13  -296.17   709.00     0.50     2.74     2.72     1.05    -4.63     0.00     0.00     0.00     4.00     4.00
 151.2177  -7.7365  -272.95  -185.13  -296.17   709.00     0.51    15.56    15.15     1.05    -4.63     0.00     0.00     0.00     4.00     4.00
 151.4367  -7.7022   363.60   284.55   455.22   963.00     0.05     0.00     0.00     0.70    -9.78     0.00     0.00     0.00     4.00    15.00
 151.4367  -7.7022   363.60   284.55   455.22   963.00     0.50     1.00     1.00     0.70    -9.78     0.00     0.00     5.00     4.00    15.00
 151.4367  -7.7022   363.60   284.55   455.22   963.00     0.50     2.72     2.72     0.70    -9.78     0.00     0.00     5.00     4.00    15.00
 151.4367  -7.7022   363.60   284.55   455.22   963.00     0.50    15.15    15.16     0.70    -9.78     0.00     0.00     5.00     4.00    15.00
 151.2621  -7.6741    -1.75  -229.75  -367.54   424.00     1.00     0.00     0.00     0.92    -9.37     0.00     0.00     0.00     4.00    21.00
 151.2621  -7.6741    -1.75  -229.75  -367.54   424.00     0.50     1.00     1.00     0.92    -9.37     0.00     0.00     5.00     4.00    21.00
 151.2621  -7.6741    -1.75  -229.75  -367.54   424.00     0.50     2.72     2.72     0.92    -9.37     0.00     0.00     5.00     4.00    21.00
 151.2621  -7.6741    -1.75  -229.75  -367.54   424.00     0.50    15.16    15.15     0.92    -9.37     0.00     0.00     5.00     4.00    21.00
 151.2762  -7.6710    41.56  -201.91  -323.01   742.00     0.75     0.01     0.00     0.74    -4.78     0.00     0.00     0.00     4.00    25.00
 151.2762  -7.6710    41.56  -201.91  -323.01   742.00     0.50     1.01     1.00     0.74    -4.78     0.00     0.00     0.00     4.00    25.00
 151.2762  -7.6710    41.56  -201.91  -323.01   742.00     0.50     2.74     2.72     0.74    -4.78     0.00     0.00     0.00     4.00    25.00
 151.2762  -7.6710    41.56  -201.91  -323.01   742.00     0.50    15.42    15.24     0.74    -4.78     0.00     0.00     0.00     4.00    25.00
 151.2566  -7.6466    55.02  -313.57  -501.65   611.00     1.00     0.01     0.00     0.82    -4.57     0.00     0.00     0.00     4.00    32.00
 151.2566  -7.6466    55.02  -313.57  -501.65   611.00     0.50     1.01     1.00     0.82    -4.57     0.00     0.00     0.00     4.00    32.00
 151.2566  -7.6466    55.02  -313.57  -501.65   611.00     0.50     2.75     2.72     0.82    -4.57     0.00     0.00     0.00     4.00    32.00
 151.2566  -7.6466    55.02  -313.57  -501.65   611.00     0.51    15.59    15.16     0.82    -4.57     0.00     0.00     0.00     4.00    32.00
 151.2846  -7.8151  -306.69   183.71   293.89   486.00     0.30     0.00     0.00     0.98    -5.94     0.00     0.00     0.00     4.00    46.00
 151.2846  -7.8151  -306.69   183.71   293.89   486.00     0.50     1.00     1.00     0.98    -5.94     0.00     0.00     0.00     4.00    46.00
 151.2846  -7.8151  -306.69   183.71   293.89   486.00     0.50     2.72     2.72     0.98    -5.94     0.00     0.00     0.00     4.00    46.00
 151.2846  -7.8151  -306.69   183.71   293.89   486.00     0.50    15.19    15.23     0.98    -5.94     0.00     0.00     0.00     4.00    46.00
 151.3044  -7.8061  -234.35   211.17   337.83   696.00     1.00     0.01     0.00     1.08    -4.50     0.00     0.00     0.00     4.00    53.00
 151.3044  -7.8061  -234.35   211.17   337.83   696.00     0.50     1.01     1.00     1.08    -4.50     0.00     0.00     0.00     4.00    53.00
 151.3044  -7.8061  -234.35   211.17   337.83   696.00     0.50     2.75     2.72     1.08    -4.50     0.00     0.00     0.00     4.00    53.00
 151.3044  -7.8061  -234.35   211.17   337.83   696.00     0.51    15.62    15.15     1.08    -4.50     0.00     0.00     0.00     4.00    53.00
 151.3813  -7.7508   100.15   266.57   426.46   642.00     0.99     0.01     0.00     1.05    -4.39     0.00     0.00     0.00     4.00    56.00
 151.3813  -7.7508   100.15   266.57   426.46   642.00     0.50     1.01     1.00     1.05    -4.39     0.00     0.00     0.00     4.00    56.00
 151.3813  -7.7508   100.15   266.57   426.46   642.00     0.50     2.75     2.72     1.05    -4.39     0.00     0.00     0.00     4.00    56.00
 151.3813  -7.7508   100.15   266.57   426.46   642.00     0.51    15.68    15.16     1.05    -4.39     0.00     0.00     0.00     4.00    56.00
 151.2897  -7.8129  -288.37   190.85   305.31   658.00     1.00     0.01     0.00     0.75    -4.42     0.00     0.00     0.00     4.00    69.00
 151.2897  -7.8129  -288.37   190.85   305.31   658.00     0.50     1.01     1.00     0.75    -4.42     0.00     0.00     0.00     4.00    69.00
 151.2897  -7.8129  -288.37   190.85   305.31   658.00     0.50     2.75     2.72     0.75    -4.42     0.00     0.00     0.00     4.00    69.00
 151.2897  -7.8129  -288.37   190.85   305.31   658.00     0.51    15.66    15.15     0.75    -4.42     0.00     0.00     0.00     4.00    69.00
 151.3361  -7.6242   311.69  -168.04  -268.82   983.00     0.02     0.00     0.00     0.75    -9.29     0.00     0.00     0.00     4.00    81.00
 151.3361  -7.6242   311.69  -168.04  -268.82   983.00     0.50     1.00     1.00     0.75    -9.29     0.00     0.00     5.00     4.00    81.00
 151.3361  -7.6242   311.69  -168.04  -268.82   983.00     0.50     2.72     2.72     0.75    -9.29     0.00     0.00     5.00     4.00    81.00
 151.3361  -7.6242   311.69  -168.04  -268.82   983.00     0.50    15.15    15.16     0.75    -9.29     0.00     0.00     5.00     4.00    81.00
 151.3670  -7.7907   -37.69   331.19   529.83   593.00     0.99     0.01     0.00     0.86    -4.75     0.00     0.00     0.00     4.00    85.00
 151.3670  -7.7907   -37.69   331.19   529.83   593.00     0.50     1.01     1.00     0.86    -4.75     0.00     0.00     0.00     4.00    85.00
 151.3670  -7.7907   -37.69   331.19   529.83   593.00     0.50     2.74     2.72     0.86    -4.75     0.00     0.00     0.00     4.00    85.00
 151.3670  -7.7907   -37.69   331.19   529.83   593.00     0.51    15.51    15.16     0.86    -4.75     0.00     0.00     0.00     4.00    85.00
 151.3225  -7.6256   273.93  -198.93  -318.24   773.00     0.89     0.00     0.00     1.11    -5.34     0.00     0.00     0.00     4.00    87.00
 151.3225  -7.6256   273.93  -198.93  -318.24   773.00     0.50     1.00     1.00     1.11    -5.34     0.00     0.00     0.00     4.00    87.00
 151.3225  -7.6256   273.93  -198.93  -318.24   773.00     0.50     2.73     2.72     1.11    -5.34     0.00     0.00     0.00     4.00    87.00
 151.3225  -7.6256   273.93  -198.93  -318.24   773.00     0.50    15.33    15.18     1.11    -5.34     0.00     0.00     0.00     4.00    87.00
 151.3376  -7.8111  -163.92   308.16   492.99   482.00     0.99     0.00     0.00     1.01    -7.16     0.00     0.00     0.00     4.00    95.00
 151.3376  -7.8111  -163.92   308.16   492.99   482.00     0.50     1.00     1.00     1.01    -7.16     0.00     0.00     5.00     4.00    95.00
 151.3376  -7.8111  -163.92   308.16   492.99   482.00     0.50     2.72     2.72     1.01    -7.16     0.00     0.00     5.00     4.00    95.00
 151.3376  -7.8111  -163.92   308.16   492.99   482.00     0.50    15.19    15.15     1.01    -7.16     0.00     0.00     5.00     4.00    95.00
 151.1804  -7.7129  -305.76  -339.29  -542.79   663.00     0.97     0.01     0.00     1.09    -5.00     0.00     0.00     0.00     4.00   110.00
 151.1804  -7.7129  -305.76  -339.29  -542.79   663.00     0.50     1.01     1.00     1.09    -5.00     0.00     0.00     0.00     4.00   110.00
 151.1804  -7.7129  -305.76  -339.29  -542.79   663.00     0.50     2.74     2.72     1.09    -5.00     0.00     0.00     0.00     4.00   110.00
 151.1804  -7.7129  -305.76  -339.29  -542.79   663.00     0.50    15.43    15.16     1.09    -5.00     0.00     0.00     0.00     4.00   110.00
 151.3126  -7.8081  -218.72   237.10   379.30   708.00     1.00     0.01     0.00     0.80    -4.55     0.00     0.00     0.00     4.00   120.00
 151.3126  -7.8081  -218.72   237.10   379.30   708.00     0.50     1.01     1.00     0.80    -4.55     0.00     0.00     0.00     4.00   120.00
 151.3126  -7.8081  -218.72   237.10   379.30   708.00     0.50     2.75     2.72     0.80    -4.55     0.00     0.00     0.00     4.00   120.00
 151.3126  -7.8081  -218.72   237.10   379.30   708.00     0.51    15.60    15.15     0.80    -4.55     0.00     0.00     0.00     4.00   120.00
 151.3245  -7.6262   277.46  -192.44  -307.87   618.00     1.00     0.01     0.00     0.73    -4.60     0.00     0.00     0.00     4.00   128.00
 151.3245  -7.6262   277.46  -192.44  -307.87   618.00     0.50     1.01     1.00     0.73    -4.60     0.00     0.00     0.00     4.00   128.00
 151.3245  -7.6262   277.46  -192.44  -307.87   618.00     0.50     2.75     2.72     0.73    -4.60     0.00     0.00     0.00     4.00   128.00
 151.3245  -7.6262   277.46  -192.44  -307.87   618.00     0.51    15.58    15.15     0.73    -4.60     0.00     0.00     0.00     4.00   128.00
 151.2359  -7.6614   -34.73  -328.53  -525.57   641.00     0.99     0.01     0.00     1.02    -4.37     0.00     0.00     0.00     4.00   129.00
 151.2359  -7.6614   -34.73  -328.53  -525.57   641.00     0.50     1.01     1.00     1.02    -4.37     0.00     0.00     0.00     4.00   129.00
 151.2359  -7.6614   -34.73  -328.53  -525.57   641.00     0.50     2.75     2.72     1.02    -4.37     0.00     0.00     0.00     4.00   129.00
 151.2359  -7.6614   -34.73  -328.53  -525.57   641.00     0.51    15.69    15.16     1.02    -4.37     0.00     0.00     0.00     4.00   129.00
 151.2773  -7.6724    40.71  -195.78  -313.20   770.00     0.81     0.00     0.00     0.67    -5.33     0.00     0.00     0.00     4.00   147.00
 151.2773  -7.6724    40.71  -195.78  -313.20   770.00     0.50     1.00     1.00     0.67    -5.33     0.00     0.00     0.00     4.00   147.00
 151.2773  -7.6724    40.71  -195.78  -313.20   770.00     0.50     2.73     2.72     0.67    -5.33     0.00     0.00     0.00     4.00   147.00
 151.2773  -7.6724    40.71  -195.78  -313.20   770.00     0.50    15.32    15.19     0.67    -5.33     0.00     0.00     0.00     4.00   147.00
