#from Haliday+2006

1	00 38 43.65	+41 14 11.2	-271.0 	8.2	45.28
2	00 38 46.17	+41 28 19.4	-243.4 	6.0	46.31
3	00 38 48.37	+40 45 31.7	-437.0 	6.0	54.02
4	00 38 49.51	+40 44 25.4	-573.2	11.6	54.48
5	00 38 51.09	+40 42 03.8 	84.6	13.5	55.66
6	00 38 54.40	+40 53 38.5	-111.8 	8.2	48.82
7	00 39 01.10	+41 51 11.5	-219.8 	8.2	54.51
8	00 39 04.49	+40 34 29.7	-527.2 	8.2	58.81
9	00 39 05.31	+40 41 45.8	-384.0 	6.0	53.76
10	00 39 06.23	+40 38 19.3	-319.6	11.6	55.91
11	00 39 07.98	+41 12 25.4	-239.9 	8.2	40.84
12	00 39 10.09	+40 37 27.8	-520.4 	6.0	55.97
13	00 39 11.11	+40 56 58.2	-297.0 	8.2	44.50
14	00 39 13.05	+40 50 07.2	-285.2 	9.9	47.58
15	00 39 17.13	+40 45 13.7	-558.6 	6.0	49.83
16	00 39 22.62	+41 06 57.2	-377.5 	6.0	39.04
17	00 39 22.73	+40 48 44.1	-570.4 	6.0	46.86
18	00 39 23.47	+41 09 38.7	-152.4 	6.0	38.33
19	00 39 24.54	+41 04 32.5	-425.0 	6.0	39.34
20	00 39 25.43	+40 38 25.0	-489.3 	8.2	53.23
21	00 39 26.17	+40 44 26.7	-411.2 	6.0	49.01
22	00 39 26.55	+40 53 37.7	-428.0	11.6	43.54
23	00 39 29.10	+40 52 02.0	-435.3 	6.0	43.99
24	00 39 31.20	+40 51 25.4	-457.5 	6.0	44.00
25	00 39 34.55	+40 49 11.8	-417.0 	6.0	44.79
26	00 39 34.90	+41 23 44.2	-253.4 	6.0	36.36
27	00 39 35.18	+40 55 53.8	-463.8 	6.0	40.98
28	00 39 40.37	+40 47 27.1	-471.5 	6.0	45.02
29	00 39 42.54	+41 02 21.0	-455.7 	6.0	36.89
30	00 39 43.53	+41 03 30.6	-430.7 	6.0	36.30
31	00 39 43.97	+40 35 41.4	-460.7 	8.2	52.88
32	00 39 44.84	+40 33 51.1	-460.4 	9.9	54.20
33	00 39 45.40	+40 31 42.2	-549.5 	8.2	55.84
34	00 39 48.20	+41 08 42.1	-297.6 	6.0	33.95
35	00 39 48.57	+41 10 40.8	-447.7 	6.0	33.50
36	00 39 49.07	+40 42 39.6	-148.1 	8.2	47.06
37	00 39 49.26	+41 24 09.5	-258.5 	6.0	33.82
38	00 39 50.16	+40 40 40.6	-447.1 	6.0	48.36
39	00 39 50.70	+41 30 43.0	-263.8 	6.0	35.68
40	00 39 50.78	+40 55 49.3	-437.3 	6.0	38.49
41	00 39 50.82	+40 53 23.4	-453.9	13.5	39.83
42	00 39 51.25	+41 27 07.1	-480.9 	6.0	34.28
43	00 39 51.38	+41 13 38.3	-369.4 	6.0	32.60
44	00 39 53.97	+40 31 56.5	-469.3 	8.2	54.68
45	00 39 55.06	+40 45 52.0	-505.7 	6.0	44.00
46	00 39 56.60	+41 35 19.0	-227.6 	6.0	36.82
47	00 39 56.90	+41 43 06.7	-315.4 	6.0	41.35
48	00 39 56.98	+41 05 07.7	-317.8 	6.0	33.36
49	00 39 58.26	+40 34 05.0	-553.3 	8.2	52.47
50	00 39 58.85	+41 06 42.3	-442.8 	6.0	32.53
51	00 40 00.55	+41 49 19.3	-212.0 	6.0	45.16
52	00 40 00.83	+40 44 55.5	-490.2 	6.0	43.88
53	00 40 01.86	+40 37 28.2	-561.3 	6.0	49.36
54	00 40 03.09	+40 50 36.5	-567.3 	8.2	39.70
55	00 40 03.40	+41 43 59.9	-194.3 	6.0	41.03
56	00 40 05.18	+40 42 16.0	-481.0 	6.0	45.27
57	00 40 08.03	+40 32 11.9	-331.9 	6.0	52.94
58	00 40 08.88	+41 40 43.8	-240.5 	6.0	38.11
59	00 40 10.48	+41 49 18.8	-177.3 	6.0	43.92
60	00 40 10.60	+41 21 23.7	-220.7 	6.0	29.34
61	00 40 10.82	+40 54 38.6	-531.5 	6.0	36.04
62	00 40 11.29	+40 54 55.0	-435.3 	6.0	35.80
63	00 40 13.57	+41 38 41.9	-229.2 	6.0	36.15
64	00 40 13.73	+40 35 41.7	-562.0 	6.0	49.44
65	00 40 14.54	+40 38 50.3	-535.8 	6.0	46.81
66	00 40 14.56	+41 37 42.1	-230.6 	6.0	35.39
67	00 40 15.60	+40 58 29.7	-542.7 	6.0	33.10
68	00 40 15.82	+41 28 22.8	-317.4 	6.0	30.43
69	00 40 16.68	+41 17 30.3	-354.6 	8.2	27.77
70	00 40 16.73	+41 04 28.7	-360.2 	6.0	30.12
71	00 40 17.22	+40 59 45.8	-561.2 	6.0	32.18
72	00 40 17.50	+41 45 59.0	-217.1 	6.0	40.57
73	00 40 18.46	+40 52 00.9	-564.3 	6.0	36.58
74	00 40 20.35	+41 38 17.4	-227.2 	6.0	34.90
75	00 40 21.54	+41 42 26.2	-282.6 	6.0	37.50
76	00 40 21.81	+41 10 04.5	-246.0 	6.0	27.48
77	00 40 22.11	+40 48 49.8	-410.2 	6.0	38.27
78	00 40 23.50	+40 44 00.6	-600.4 	6.0	41.69
79	00 40 24.70	+40 58 02.9	-363.3 	6.0	31.92
80	00 40 24.94	+40 47 17.6	-423.7 	6.0	39.03
81	00 40 25.53	+41 40 06.8	-227.5 	6.0	35.36
82	00 40 25.74	+40 51 45.4	-414.0 	6.0	35.73
83	00 40 25.74	+40 37 06.1	-526.8 	6.0	47.00
84	00 40 25.81	+41 01 09.1	-370.7 	6.0	30.08
85	00 40 26.25	+41 20 27.6	-344.8 	6.0	26.29
86	00 40 28.81	+41 33 00.6	-320.9 	6.0	30.50
87	00 40 30.08	+41 01 20.2	-460.9 	6.0	29.29
88	00 40 30.81	+40 36 53.9	-487.2 	6.0	46.64
89	00 40 30.82	+40 42 30.1	-574.9 	6.0	42.03
90	00 40 30.89	+40 45 46.9	-552.1 	6.0	39.44
91	00 40 32.24	+41 39 02.8	-241.8 	6.0	33.72
92	00 40 33.28	+40 55 58.6	-386.4 	6.0	31.88
93	00 40 33.75	+40 32 46.0	-519.8 	6.0	49.90
94	00 40 33.87	+41 08 34.8	-582.7 	6.0	25.68
95	00 40 35.18	+40 50 07.3	-523.6 	4.2	35.63
96	00 40 35.48	+40 45 16.8	-492.5 	6.0	39.28
97	00 40 36.33	+41 42 02.5	-254.8 	6.0	35.29
98	00 40 39.02	+41 14 38.9	-345.2	13.5	23.60
99	00 40 39.91	+40 43 37.1	-444.0 	6.0	40.11
100	00 40 40.63	+41 39 05.7	-233.3 	6.0	32.62
101	00 40 41.29	+41 45 17.1	-233.1 	8.2	37.14
102	00 40 41.52	+40 55 34.6	-543.3 	6.0	30.95
103	00 40 42.67	+41 29 38.7	-265.8 	8.2	26.52
104	00 40 43.41	+40 52 08.1	-592.3 	6.0	33.10
105	00 40 43.74	+41 18 40.4	-376.7 	6.0	22.79
106	00 40 43.93	+41 22 10.9	-299.6 	6.0	23.40
107	00 40 44.36	+40 59 37.0	-468.2 	6.0	27.99
108	00 40 44.38	+40 40 30.8	-518.4 	6.0	42.21
109	00 40 45.66	+40 49 13.5	-591.4 	6.0	35.00
110	00 40 46.18	+40 47 50.1	-558.9 	6.0	36.02
111	00 40 48.08	+41 02 02.0	-415.2 	6.0	26.04
112	00 40 48.42	+40 43 33.2	-548.0 	6.0	39.25
113	00 40 49.11	+41 10 48.4	-423.4 	6.0	22.31
114	00 40 49.56	+40 39 46.5	-414.0 	6.0	42.33
115	00 40 50.45	+41 23 35.0	-322.3 	6.0	22.64
116	00 40 50.63	+40 54 56.8	-449.6 	6.0	30.13
117	00 40 53.30	+41 16 37.9	-288.4 	6.0	20.87
118	00 40 54.01	+40 46 39.9	-483.4 	6.0	36.08
119	00 40 54.38	+40 48 10.6	-564.0 	6.0	34.81
120	00 40 54.66	+41 48 15.8	-357.3 	6.0	38.12
121	00 40 55.91	+41 03 08.5	-350.3 	6.0	24.19
122	00 40 57.24	+40 36 07.4	-508.1 	6.0	44.84
123	00 40 57.41	+41 01 02.8	-470.1 	6.0	25.16
124	00 40 57.58	+41 00 01.8	-270.6 	6.0	25.76
125	00 40 58.49	+41 09 06.9	-346.1 	6.0	21.11
126	00 40 58.75	+41 29 32.5	-286.7 	6.0	23.91
127	00 41 03.09	+41 11 57.8	-468.5 	6.0	19.49
128	00 41 03.40	+40 55 53.6	-547.8 	6.0	27.78
129	00 41 03.73	+40 41 13.5	-564.0 	6.0	39.74
130	00 41 03.79	+40 48 50.4	-353.3 	6.0	33.24
131	00 41 05.73	+40 48 11.1	-281.8 	6.0	33.57
132	00 41 09.20	+41 03 43.3	-536.8 	4.2	21.79
133	00 41 09.82	+41 20 45.6	-274.5 	6.0	18.34
134	00 41 10.18	+40 51 44.1	-473.8 	6.0	30.18
135	00 41 11.62	+40 34 14.5	-472.2	11.6	45.41
136	00 41 11.85	+40 43 24.8	-516.0 	6.0	37.09
137	00 41 12.39	+40 35 58.0	-531.5 	6.0	43.77
138	00 41 13.50	+40 42 15.6	-537.9 	6.0	37.97
139	00 41 13.66	+40 45 47.9	-545.7 	6.0	34.83
140	00 41 15.07	+41 07 26.8	-345.0 	6.0	18.91
141	00 41 15.72	+41 27 19.8	-321.9 	6.0	20.04
142	00 41 16.91	+41 12 11.6	-262.2 	6.0	16.90
143	00 41 17.65	+41 18 45.4	-400.9 	8.2	16.49
144	00 41 18.69	+40 37 42.6	-526.3 	6.0	41.69
145	00 41 19.08	+40 53 41.8	-494.7 	6.0	27.60
146	00 41 19.34	+40 52 20.5	-417.5 	6.0	28.69
147	00 41 19.78	+41 41 09.8	-358.4 	6.0	29.61
148	00 41 19.91	+40 44 57.9	-442.6 	6.0	35.01
149	00 41 23.13	+41 04 12.5	-350.5 	8.2	19.39
150	00 41 23.32	+40 50 51.9	-551.1 	6.0	29.53
151	00 41 23.43	+41 14 28.0	-402.2 	6.0	15.30
152	00 41 25.26	+40 56 02.2	-547.4 	6.0	25.02
153	00 41 25.39	+41 28 22.2	-293.5 	6.0	19.20
154	00 41 26.47	+40 32 45.0	-283.3 	8.2	45.82
155	00 41 26.87	+40 43 15.8	-392.9 	6.0	35.98
156	00 41 27.01	+40 58 06.3	-426.9 	6.0	23.18
157	00 41 28.19	+41 02 30.3	-570.1 	8.2	19.78
158	00 41 28.81	+41 26 47.7	-274.3 	6.0	17.73
159	00 41 29.41	+41 06 38.5	-247.4 	8.2	17.00
160	00 41 31.09	+41 09 36.0	-424.4 	6.0	15.25
161	00 41 31.17	+41 01 11.0	-443.1 	6.0	20.33
162	00 41 32.24	+41 00 11.9	-536.5 	6.0	20.94
163	00 41 33.19	+40 55 48.5	-572.9 	6.0	24.35
164	00 41 33.71	+41 12 56.3	-394.0 	6.0	13.66
165	00 41 35.26	+40 45 49.2	-486.6 	6.0	33.00
166	00 41 39.07	+41 04 45.0	-486.2 	9.9	16.75
167	00 41 39.96	+40 46 47.7	-339.3 	6.0	31.76
168	00 41 41.18	+40 52 46.7	-465.2 	6.0	26.22
169	00 41 42.94	+41 16 36.7	-340.1 	6.0	11.54
170	00 41 43.90	+41 04 36.1	-405.8	11.6	16.20
171	00 41 45.38	+41 20 36.5	-313.2 	6.0	11.94
172	00 41 45.45	+40 58 36.2	-463.0 	6.0	20.75
173	00 41 45.89	+41 26 34.4	-443.1 	6.0	15.13
174	00 41 46.06	+41 03 11.9	-426.2 	6.0	16.96
175	00 41 46.25	+41 00 34.4	-510.5 	6.0	19.02
176	00 41 48.35	+41 43 30.2	-316.9 	9.9	29.30
177	00 41 48.92	+40 48 53.5	-397.2 	6.0	29.18
178	00 41 49.66	+41 11 21.6	-341.5 	6.0	11.34
179	00 41 50.14	+41 07 34.0	-401.6 	6.0	13.32
180	00 41 51.79	+40 37 32.8	-527.7 	6.0	39.85
181	00 41 52.35	+41 25 32.2	-218.0 	6.0	13.54
182	00 41 54.55	+41 36 16.5	-143.5 	6.0	22.19
183	00 41 54.96	+40 40 22.4	-507.6 	6.0	36.96
184	00 41 56.79	+41 37 05.3	-196.2	13.5	22.76
185	00 42 00.55	+41 02 05.9	-585.5 	6.0	16.28
186	00 42 01.48	+41 24 21.0	-246.1 	6.0	11.49
187	00 42 01.87	+40 53 22.4	-476.4 	6.0	24.13
188	00 42 03.33	+40 31 39.5	-551.8	11.6	45.15
189	00 42 05.24	+41 16 09.7	-336.4 	6.0 	7.34
190	00 42 06.63	+41 11 33.0	-312.8 	8.2 	8.44
191	00 42 07.70	+41 13 28.2	-425.5 	8.2 	7.38
192	00 42 09.64	+40 52 35.4	-479.7 	6.0	24.44
193	00 42 09.91	+41 35 39.4	-339.0	13.5	20.55
194	00 42 10.27	+41 12 38.0	-414.2 	6.4 	7.30
195	00 42 10.28	+41 08 51.1	-494.5 	4.6 	9.70
196	00 42 10.35	+41 20 45.3	-190.1	13.5 	7.87
197	00 42 10.48	+41 16 05.6	-285.2 	4.6 	6.36
198	00 42 11.05	+41 08 04.4	-474.3 	6.4	10.21
199	00 42 11.55	+41 16 11.5	-316.3 	4.6 	6.16
200	00 42 11.89	+40 49 07.8	-409.0 	8.2	27.70
201	00 42 12.24	+41 07 26.9	-551.5 	8.2	10.58
202	00 42 12.56	+41 26 17.2	-322.1 	8.2	11.77
203	00 42 12.57	+41 13 25.6	-390.5 	3.3 	6.56
204	00 42 12.61	+42 03 42.2	-263.0	11.6	47.93
205	00 42 13.15	+41 09 54.2	-395.5 	6.4 	8.56
206	00 42 13.61	+40 50 28.5	-424.5 	6.0	26.31
207	00 42 13.85	+41 13 36.7	-283.0 	4.6 	6.26
208	00 42 13.86	+41 08 57.9	-319.6 	4.6 	9.18
209	00 42 15.05	+41 15 57.3	-124.1 	4.6 	5.50
210	00 42 15.14	+41 39 09.6	-330.2 	9.9	23.66
211	00 42 15.15	+40 55 32.0	-502.2 	6.0	21.33
212	00 42 15.72	+41 12 43.4	-452.2 	4.6 	6.37
213	00 42 15.92	+41 16 17.3	-334.2 	4.6 	5.34
214	00 42 16.54	+41 11 07.0	-502.8 	4.6 	7.25
215	00 42 17.19	+41 22 36.6	-258.1	13.5 	8.23
216	00 42 17.56	+41 20 32.0	-291.9 	8.2 	6.67
217	00 42 18.64	+41 14 56.7	-253.5 	4.6 	4.97
218	00 42 18.65	+41 16 00.9	-369.4 	4.6 	4.83
219	00 42 19.12	+40 57 08.6	-285.8 	5.5	19.58
220	00 42 19.24	+41 10 06.6	-257.7 	4.6 	7.66
221	00 42 20.09	+41 15 34.3	-405.8 	8.2 	4.59
222	00 42 20.38	+41 07 58.3	-580.7 	4.6 	9.33
223	00 42 20.42	+41 12 41.4	-528.0 	4.6 	5.67
224	00 42 20.79	+41 16 53.1	-181.9 	4.6 	4.48
225	00 42 21.16	+41 09 42.7 	42.0 	4.6 	7.77
226	00 42 21.55	+41 25 19.5	-286.2	13.5	10.13
227	00 42 21.68	+41 09 54.5	-338.6 	4.6 	7.55
228	00 42 21.83	+41 14 11.1	-453.6 	4.6 	4.66
229	00 42 22.07	+41 11 25.8	-582.0 	4.6 	6.30
230	00 42 22.36	+41 16 04.2	-276.6 	4.4 	4.13
231	00 42 22.56	+41 08 32.0	-375.7 	4.6 	8.64
232	00 42 22.81	+41 15 31.9	-412.9 	4.6 	4.09
233	00 42 22.85	+41 46 00.3	-220.5	11.6	30.13
234	00 42 23.18	+41 13 37.3	-377.0 	4.4 	4.71
235	00 42 23.66	+41 09 23.2	-419.0 	4.6 	7.79
236	00 42 23.84	+41 08 29.8	-492.9 	4.6 	8.56
237	00 42 24.39	+41 12 11.4	-384.5 	3.2 	5.45
238	00 42 24.47	+41 14 38.7	-404.6 	4.6 	4.02
239	00 42 24.63	+41 07 28.2	-261.0 	8.2 	9.43
240	00 42 24.65	+41 10 48.4	-389.9 	4.6 	6.49
241	00 42 25.01	+41 12 16.3	-669.7 	4.6 	5.31
242	00 42 25.45	+41 12 00.5	-358.9 	4.6 	5.45
243	00 42 25.60	+41 15 42.5	-559.7 	4.4 	3.55
244	00 42 25.91	+41 11 05.9	-351.4 	4.6 	6.12
245	00 42 25.93	+41 12 31.2	-441.2 	4.6 	5.01
246	00 42 27.00	+41 09 44.4	-533.9 	4.3 	7.18
247	00 42 27.00	+40 49 40.5	-452.2 	8.2	26.67
248	00 42 27.14	+41 14 54.4	-492.6 	4.6 	3.46
249	00 42 27.18	+41 14 34.2	-341.7 	4.6 	3.59
250	00 42 27.76	+41 16 19.2	-321.4 	4.6 	3.12
251	00 42 27.77	+41 16 30.7	-450.4 	4.6 	3.13
252	00 42 28.22	+41 17 35.7	-313.5 	6.4 	3.36
253	00 42 28.31	+41 09 56.0	-321.5 	4.6 	6.90
254	00 42 28.33	+41 15 28.9	-399.6 	4.6 	3.08
255	00 42 28.46	+41 09 34.3 	39.9 	4.6 	7.22
256	00 42 28.77	+41 08 49.5	-350.6 	6.4 	7.88
257	00 42 28.93	+40 44 38.6	-160.3 	8.2	31.63
258	00 42 28.94	+41 07 12.7	-523.9	11.6 	9.39
259	00 42 28.96	+41 11 37.0	-281.3 	4.6 	5.37
260	00 42 29.06	+41 15 16.1	-238.8 	4.3 	3.00
261	00 42 29.47	+41 10 49.6	-136.3 	4.6 	6.00
262	00 42 29.54	+41 14 04.2	-277.4 	4.6 	3.47
263	00 42 29.67	+41 13 51.8	-507.7 	4.6 	3.57
264	00 42 29.75	+41 03 30.2	-468.6 	6.0	12.93
265	00 42 30.58	+40 34 46.5 	256.0 	9.9	41.45
266	00 42 30.73	+41 17 52.9	-310.0 	6.4 	3.09
267	00 42 31.00	+41 16 24.9 	-94.6 	4.6 	2.52
268	00 42 31.05	+40 53 04.4	-411.0 	6.3	23.20
269	00 42 31.32	+41 10 29.0	-478.8 	4.6 	6.16
270	00 42 31.98	+41 17 31.9	-137.7 	6.4 	2.70
271	00 42 32.18	+40 33 58.3 	226.8 	6.0	42.23
272	00 42 32.51	+41 15 58.3	-257.0 	4.6 	2.23
273	00 42 32.57	+41 10 14.3	-580.7 	4.6 	6.30
274	00 42 32.76	+41 16 32.4	-394.1 	4.6 	2.21
275	00 42 33.21	+41 16 49.1	-482.7 	4.6 	2.19
276	00 42 34.12	+41 15 04.4	-341.0 	4.6 	2.20
277	00 42 34.49	+41 09 14.8	-496.0 	4.6 	7.14
278	00 42 34.54	+41 09 15.8	-489.2	13.5 	7.12
279	00 42 34.96	+41 08 15.4	-487.4 	4.6 	8.08
280	00 42 35.26	+41 14 45.9	-259.2 	4.6 	2.19
281	00 42 35.73	+41 18 23.0	-232.1 	6.4 	2.76
282	00 42 35.77	+41 11 01.0	-259.7 	4.6 	5.37
283	00 42 36.41	+41 16 56.9	-322.8 	4.6 	1.69
284	00 42 36.92	+41 12 09.4	-597.1 	4.6 	4.22
285	00 42 37.08	+41 14 35.1	-503.0 	4.6 	2.07
286	00 42 37.19	+41 16 26.3	-339.5 	6.4 	1.37
287	00 42 37.74	+41 16 43.0	-301.0 	4.6 	1.36
288	00 42 38.03	+41 13 44.1	-288.2 	4.6 	2.68
289	00 42 38.13	+41 09 55.1	-474.2 	4.6 	6.33
290	00 42 38.27	+41 15 33.3	-374.0 	4.6 	1.28
291	00 42 38.34	+41 09 58.5	-483.2 	4.6 	6.27
292	00 42 38.35	+41 14 27.2	-267.5 	4.6 	2.03
293	00 42 38.38	+41 14 34.2	-492.9 	4.6 	1.93
294	00 42 38.53	+41 11 17.5	-369.0 	4.6 	4.97
295	00 42 39.53	+41 18 31.1	-257.8 	3.7 	2.54
296	00 42 39.80	+41 17 03.0	-207.6 	6.4 	1.24
297	00 42 40.19	+41 18 41.6	-359.4 	4.6 	2.67
298	00 42 40.21	+40 51 02.3	-147.5 	8.2	25.12
299	00 42 40.24	+41 13 50.6	-199.6 	6.4 	2.42
300	00 42 40.25	+41 19 05.5	-744.8	13.5 	3.05
301	00 42 40.39	+41 11 33.2	-444.0 	4.6 	4.65
302	00 42 40.70	+41 14 09.7	-253.2 	4.6 	2.09
303	00 42 41.23	+41 19 08.4	-142.2 	6.4 	3.05
304	00 42 41.31	+41 18 20.5	-334.9 	6.4 	2.27
305	00 42 41.36	+41 17 48.8	-549.9 	4.6 	1.76
306	00 42 41.44	+41 18 11.8	-218.6	13.3 	2.12
307	00 42 41.50	+41 09 58.5	-595.6 	4.6 	6.19
308	00 42 41.99	+41 56 56.1	-113.6	11.6	40.79
309	00 42 42.11	+41 14 09.1	-308.6 	4.6 	2.03
310	00 42 42.34	+41 15 53.1	-604.5 	4.6 	0.45
311	00 42 42.83	+41 09 46.5	-363.0 	4.6 	6.37
312	00 42 42.89	+41 09 22.0	-348.3 	4.6 	6.78
313	00 42 43.79	+41 16 00.9	-251.9 	6.4 	0.16
314	00 42 43.84	+41 10 46.3	-244.1 	4.6 	5.37
315	00 42 43.88	+41 09 00.0	-375.3 	4.6 	7.14
316	00 42 44.94	+41 12 11.0	-356.6 	4.6 	3.96
317	00 42 45.44	+41 19 18.2	-174.5 	3.3 	3.17
318	00 42 45.45	+41 19 57.1	-328.6 	6.4 	3.82
319	00 42 45.60	+40 59 21.3	-329.3 	6.0	16.79
320	00 42 45.97	+41 16 24.1	-212.1 	4.6 	0.40
321	00 42 46.01	+41 18 24.8	-198.5 	4.5 	2.29
322	00 42 46.18	+41 16 41.0	-492.0 	4.6 	0.64
323	00 42 46.66	+41 13 16.0	-414.3 	4.6 	2.91
324	00 42 46.72	+41 14 21.0	-185.2 	4.6 	1.85
325	00 42 47.22	+41 11 32.5	-307.5 	6.4 	4.63
326	00 42 47.29	+41 11 39.5	-498.8 	8.2 	4.52
327	00 42 47.55	+41 16 21.3	-337.1 	4.6 	0.64
328	00 42 47.58	+41 11 27.1	-296.4 	4.6 	4.73
329	00 42 47.58	+41 14 59.3	-524.7 	6.4 	1.31
330	00 42 47.62	+41 21 01.1	-169.9	13.3 	4.92
331	00 42 47.65	+41 13 47.9	-146.2 	4.6 	2.43
332	00 42 47.92	+41 20 58.9	-150.9 	4.6 	4.89
333	00 42 48.22	+41 17 33.9	-492.0 	6.4 	1.60
334	00 42 48.91	+41 15 23.9	-565.7 	4.6 	1.14
335	00 42 48.94	+41 16 55.5	-111.2 	3.3 	1.17
336	00 42 49.44	+41 22 10.3	-312.9 	3.3 	6.11
337	00 42 49.58	+41 16 49.9	-280.1 	6.4 	1.20
338	00 42 49.65	+41 18 40.8	-165.9 	4.6 	2.73
339	00 42 49.82	+41 20 07.6	-269.3 	4.6 	4.12
340	00 42 49.88	+40 51 10.2	-525.7	11.6	24.99
341	00 42 50.62	+40 45 27.9	-183.3 	6.0	30.70
342	00 42 50.90	+41 14 47.2	-338.4 	4.6 	1.83
343	00 42 51.34	+41 15 56.2	-400.4 	6.4 	1.33
344	00 42 51.78	+41 58 46.2	-241.7 	8.2	42.65
345	00 42 52.11	+41 17 24.4	-223.1 	4.6 	1.93
346	00 42 52.60	+41 20 22.6	-201.0 	3.7 	4.51
347	00 42 52.68	+41 21 03.2	-243.1 	4.6 	5.16
348	00 42 52.71	+41 14 15.6	-601.8 	4.6 	2.46
349	00 42 52.79	+41 20 18.9	-206.1 	4.6 	4.47
350	00 42 53.02	+40 48 59.5	-207.5 	6.0	27.20
351	00 42 53.03	+40 58 18.8	-346.9 	8.2	17.90
352	00 42 53.35	+41 18 17.0	-120.3 	4.6 	2.73
353	00 42 53.37	+41 16 27.9	-270.6 	4.6 	1.73
354	00 42 53.43	+41 19 51.7	-211.7 	4.6 	4.09
355	00 42 53.53	+41 17 33.8	-450.4 	4.6 	2.24
356	00 42 54.17	+41 13 36.7	-347.4 	6.4 	3.14
357	00 42 54.22	+41 14 17.0	-133.9 	4.6 	2.63
358	00 42 54.35	+41 41 28.5	-260.8	13.5	25.40
359	00 42 54.49	+41 21 23.0	-351.8 	3.3 	5.58
360	00 42 54.58	+41 15 37.2	-115.5 	4.6 	2.00
361	00 42 54.59	+41 15 21.6 	-37.8 	4.6 	2.08
362	00 42 55.30	+41 18 14.8	-240.3 	4.6 	2.95
363	00 42 55.44	+41 17 20.7	-290.2 	4.6 	2.41
364	00 42 55.51	+41 16 24.4	-421.1	13.3 	2.12
365	00 42 55.69	+41 25 49.1	-252.0 	2.0 	9.91
366	00 42 55.79	+41 16 15.8	-221.4 	4.6 	2.16
367	00 42 56.08	+41 17 32.3	-241.3 	4.6 	2.61
368	00 42 56.20	+41 19 12.7	-318.4 	4.6 	3.79
369	00 42 56.21	+41 22 02.8 	-8.4 	3.3 	6.31
370	00 42 56.29	+41 37 38.7	-541.0	13.5	21.62
371	00 42 56.38	+41 18 53.6	-139.5 	8.2 	3.56
372	00 42 56.38	+41 29 41.4	-145.8	13.5	13.74
373	00 42 56.39	+41 13 28.7	-681.6 	3.3 	3.50
374	00 42 56.92	+41 14 08.4	-431.3 	6.4 	3.10
375	00 42 56.93	+41 18 14.1	-160.1 	4.6 	3.16
376	00 42 57.20	+41 16 59.1	-332.6 	4.6 	2.56
377	00 42 57.33	+41 17 25.4	-302.7 	4.6 	2.76
378	00 42 57.36	+41 17 14.7	-524.7 	4.6 	2.69
379	00 42 57.43	+41 23 05.5	-304.1 	4.6 	7.37
380	00 42 57.75	+41 18 47.9 	129.6 	4.6 	3.66
381	00 42 57.98	+41 16 21.3	-122.0 	4.6 	2.57
382	00 42 58.02	+41 14 52.1	-430.8 	4.6 	2.87
383	00 42 58.33	+41 17 09.7	-218.0 	4.6 	2.82
384	00 42 58.37	+41 25 11.0	-403.4 	6.4 	9.42
385	00 42 58.45	+41 15 06.0	-524.7 	8.2 	2.85
386	00 42 58.47	+40 59 34.6	-325.9 	6.0	16.78
387	00 42 58.87	+41 22 13.2	-154.8	13.5 	6.66
388	00 42 58.95	+41 18 54.5 	30.5 	4.6 	3.90
389	00 42 59.10	+42 02 14.0	-321.4 	9.9	46.17
390	00 42 59.26	+41 48 40.0	-225.2 	8.2	32.64
391	00 42 59.35	+41 21 45.9	-260.1 	3.3 	6.29
392	00 42 59.58	+41 20 03.0 	69.8 	6.4 	4.85
393	00 42 59.64	+41 23 07.9	-165.0 	4.6 	7.56
394	00 42 59.92	+41 16 49.0	-307.3 	4.6 	3.01
395	00 43 00.19	+41 21 34.0	-291.3 	6.4 	6.19
396	00 43 00.51	+41 58 55.7	-283.9 	8.2	42.89
397	00 43 00.61	+41 14 42.8	-252.2 	4.6 	3.38
398	00 43 00.81	+41 30 11.5	-308.5	13.5	14.39
399	00 43 00.86	+41 18 42.4 	-79.0 	4.6 	4.03
400	00 43 01.18	+41 20 04.5	-220.1 	4.6 	5.05
401	00 43 01.31	+41 26 20.1	-112.7 	3.7	10.68
402	00 43 02.04	+40 49 30.0	-156.6 	6.0	26.85
403	00 43 02.39	+41 16 49.6	-301.8 	4.6 	3.46
404	00 43 02.54	+41 20 28.2	-253.5 	3.7 	5.52
405	00 43 02.56	+41 16 59.9	-406.9 	6.4 	3.53
406	00 43 02.59	+41 08 43.0	-344.7	13.5 	8.18
407	00 43 02.96	+41 20 40.4	-148.9 	3.3 	5.73
408	00 43 03.00	+41 26 10.8 	-87.6 	3.2	10.63
409	00 43 03.53	+41 24 35.3 	-89.7 	3.7 	9.18
410	00 43 03.72	+41 17 37.3	-127.7 	4.6 	3.93
411	00 43 03.88	+41 21 24.4	-314.0 	4.6 	6.42
412	00 43 04.35	+41 20 08.2	-243.7 	4.6 	5.49
413	00 43 04.56	+41 14 43.1	-454.6 	3.7 	4.06
414	00 43 04.75	+41 21 43.0	-144.7 	4.6 	6.77
415	00 43 05.20	+41 55 52.4	-288.4 	6.0	39.92
416	00 43 05.21	+41 17 37.9	-225.5 	3.3 	4.20
417	00 43 05.34	+41 18 32.6	-549.7 	4.6 	4.62
418	00 43 05.39	+41 19 28.2	-355.7 	4.6 	5.17
419	00 43 05.70	+41 18 13.6	-525.1 	4.6 	4.52
420	00 43 05.91	+41 19 15.7	-252.2 	4.6 	5.12
421	00 43 06.01	+41 18 28.2 	31.4 	4.6 	4.69
422	00 43 06.13	+41 20 03.3 	-48.0 	4.6 	5.66
423	00 43 06.15	+41 20 19.4	-263.5 	6.4 	5.86
424	00 43 06.22	+41 30 19.4	-221.3	11.6	14.76
425	00 43 06.40	+41 17 50.5	-302.5 	6.4 	4.48
426	00 43 06.62	+41 18 37.5 	-80.0 	4.6 	4.87
427	00 43 07.05	+41 24 56.0	-112.7 	3.3 	9.77
428	00 43 07.30	+41 19 21.8	-338.2 	4.6 	5.39
429	00 43 07.89	+41 15 47.1 	-34.9 	4.6 	4.44
430	00 43 07.94	+41 15 37.5 	-99.3 	6.4 	4.47
431	00 43 08.15	+41 17 42.0	-334.2 	6.4 	4.74
432	00 43 08.80	+41 20 00.7	-366.3 	4.6 	6.01
433	00 43 09.05	+41 18 43.8	-431.8 	4.6 	5.32
434	00 43 09.48	+41 15 53.0	-218.1 	3.3 	4.73
435	00 43 09.78	+41 26 51.9	-107.9 	3.3	11.74
436	00 43 09.86	+41 27 07.1	-320.3	13.5	11.98
437	00 43 10.51	+42 11 33.2	-291.2	13.5	55.62
438	00 43 10.82	+41 25 40.3 	-94.5 	3.1	10.75
439	00 43 10.78	+41 19 53.5	-107.4 	4.6 	6.22
440	00 43 11.58	+42 07 12.7	-209.1 	5.3	51.32
441	00 43 12.36	+41 25 26.0 	-60.5 	4.6	10.68
442	00 43 12.41	+41 12 43.5	-343.3 	8.2 	6.29
443	00 43 12.43	+41 23 46.7	-288.2 	4.5 	9.28
444	00 43 12.53	+41 21 16.7	-140.3 	4.6 	7.38
445	00 43 12.89	+41 16 43.4	-224.4 	3.7 	5.40
446	00 43 12.93	+41 18 49.3	-125.4 	4.6 	6.00
447	00 43 13.22	+41 24 22.2 	-68.4 	4.6 	9.85
448	00 43 13.73	+40 52 32.2	-407.8 	6.0	24.25
449	00 43 14.12	+41 21 12.6	-309.1 	4.4 	7.55
450	00 43 14.37	+41 21 59.9	-343.7 	4.6 	8.13
451	00 43 15.21	+41 04 21.3	-389.1	13.5	13.14
452	00 43 15.32	+41 18 27.9	-573.5 	4.6 	6.27
453	00 43 15.65	+41 18 00.7	-371.5 	4.6 	6.17
454	00 43 15.79	+41 19 25.8	-108.9 	4.6 	6.76
455	00 43 16.22	+41 27 04.5 	-96.9 	2.5	12.46
456	00 43 16.65	+41 19 46.1	-146.1 	6.4 	7.07
457	00 43 16.71	+41 26 27.6	-194.3 	4.6	11.97
458	00 43 16.72	+41 22 26.2 	-43.9 	4.6 	8.75
459	00 43 17.24	+41 19 33.1 	-78.7 	4.6 	7.06
460	00 43 17.98	+41 19 43.2 	-79.2 	4.6 	7.26
461	00 43 17.99	+41 21 34.5	-245.2 	3.3 	8.34
462	00 43 18.00	+41 45 46.4	-232.8 	6.0	30.29
463	00 43 18.13	+41 19 34.9	-288.1 	4.6 	7.22
464	00 43 18.26	+41 43 35.3	-228.0 	6.0	28.17
465	00 43 18.68	+41 15 39.5 	-88.6 	2.6 	6.47
466	00 43 19.21	+41 12 12.9	-295.9	13.5 	7.64
467	00 43 19.41	+41 17 45.8 	12.2 	4.6 	6.79
468	00 43 19.85	+41 02 33.9	-418.9 	6.0	15.13
469	00 43 20.61	+40 55 32.3	-310.9 	6.0	21.71
470	00 43 20.66	+40 57 44.0	-518.8 	6.0	19.64
471	00 43 20.85	+41 17 51.4	-322.4 	2.7 	7.07
472	00 43 21.34	+41 05 28.7	-375.8 	6.0	12.74
473	00 43 23.43	+41 23 51.3	-304.0 	4.6	10.65
474	00 43 23.54	+41 53 36.0	-300.6 	6.0	38.17
475	00 43 23.64	+41 36 11.2	-188.9	13.5	21.36
476	00 43 23.70	+41 50 18.7	-207.7 	6.0	34.95
477	00 43 24.31	+41 24 37.4 	-55.3 	4.6	11.33
478	00 43 24.31	+41 23 16.0 	-85.4 	4.6	10.35
479	00 43 24.57	+41 23 44.1 	6.9 	4.6	10.71
480	00 43 24.69	+41 20 24.4	-297.8 	6.4 	8.70
481	00 43 24.78	+41 24 48.5	-121.2 	4.6	11.52
482	00 43 25.82	+41 22 40.7	-302.9 	4.6	10.17
483	00 43 26.16	+41 25 54.0	-105.7 	6.4	12.52
484	00 43 26.19	+41 29 37.3 	-51.8 	8.2	15.60
485	00 43 26.43	+41 06 42.3	-343.4	13.5	12.32
486	00 43 26.59	+41 20 26.3	-231.3 	4.6 	9.03
487	00 43 27.07	+41 10 28.2	-260.8 	8.2 	9.84
488	00 43 27.24	+42 04 45.6	-201.3 	4.8	49.27
489	00 43 28.48	+41 20 17.8	-261.2 	9.9 	9.28
490	00 43 28.49	+41 51 55.3	-149.5 	6.0	36.72
491	00 43 28.80	+42 11 06.4	-124.8	11.6	55.59
492	00 43 32.36	+41 58 42.4	-611.7 	6.0	43.50
493	00 43 32.67	+41 26 16.8	-177.0 	4.6	13.60
494	00 43 32.82	+41 54 09.9	-333.4 	6.0	39.09
495	00 43 33.16	+41 52 45.5	-244.2 	6.0	37.74
496	00 43 33.37	+41 27 50.0	-165.8 	6.4	14.88
497	00 43 35.41	+41 22 30.0 	-90.2 	4.6	11.51
498	00 43 36.30	+41 42 57.0	-125.0 	8.2	28.52
499	00 43 36.60	+41 49 42.8	-227.6 	6.0	34.97
500	00 43 36.81	+41 03 32.6	-279.4 	8.2	16.01
501	00 43 36.84	+40 37 38.0	-323.2 	4.2	39.76
502	00 43 37.22	+41 31 04.7	-658.0 	6.0	17.93
503	00 43 37.27	+41 22 38.0	-263.5 	3.3	11.87
504	00 43 37.35	+41 14 30.0	-253.3 	8.2	10.10
505	00 43 37.90	+41 27 38.9	-113.8 	3.3	15.28
506	00 43 38.03	+41 24 33.7	-166.1 	3.3	13.13
507	00 43 38.27	+41 24 05.5	-242.6 	4.6	12.87
508	00 43 38.71	+41 49 31.0	-191.6 	8.2	34.89
509	00 43 39.26	+41 26 29.8	-132.7 	3.7	14.61
510	00 43 39.34	+41 26 53.4	-212.9 	4.6	14.90
511	00 43 39.40	+41 22 57.6 	-64.5 	4.6	12.39
512	00 43 40.12	+41 35 04.6	-168.2 	9.9	21.63
513	00 43 40.61	+41 23 30.1	-167.9 	4.6	12.88
514	00 43 41.37	+41 18 11.5	-276.3 	6.0	10.91
515	00 43 41.74	+41 28 02.8	-191.1 	4.6	16.05
516	00 43 42.47	+41 22 47.1	-395.5 	4.6	12.78
517	00 43 43.28	+41 09 30.9	-348.3 	8.2	12.92
518	00 43 43.39	+41 27 31.0 	-4.6 	4.6	15.88
519	00 43 43.94	+41 11 36.5	-303.3	11.6	12.09
520	00 43 44.52	+40 59 59.4	-279.7 	6.0	19.73
521	00 43 44.99	+41 27 14.5	-171.8 	4.6	15.90
522	00 43 45.18	+41 35 17.9	-558.6	13.5	22.30
523	00 43 45.23	+41 23 55.3	-145.4 	4.6	13.83
524	00 43 47.43	+40 47 19.0	-466.7 	6.0	31.19
525	00 43 48.20	+41 31 26.3 	6.9 	6.0	19.43
526	00 43 49.67	+41 38 07.5	-538.9	13.5	25.16
527	00 43 49.72	+41 27 58.4 	-13.0 	4.6	17.04
528	00 43 51.05	+41 58 24.6 	-68.7 	6.0	44.07
529	00 43 52.63	+40 57 38.8	-402.6 	6.0	22.53
530	00 43 53.08	+40 55 09.9	-405.8 	6.0	24.65
531	00 43 54.17	+42 02 39.0	-231.0 	6.0	48.30
532	00 43 54.74	+41 35 02.3 	-91.8	13.5	23.05
533	00 43 54.89	+41 45 39.2	-230.2 	6.0	32.33
534	00 43 54.93	+41 43 51.7	-499.2 	6.0	30.71
535	00 43 55.05	+41 26 04.9	-155.1 	4.6	16.58
536	00 43 58.21	+41 30 44.9 	-6.8 	6.4	20.13
537	00 43 58.63	+41 27 18.5	-126.9 	4.4	17.86
538	00 43 58.85	+41 11 30.1	-247.3 	8.2	14.76
539	00 43 59.45	+41 16 47.4 	-30.5 	6.0	14.13
540	00 43 59.92	+41 15 35.2	-255.5 	6.0	14.22
541	00 43 59.95	+41 50 56.8 	-40.1 	6.0	37.57
542	00 44 00.34	+41 43 56.8	-116.3 	6.0	31.24
543	00 44 01.35	+41 47 08.2	-181.0 	6.0	34.18
544	00 44 02.48	+41 28 03.1 	-40.3 	6.4	18.89
545	00 44 02.86	+41 31 16.7	-100.2 	3.3	21.12
546	00 44 03.89	+41 36 52.3 	-35.9 	8.2	25.54
547	00 44 06.70	+41 28 05.4 	-72.9 	6.4	19.53
548	00 44 07.18	+41 25 31.3	-152.1 	6.4	18.16
549	00 44 07.51	+41 10 09.3	-272.2 	8.2	16.75
550	00 44 07.68	+41 30 40.3	-149.1 	6.4	21.34
551	00 44 08.13	+41 31 18.7	-187.4 	4.6	21.84
552	00 44 08.83	+41 15 20.4	-223.3 	8.2	15.90
553	00 44 09.52	+41 27 11.6	-124.5 	4.4	19.43
554	00 44 09.93	+42 06 40.1	-106.1 	4.8	52.99
555	00 44 10.84	+41 56 29.4 	-68.4 	6.0	43.47
556	00 44 11.27	+41 34 24.3	-107.1 	8.2	24.48
557	00 44 11.42	+41 01 01.8	-349.3 	4.2	22.30
558	00 44 11.94	+41 13 59.8	-234.9 	6.0	16.61
559	00 44 12.01	+41 54 11.2	-149.4 	6.0	41.43
560	00 44 12.15	+41 39 49.1	-620.8	11.6	28.83
561	00 44 12.48	+41 44 19.4	-198.8 	6.0	32.66
562	00 44 13.15	+41 30 09.5	-314.9 	4.6	21.77
563	00 44 13.48	+41 31 53.8 	-21.9 	6.0	22.97
564	00 44 15.46	+41 27 15.1	-177.9 	8.2	20.39
565	00 44 15.71	+41 34 21.2	-131.9	11.6	25.00
566	00 44 16.17	+41 31 18.4	-101.4 	6.4	22.95
567	00 44 16.23	+41 57 03.1	-225.1 	6.0	44.37
568	00 44 16.29	+41 42 22.3	-136.5 	8.2	31.38
569	00 44 17.03	+41 29 48.1 	-48.2 	4.6	22.11
570	00 44 17.68	+41 33 42.5	-147.8 	4.6	24.80
571	00 44 19.33	+41 46 09.0 	-82.5 	6.0	34.88
572	00 44 19.65	+41 30 20.7	-209.6	13.3	22.83
573	00 44 20.37	+40 49 04.7	-277.6 	6.0	32.56
574	00 44 20.88	+41 24 26.8	-201.9 	6.0	19.94
575	00 44 22.38	+41 35 51.5 	-4.9 	6.0	26.95
576	00 44 23.35	+41 53 35.7	-114.7 	6.0	41.78
577	00 44 23.60	+41 40 49.1 	1.4 	8.2	30.90
578	00 44 23.70	+41 25 51.7	-275.4 	8.2	21.03
579	00 44 24.08	+41 55 26.5	-154.6 	8.2	43.50
580	00 44 24.41	+41 29 46.4	-102.5 	4.6	23.20
581	00 44 24.95	+41 38 30.5	-181.6 	6.0	29.25
582	00 44 24.96	+41 31 45.7 	-72.9 	4.6	24.50
583	00 44 25.12	+41 42 45.3 	-88.3 	6.0	32.63
584	00 44 25.42	+41 29 52.9	-136.1 	4.6	23.42
585	00 44 25.63	+41 26 40.4	-331.3 	6.0	21.73
586	00 44 25.75	+41 59 56.9	-161.6 	6.0	47.73
587	00 44 25.96	+42 02 01.8	-157.7 	6.0	49.66
588	00 44 26.06	+41 52 07.4	-137.4	11.6	40.70
589	00 44 26.33	+41 33 15.0	-117.6 	3.7	25.66
590	00 44 27.55	+41 22 28.6	-254.9 	6.0	20.39
591	00 44 28.32	+41 23 17.5	-366.8 	6.0	20.79
592	00 44 28.79	+41 56 59.6	-122.9 	8.2	45.28
593	00 44 29.82	+41 32 45.1	-195.5 	4.6	25.83
594	00 44 30.18	+41 32 35.7	-203.6 	6.4	25.78
595	00 44 30.49	+42 08 55.1 	-90.1 	4.2	56.37
596	00 44 30.97	+41 33 41.7 	-78.2 	4.0	26.61
597	00 44 31.43	+41 21 31.2	-249.3 	6.0	20.82
598	00 44 32.19	+41 25 47.1	-120.5 	6.0	22.42
599	00 44 32.44	+41 46 37.8 	-12.5 	6.0	36.59
600	00 44 34.56	+41 33 29.4	-161.8 	4.6	26.98
601	00 44 34.66	+41 29 16.8	-185.0 	6.0	24.52
602	00 44 35.12	+41 08 04.7	-336.3	13.5	22.35
603	00 44 35.60	+41 56 06.9	-105.4 	6.0	45.06
604	00 44 37.56	+41 50 43.7	-154.7 	6.0	40.56
605	00 44 38.25	+41 43 53.9	-138.6 	8.2	35.01
606	00 44 38.57	+41 53 02.2	-153.4 	6.0	42.63
607	00 44 38.82	+41 31 31.3	-153.7 	4.6	26.41
608	00 44 40.98	+41 37 06.7	-177.3 	5.5	30.29
609	00 44 41.71	+41 32 04.1	-206.2 	2.3	27.17
610	00 44 42.22	+41 08 01.4	-255.9 	6.0	23.62
611	00 44 42.76	+40 40 05.5	-386.6 	4.2	42.42
612	00 44 43.79	+41 14 27.8	-320.6 	4.2	22.52
613	00 44 44.61	+41 47 05.8	-383.4 	6.0	38.27
614	00 44 45.03	+41 41 56.3 	-59.2 	6.0	34.30
615	00 44 45.24	+41 31 49.6	-190.7 	4.6	27.57
616	00 44 48.49	+41 48 17.7	-150.5 	6.0	39.67
617	00 44 49.77	+41 39 16.2	-153.3 	5.8	32.97
618	00 44 50.13	+41 31 07.9	-118.5 	4.6	27.95
619	00 44 50.32	+41 31 50.9	-159.3 	2.7	28.37
620	00 44 52.26	+42 11 57.5 	-41.6 	6.0	60.70
621	00 44 52.77	+41 49 44.2	-191.3 	6.0	41.30
622	00 44 53.09	+41 15 58.1	-226.4 	8.2	24.20
623	00 44 53.63	+41 53 25.3	-120.1 	6.0	44.43
624	00 44 53.80	+41 42 23.0 	-74.8 	6.0	35.73
625	00 44 54.06	+41 35 08.8	-238.9 	6.0	30.86
626	00 44 54.41	+40 52 45.2	-463.7 	4.2	33.88
627	00 44 54.70	+41 53 05.5 	18.3 	6.0	44.27
628	00 44 54.71	+42 00 37.4	-689.6	13.5	50.71
629	00 44 54.99	+41 09 52.8	-330.2 	4.2	25.36
630	00 44 55.97	+41 23 24.1	-233.2 	9.9	25.76
631	00 44 56.30	+41 20 25.2	-298.2 	4.2	25.15
632	00 44 56.94	+41 54 29.5 	-74.6 	6.0	45.67
633	00 44 57.06	+41 26 16.9	-170.2 	8.2	26.89
634	00 44 57.42	+41 45 57.9	-170.7 	6.0	38.86
635	00 44 59.86	+42 07 44.7	-194.3 	6.0	57.47
636	00 45 02.95	+41 25 27.6	-258.5 	6.0	27.64
637	00 45 03.26	+41 35 52.0 	-96.7 	6.0	32.67
638	00 45 03.37	+41 58 16.7	-126.7 	6.0	49.50
639	00 45 03.51	+41 59 49.5	-207.6 	8.2	50.84
640	00 45 03.72	+41 32 38.5	-152.6 	8.2	30.91
641	00 45 04.01	+41 46 07.2	-101.7 	6.0	39.78
642	00 45 05.06	+41 12 52.1	-215.7 	4.2	26.66
643	00 45 05.30	+41 09 38.2	-291.1 	6.0	27.30
644	00 45 06.08	+41 36 16.3	-126.7 	6.0	33.33
645	00 45 06.68	+41 23 35.5	-204.6 	6.0	27.74
646	00 45 06.82	+40 32 10.5	-272.4 	4.2	51.55
647	00 45 07.14	+40 39 33.3	-284.0 	4.2	45.45
648	00 45 07.34	+41 25 28.6	-189.8 	9.9	28.42
649	00 45 09.47	+41 34 30.2	-138.1 	6.0	32.82
650	00 45 11.72	+41 47 39.6	-135.6 	6.0	41.88
651	00 45 12.50	+41 47 45.0 	-92.5 	6.0	42.05
652	00 45 14.34	+42 11 56.8	-138.7 	8.2	62.43
653	00 45 14.45	+41 39 03.1	-105.5 	6.0	36.28
654	00 45 15.08	+42 05 58.6 	-6.2 	6.0	57.23
655	00 45 16.26	+41 18 14.1	-286.9 	6.0	28.62
656	00 45 17.07	+41 49 53.7 	-83.1 	6.0	44.22
657	00 45 17.73	+42 02 26.7	-115.1 	8.2	54.45
658	00 45 17.93	+41 56 49.2	-226.3 	6.0	49.79
659	00 45 18.96	+42 12 44.7	-185.0 	8.2	63.53
660	00 45 21.07	+41 52 07.8 	-44.8 	6.0	46.42
661	00 45 21.53	+41 25 57.2	-189.4 	6.0	31.09
662	00 45 23.00	+42 00 38.7	-155.6 	8.2	53.47
663	00 45 23.64	+41 35 50.5	-167.0 	6.0	35.77
664	00 45 24.28	+41 52 00.1 	-70.1 	6.0	46.70
665	00 45 24.85	+41 47 31.4 	-95.6 	6.0	43.44
666	00 45 25.48	+42 14 10.6	-146.9	13.5	65.35
667	00 45 26.65	+42 08 33.8	-548.8 	8.2	60.54
668	00 45 26.97	+41 32 09.3 	-87.9 	6.0	34.45
669	00 45 27.00	+41 30 13.3	-235.7 	6.0	33.60
670	00 45 27.07	+41 41 17.9	-127.0 	6.0	39.52
671	00 45 27.68	+41 55 40.5	-137.9 	6.0	49.95
672	00 45 28.10	+41 34 34.5	-187.8 	8.2	35.81
673	00 45 29.07	+41 55 47.7	-218.8 	6.0	50.21
674	00 45 31.55	+42 08 38.6	-279.3 	6.0	61.07
675	00 45 32.80	+40 53 36.6	-157.5 	6.0	38.93
676	00 45 35.33	+40 59 56.7	-214.4 	6.0	36.04
677	00 45 36.85	+41 47 20.4 	-70.0 	6.0	44.90
678	00 45 38.44	+42 00 24.3	-126.9 	8.2	54.93
679	00 45 38.65	+41 40 36.8	-220.4	11.6	40.80
680	00 45 41.57	+41 43 06.4	-210.2 	6.0	42.76
681	00 45 42.30	+41 44 28.9	-183.9 	6.0	43.74
682	00 45 42.67	+41 52 07.6	-554.5 	6.0	49.07
683	00 45 42.94	+41 58 19.8 	6.4 	6.0	53.79
684	00 45 43.61	+42 09 24.6	-352.1 	5.3	62.90
685	00 45 43.98	+41 22 40.3	-325.1 	4.2	34.36
686	00 45 44.85	+41 24 29.5	-142.1 	6.0	34.90
687	00 45 45.87	+41 49 44.2	-216.3 	6.0	47.77
688	00 45 46.03	+42 03 33.7	-121.0 	6.0	58.31
689	00 45 46.22	+41 59 42.3 	-98.3 	8.2	55.25
690	00 45 47.63	+41 25 22.6	-245.0 	9.9	35.62
691	00 45 47.67	+41 09 17.4	-117.3	13.5	35.16
692	00 45 49.08	+41 59 38.2	-122.3 	6.0	55.53
693	00 45 49.19	+41 36 44.1	-166.4	11.6	40.30
694	00 45 52.14	+42 04 05.2 	-1.9 	9.9	59.40
695	00 45 52.42	+42 02 13.0	-123.9 	6.0	57.94
696	00 45 53.36	+42 08 50.4 	-66.0	11.6	63.41
697	00 45 53.79	+41 35 34.7	-119.3 	4.2	40.48
698	00 45 56.03	+41 43 16.4	-183.9 	6.0	45.00
699	00 45 56.20	+41 12 14.4	-213.9 	8.2	36.28
700	00 45 57.21	+42 07 45.8 	-92.0 	8.2	62.93
701	00 46 00.28	+41 45 46.8	-103.1 	6.0	47.16
702	00 46 00.58	+41 39 25.9	-144.9 	6.0	43.52
703	00 46 01.89	+41 49 47.1 	-70.5 	6.0	49.98
704	00 46 02.01	+41 31 40.5	-123.8 	4.8	40.19
705	00 46 04.87	+41 56 38.0	-117.0 	6.0	55.18
706	00 46 06.22	+42 07 00.8 	-86.3 	8.2	63.31
707	00 46 07.30	+41 48 08.8	-134.3 	6.0	49.67
708	00 46 08.10	+41 51 00.0	-104.3 	6.0	51.65
709	00 46 08.44	+42 11 31.5 	-81.0 	6.0	67.21
710	00 46 09.31	+41 55 44.4 	-47.5 	6.0	55.10
711	00 46 15.77	+42 09 20.8 	-80.0	13.5	66.24
712	00 46 15.93	+42 05 35.8	-142.7 	6.0	63.29
713	00 46 18.30	+41 31 09.8	-174.9 	4.2	42.85
714	00 46 18.33	+41 52 22.5	-140.2 	6.0	53.99
715	00 46 19.13	+41 49 42.6	-103.3 	8.2	52.36
716	00 46 26.23	+41 55 39.2	-135.2 	8.2	57.29
717	00 46 31.62	+41 12 57.1	-220.9	13.5	42.85
718	00 46 32.41	+42 03 42.1 	10.7 	5.8	63.84
719	00 46 35.00	+41 12 29.1	-236.3 	6.0	43.52
720	00 46 40.29	+41 45 46.0	-134.4 	8.2	53.18
721	00 46 41.49	+42 11 57.4 	-60.8	13.5	71.22