# col1   RA                   DEC                  col4  
  1      39.983               39.05922222222223    730   
  1      39.98916666666667    39.053916666666666   772   
  1      39.99683333333333    39.074527777777774   446   
  1      40.005624999999995   39.07516666666667    639   
  1      40.007125            39.04880555555555    510   
  1      40.010625            39.071527777777774   397   
  1      40.01083333333334    39.065555555555555   675   
  1      40.016375000000004   39.097055555555556   473   
  1      40.02554166666666    39.06077777777778    550   
  1      40.027               39.04888888888889    453   
  1      40.027208333333334   39.073388888888886   740   
  1      40.02854166666667    39.026361111111115   767   
  1      40.02912500000001    39.06791666666667    410   
  1      40.02916666666667    39.021583333333325   408   
  1      40.02954166666667    39.065916666666666   701   
  1      40.03004166666666    39.0445              446   
  1      40.031083333333335   39.034666666666666   790   
  1      40.03491666666667    39.05938888888889    456   
  1      40.035250000000005   39.06194444444444    548   
  1      40.040333333333336   39.047277777777786   379   
  1      40.040708333333335   39.05283333333333    385   
  1      40.040875            39.05386111111111    447   
  1      40.042625            39.06022222222222    733   
  1      40.04545833333333    39.074888888888886   372   
  1      40.046125            39.06480555555556    489   
  1      40.04629166666666    39.040416666666665   600   
  1      40.04749999999999    39.03994444444444    587   
  1      40.0485              39.08072222222222    511   
  1      40.04933333333333    39.063722222222225   465   
  1      40.050666666666665   39.05911111111111    490   
  1      40.05133333333333    39.062222222222225   350   
  1      40.05325             39.051833333333335   511   
  1      40.05370833333334    39.05208333333334    523   
  1      40.05620833333334    39.07505555555556    471   
  1      40.05633333333334    39.06627777777778    447   
  1      40.05745833333333    39.057916666666664   390   
  1      40.05883333333334    39.095888888888894   566   
  1      40.05937499999999    39.05452777777778    305   
  1      40.06070833333334    39.07666666666667    479   
  1      40.060875            39.055055555555555   357   
  1      40.061041666666675   39.06513888888889    371   
  1      40.061875            39.05097222222222    441   
  1      40.062083333333334   39.07111111111111    898   
  1      40.062374999999996   39.05458333333333    449   
  1      40.062958333333334   39.0625              516   
  1      40.062958333333334   39.075222222222216   560   
  1      40.06354166666667    39.05252777777777    372   
  1      40.063875            39.04861111111112    346   
  1      40.06679166666667    39.05016666666667    486   
  1      40.067375000000006   39.05216666666666    545   
  1      40.06795833333333    39.073               440   
  1      40.068041666666666   39.04855555555555    581   
  1      40.068125            39.04411111111111    775   
  1      40.068374999999996   39.035               381   
  1      40.06870833333333    39.08258333333333    474   
  1      40.06916666666666    39.055305555555556   460   
  1      40.070249999999994   39.03872222222222    570   
  1      40.07104166666666    39.017305555555545   591   
  1      40.071541666666675   39.05008333333333    467   
  1      40.07208333333334    39.06750000000001    389   
  1      40.07233333333333    39.069722222222225   540   
  1      40.07316666666667    39.063138888888886   635   
  1      40.07316666666667    39.06927777777778    338   
  1      40.07479166666667    39.06944444444444    495   
  1      40.07537500000001    39.08061111111111    466   
  1      40.07575             39.06538888888888    376   
  1      40.07579166666666    39.061749999999996   386   
  1      40.07629166666667    39.07052777777778    348   
  1      40.076458333333335   39.06630555555556    461   
  1      40.076750000000004   39.057916666666664   334   
  1      40.080083333333334   39.099805555555555   898   
  1      40.08045833333334    39.047694444444446   494   
  1      40.08079166666666    39.0645              366   
  1      40.08416666666666    39.05455555555556    427   
  1      40.08479166666667    39.08361111111111    485   
  1      40.08495833333333    39.06691666666666    561   
  1      40.085               39.05422222222222    444   
  1      40.087375            39.063861111111116   442   
  1      40.08795833333333    39.06319444444444    442   
  1      40.088               39.069916666666664   543   
  1      40.088416666666674   39.05230555555555    535   
  1      40.090875            39.019888888888886   787   
  1      40.09104166666667    39.085861111111114   619   
  1      40.091458333333335   39.09052777777778    603   
  1      40.092749999999995   39.042138888888886   606   
  1      40.09279166666667    39.03438888888889    661   
  1      40.09283333333333    39.047555555555554   537   
  1      40.092958333333335   39.07227777777778    592   
  1      40.092999999999996   39.07486111111112    586   
  1      40.094166666666666   39.07775             696   
  1      40.09433333333333    39.07052777777778    485   
  1      40.09608333333334    39.06922222222222    675   
  1      40.09795833333333    39.05744444444444    599   
  1      40.099333333333334   39.0755              499   
  1      40.100208333333335   39.0465              582   
  1      40.10091666666667    39.09097222222222    768   
  1      40.101708333333335   39.05422222222222    742   
  1      40.10204166666667    39.13638888888889    737   
  1      40.104375            39.07994444444445    738   
  1      40.104416666666665   39.07288888888889    588   
  1      40.10516666666667    39.06883333333333    512   
  1      40.10545833333333    39.05469444444444    612   
  1      40.10554166666667    39.072472222222224   571   
  1      40.10616666666666    39.07297222222222    729   
  1      40.106625            39.08144444444444    745   
  1      40.107416666666666   39.05041666666666    531   
  1      40.107499999999995   39.05888888888889    534   
  1      40.107625            39.05975000000001    573   
  1      40.108083333333326   39.05266666666667    591   
  1      40.10845833333334    39.04516666666667    688   
  1      40.10854166666667    39.07516666666667    672   
  1      40.109249999999996   39.038833333333336   566   
  1      40.10941666666667    39.04266666666667    662   
  1      40.10995833333334    39.07988888888889    681   
  1      40.111749999999994   39.054833333333335   691   
  1      40.11216666666667    39.06744444444445    928   
  1      40.112541666666665   39.06277777777777    740   
  1      40.11283333333333    39.070166666666665   767   
  1      40.113               39.064166666666665   854   
  1      40.113875            39.067083333333336   724   
  1      40.11395833333334    39.069               801   
  1      40.11450000000001    39.07652777777778    736   
  1      40.114625            39.0775              794   
  1      40.11466666666666    39.05302777777778    625   
  1      40.11499999999999    39.070972222222224   846   
  1      40.11712500000001    39.068333333333335   802   
  1      40.11741666666667    39.034194444444445   410   
  1      40.11937499999999    39.065222222222225   773   
  1      40.119875            39.06308333333334    684   
  1      40.12029166666666    39.066722222222225   846   
  1      40.121125000000006   39.05625             859   
  1      40.12166666666667    39.07658333333333    762   
  1      40.122125            39.06172222222222    726   
  1      40.122416666666666   39.07138888888889    725   
  1      40.12245833333334    39.07275             859   
  1      40.122625            39.0578888888889     745   
  1      40.122875            39.0515              765   
  1      40.12304166666667    39.07936111111111    683   
  1      40.12354166666666    39.06633333333333    649   
  1      40.12383333333334    39.03994444444444    741   
  1      40.12525             39.06666666666667    833   
  1      40.12604166666667    39.064277777777775   835   
  1      40.12683333333333    39.067722222222216   661   
  1      40.12741666666666    39.098527777777775   450   
  1      40.1275              39.06083333333333    855   
  1      40.128083333333336   39.05563888888888    812   
  1      40.1295              39.07727777777778    868   
  1      40.130375            39.05755555555555    809   
  1      40.13233333333333    39.05950000000001    766   
  1      40.132375            39.061416666666666   874   
  1      40.13533333333333    39.06516666666667    772   
  1      40.13654166666667    39.069944444444445   856   
  1      40.136875            39.080333333333336   745   
  1      40.138374999999996   39.060472222222224   776   
  1      40.13875000000001    39.05827777777778    780   
  1      40.13895833333333    39.06305555555555    823   
  1      40.139125            39.052944444444435   786   
  1      40.14033333333334    39.07958333333333    728   
  1      40.14033333333334    39.05686111111111    765   
  1      40.14066666666667    39.05291666666667    810   
  1      40.14183333333334    39.07644444444445    618   
  1      40.14333333333334    39.04361111111111    755   
  1      40.143750000000004   39.06747222222223    813   
  1      40.1445              39.06594444444445    832   
  1      40.145125            39.06205555555555    812   
  1      40.148041666666664   39.053416666666664   745   
  1      40.14875             39.06255555555556    753   
  1      40.14891666666667    39.05730555555556    830   
  1      40.149               39.05911111111111    777   
  1      40.15316666666667    39.05405555555556    723   
  1      40.15345833333334    39.063027777777776   767   
  1      40.15358333333333    39.04786111111111    741   
  1      40.15445833333334    39.050999999999995   771   
  1      40.156000000000006   39.05658333333333    732   
  1      40.15645833333334    39.06199999999999    722   
  1      40.15745833333333    39.061611111111105   828   
  1      40.15779166666667    39.04044444444445    750   
  1      40.158375            39.05041666666666    744   
  1      40.158874999999995   39.05986111111111    808   
  1      40.159               39.07061111111111    748   
  1      40.161625            39.059666666666665   848   
  1      40.16420833333333    39.08047222222222    750   
  1      40.166291666666666   39.070027777777774   822   
  1      40.16683333333333    39.06275             736   
  1      40.16766666666667    39.09138888888888    716   
  1      40.16883333333333    39.11702777777778    664   
  1      40.169624999999996   39.06400000000001    781   
  1      40.16975000000001    39.097527777777785   769   
  1      40.169916666666666   39.07733333333334    787   
  1      40.17020833333333    39.10933333333333    700   
  1      40.17120833333333    39.072527777777786   419   
  1      40.17254166666666    39.08808333333333    717   
  1      40.173624999999994   39.13805555555555    610   
  1      40.17454166666666    39.02452777777777    757   
  1      40.17666666666667    39.062083333333334   748   
  1      40.17725000000001    39.07369444444445    813   
  1      40.179458333333336   39.043888888888894   741   
  1      40.179541666666665   39.068               658   
  1      40.18500000000001    39.062083333333334   785   
  1      40.186375            39.03527777777778    1703  
  1      40.18654166666666    39.068777777777775   545   
  1      40.193333333333335   39.01761111111111    452   
  1      40.198791666666665   39.101416666666665   804   
  1      40.20408333333333    39.06633333333333    734   
