# col1     col2    col3    col4    col5   col6 col7 col8 col9 col10 col11
  151.2995 -7.7083 4.38    -48.42  689.0  0.38 0.36 1.17 0.0  1.0   1.0  
  151.2892 -7.6187 207.95  -301.14 798.0  0.99 0.96 0.71 0.0  4.0   2.0  
  151.2755 -7.6893 -7.06   -157.66 665.0  0.62 0.63 1.06 0.0  3.0   3.0  
  151.2177 -7.7365 -272.95 -185.13 709.0  0.89 1.0  1.05 0.0  4.0   4.0  
  151.3585 -7.645  314.32  -58.57  782.0  0.69 0.73 1.05 0.0  2.0   5.0  
  151.2735 -7.7173 -83.88  -91.82  750.0  0.39 0.7  1.13 0.0  1.0   6.0  
  151.3228 -7.6948 97.19   -23.5   997.0  0.5  0.01 1.11 5.0  1.0   7.0  
  151.3052 -7.7346 -48.73  32.55   531.0  0.46 0.21 1.05 0.0  1.0   8.0  
  151.3646 -7.6931 206.41  78.32   661.0  0.52 0.92 0.75 0.0  2.0   9.0  
  151.2914 -7.7244 -57.44  -28.36  480.0  0.5  0.12 0.82 0.0  1.0   10.0 
  151.2472 -7.7264 -173.11 -135.42 678.0  0.63 0.79 0.87 0.0  3.0   11.0 
  151.2737 -7.6949 -25.8   -147.85 850.0  0.57 0.61 1.07 5.0  3.0   12.0 
  151.3125 -7.6483 190.68  -167.34 583.0  0.78 0.94 0.84 0.0  3.0   13.0 
  151.2521 -7.7134 -127.53 -155.94 499.0  0.67 0.34 0.82 0.0  3.0   14.0 
  151.4367 -7.7022 363.6   284.55  963.0  0.5  0.05 0.7  5.0  4.0   15.0 
  151.3068 -7.7588 -106.66 97.69   510.0  0.43 0.15 0.81 0.0  2.0   16.0 
  151.3028 -7.6743 99.59   -126.15 859.0  0.51 0.1  0.86 0.0  2.0   17.0 
  151.3677 -7.6829 240.17  60.38   652.0  0.56 0.98 1.05 0.0  2.0   18.0 
  151.2318 -7.7639 -307.83 -79.87  625.0  0.7  0.96 0.75 0.0  2.0   19.0 
  151.2625 -7.7322 -149.55 -82.21  904.0  0.44 0.91 0.72 5.0  2.0   20.0 
  151.2621 -7.6741 -1.75   -229.75 424.0  0.91 1.0  0.92 5.0  4.0   21.0 
  151.2425 -7.7581 -266.17 -67.41  711.0  0.61 0.99 1.06 0.0  2.0   22.0 
  151.3139 -7.7261 -5.25   32.85   649.0  0.49 0.47 1.0  0.0  1.0   23.0 
  151.2985 -7.7316 -57.91  7.69    510.0  0.67 0.27 1.02 0.0  1.0   24.0 
  151.2762 -7.671  41.56   -201.91 742.0  0.83 0.75 0.74 0.0  4.0   25.0 
  151.3359 -7.7109 88.92   50.61   810.0  0.39 0.13 1.09 0.0  1.0   26.0 
  151.3282 -7.7045 86.04   14.94   924.0  0.56 0.02 0.77 0.0  1.0   27.0 
  151.3114 -7.6494 185.22  -167.09 881.0  0.77 0.25 1.07 5.0  3.0   28.0 
  151.29   -7.7088 -20.63  -71.46  437.0  0.34 0.28 1.08 5.0  1.0   29.0 
  151.3131 -7.7357 -31.74  55.32   525.0  0.36 0.23 1.01 0.0  1.0   30.0 
  151.3865 -7.6611 343.27  53.13   826.0  0.73 0.43 0.98 0.0  2.0   31.0 
  151.2566 -7.6466 55.02   -313.57 611.0  0.99 1.0  0.82 0.0  4.0   32.0 
  151.2729 -7.7442 -154.24 -25.23  539.0  0.49 0.29 0.73 0.0  1.0   33.0 
  151.3328 -7.706  93.69   30.16   879.0  0.47 0.05 1.22 0.0  1.0   34.0 
  151.3383 -7.6936 139.0   12.83   1028.0 0.51 0.01 0.85 5.0  1.0   35.0 
  151.293  -7.7214 -45.5   -31.81  525.0  0.48 0.21 1.17 0.0  1.0   36.0 
  151.2895 -7.6639 93.05   -185.99 878.0  0.78 0.47 0.8  5.0  3.0   37.0 
  151.305  -7.697  47.01   -63.02  895.0  0.35 0.14 0.99 5.0  1.0   38.0 
  151.3158 -7.7328 -17.64  54.68   862.0  0.35 0.63 1.08 5.0  1.0   39.0 
  151.2427 -7.7252 -181.33 -149.88 665.0  0.69 0.8  1.06 0.0  3.0   40.0 
  151.3065 -7.7363 -50.01  40.19   596.0  0.42 0.33 0.85 0.0  1.0   41.0 
  151.3267 -7.7364 0.39    91.67   702.0  0.36 0.35 0.81 0.0  1.0   42.0 
  151.3293 -7.6959 110.66  -4.21   660.0  0.55 1.0  0.82 0.0  1.0   43.0 
  151.3006 -7.7589 -122.42 82.18   770.0  0.41 0.92 1.12 0.0  1.0   44.0 
  151.3295 -7.6411 251.79  -142.2  512.0  0.76 1.0  0.72 5.0  3.0   45.0 
  151.2846 -7.8151 -306.69 183.71  486.0  0.91 0.3  0.98 0.0  4.0   46.0 
  151.2939 -7.6809 60.35   -132.03 463.0  0.51 0.37 1.04 5.0  2.0   47.0 
  151.3202 -7.6869 110.94  -49.85  805.0  0.4  0.13 1.14 0.0  1.0   48.0 
  151.3226 -7.6862 118.82  -45.51  809.0  0.42 0.13 0.84 0.0  1.0   49.0 
  151.2966 -7.6603 119.94  -177.23 547.0  0.76 0.9  1.09 0.0  3.0   50.0 
  151.316  -7.704  56.77   -17.47  821.0  0.59 0.18 1.21 0.0  1.0   51.0 
  151.3347 -7.6783 169.39  -35.01  879.0  0.48 0.04 0.87 0.0  1.0   52.0 
  151.3044 -7.8061 -234.35 211.17  696.0  0.92 1.0  1.08 0.0  4.0   53.0 
  151.2706 -7.6858 -10.38  -178.83 795.0  0.72 0.73 0.73 0.0  3.0   54.0 
  151.2465 -7.7919 -342.64 28.12   651.0  0.72 1.0  1.08 0.0  2.0   55.0 
  151.3813 -7.7508 100.15  266.57  642.0  0.97 0.99 1.05 0.0  4.0   56.0 
  151.2224 -7.7723 -352.9  -82.55  684.0  0.78 0.99 1.06 0.0  3.0   57.0 
  151.2744 -7.7311 -116.94 -54.55  893.0  0.4  1.0  1.02 5.0  1.0   58.0 
  151.2971 -7.7059 4.43    -60.68  740.0  0.34 0.33 0.8  0.0  1.0   59.0 
  151.2562 -7.7423 -191.18 -72.61  711.0  0.49 0.96 0.74 0.0  2.0   60.0 
  151.2767 -7.7227 -89.66  -69.86  480.0  0.37 0.11 1.13 0.0  1.0   61.0 
  151.3192 -7.6882 105.0   -49.25  771.0  0.4  0.21 0.73 0.0  1.0   62.0 
  151.3546 -7.7157 123.22  110.07  1056.0 0.47 0.0  0.69 5.0  2.0   63.0 
  151.3399 -7.6772 185.16  -24.47  887.0  0.5  0.03 1.31 0.0  1.0   64.0 
  151.3595 -7.7315 95.28   162.45  592.0  0.67 0.79 0.78 0.0  3.0   65.0 
  151.3231 -7.7312 4.83    69.2    782.0  0.34 0.33 0.87 0.0  1.0   66.0 
  151.3406 -7.658  236.11  -71.32  773.0  0.56 0.56 0.67 0.0  2.0   67.0 
  151.2387 -7.7484 -250.69 -101.61 601.0  0.63 0.8  0.83 0.0  2.0   68.0 
  151.2897 -7.8129 -288.37 190.85  658.0  0.91 1.0  0.75 0.0  4.0   69.0 
  151.2679 -7.7627 -214.24 8.67    471.0  0.54 0.07 1.19 0.0  1.0   70.0 
  151.2895 -7.7461 -117.45 21.7    471.0  0.49 0.06 0.77 0.0  1.0   71.0 
  151.264  -7.7752 -256.13 30.63   396.0  0.58 0.01 0.83 0.0  2.0   72.0 
  151.2808 -7.7281 -93.24  -45.96  597.0  0.41 0.37 1.14 0.0  1.0   73.0 
  151.3234 -7.6867 119.56  -42.55  856.0  0.43 0.06 0.98 0.0  1.0   74.0 
  151.3457 -7.6672 225.44  -34.9   869.0  0.54 0.05 0.74 0.0  1.0   75.0 
  151.3691 -7.7157 159.6   147.1   636.0  0.66 0.81 1.07 0.0  3.0   76.0 
  151.3441 -7.7098 112.14  68.39   1192.0 0.39 0.04 0.97 5.0  1.0   77.0 
  151.3397 -7.6944 140.59  18.49   706.0  0.5  0.92 0.94 0.0  1.0   78.0 
  151.3404 -7.6926 147.1   15.72   579.0  0.51 1.0  0.74 0.0  1.0   79.0 
  151.2828 -7.7315 -97.16  -32.33  803.0  0.46 1.0  0.8  5.0  1.0   80.0 
  151.3361 -7.6242 311.69  -168.04 983.0  0.89 0.02 0.75 5.0  4.0   81.0 
  151.3085 -7.7389 -51.77  51.7    601.0  0.37 0.29 1.05 0.0  1.0   82.0 
  151.3106 -7.7047 41.29   -29.34  586.0  0.5  0.88 1.13 0.0  1.0   83.0 
  151.2976 -7.7335 -65.17  10.29   628.0  0.62 0.95 0.98 0.0  1.0   84.0 
  151.367  -7.7907 -37.69  331.19  593.0  1.0  0.99 0.86 0.0  4.0   85.0 
  151.3628 -7.6747 249.05  27.33   899.0  0.57 0.02 0.98 0.0  2.0   86.0 
  151.3225 -7.6256 273.93  -198.93 773.0  0.92 0.89 1.11 0.0  4.0   87.0 
  151.3305 -7.7388 3.7     107.2   580.0  0.4  0.43 0.79 0.0  2.0   88.0 
  151.333  -7.6832 152.47  -26.79  603.0  0.48 1.0  1.04 0.0  1.0   89.0 
  151.3232 -7.6909 108.45  -32.27  539.0  0.45 1.0  0.76 0.0  1.0   90.0 
  151.2612 -7.7811 -278.23 38.33   637.0  0.62 0.99 0.75 0.0  2.0   91.0 
  151.3183 -7.7058 57.94   -7.02   959.0  0.68 0.02 1.1  5.0  1.0   92.0 
  151.2869 -7.6802 44.83   -151.4  825.0  0.59 0.43 1.14 0.0  3.0   93.0 
  151.3732 -7.669  289.71  39.39   703.0  0.64 0.98 0.98 0.0  2.0   94.0 
  151.3376 -7.8111 -163.92 308.16  482.0  0.99 0.99 1.01 5.0  4.0   95.0 
  151.2798 -7.7193 -73.24  -70.88  885.0  0.36 0.96 0.81 5.0  1.0   96.0 
  151.3262 -7.7162 50.96   39.18   407.0  0.42 1.0  0.77 5.0  1.0   97.0 
  151.2869 -7.7604 -161.0  51.21   837.0  0.45 1.0  1.15 5.0  1.0   98.0 
  151.3381 -7.7147 84.64   65.78   980.0  0.37 0.05 0.8  5.0  1.0   99.0 
  151.2719 -7.725  -107.7  -76.5   562.0  0.39 0.22 0.76 0.0  1.0   100.0
  151.2994 -7.7802 -180.28 132.91  467.0  0.63 0.15 0.84 0.0  3.0   101.0
  151.3309 -7.6985 108.21  6.56    949.0  0.55 0.01 0.82 0.0  1.0   102.0
  151.2929 -7.7575 -138.11 59.1    441.0  0.42 0.05 0.84 0.0  1.0   103.0
  151.2802 -7.679  31.18   -171.56 627.0  0.69 0.72 1.02 0.0  3.0   104.0
  151.3107 -7.6541 171.33  -157.13 614.0  0.72 0.88 1.0  0.0  3.0   105.0
  151.2976 -7.7498 -106.95 51.51   426.0  0.4  0.04 0.88 0.0  1.0   106.0
  151.2996 -7.7588 -124.92 79.21   582.0  0.41 0.29 1.15 0.0  1.0   107.0
  151.29   -7.7002 1.33    -93.29  697.0  0.36 0.34 1.09 0.0  1.0   108.0
  151.3184 -7.7341 -14.37  64.6    844.0  0.34 0.52 0.75 5.0  1.0   109.0
  151.1804 -7.7129 -305.76 -339.29 663.0  0.5  0.97 1.09 0.0  4.0   110.0
  151.3453 -7.685  178.87  8.91    809.0  0.52 0.21 0.8  0.0  1.0   111.0
  151.2836 -7.7046 -25.96  -98.37  798.0  0.38 0.35 1.15 0.0  2.0   112.0
  151.3039 -7.7458 -80.79  57.22   428.0  0.37 0.07 1.15 0.0  1.0   113.0
  151.4061 -7.6647 383.15  112.17  808.0  0.85 0.44 0.76 0.0  3.0   114.0
  151.3134 -7.7335 -25.28  50.49   841.0  0.37 0.71 0.99 5.0  1.0   115.0
  151.3276 -7.6749 160.44  -61.57  573.0  0.44 0.99 1.09 0.0  1.0   116.0
  151.336  -7.6908 140.68  -0.17   910.0  0.52 0.02 1.09 0.0  1.0   117.0
  151.2203 -7.7438 -284.93 -159.99 503.0  0.84 0.4  1.02 0.0  4.0   118.0
  151.2793 -7.7014 -28.51  -117.2  662.0  0.43 0.54 1.15 0.0  2.0   119.0
  151.3126 -7.8081 -218.72 237.1   708.0  0.96 1.0  0.8  0.0  4.0   120.0
  151.2706 -7.7362 -139.66 -51.39  519.0  0.43 0.14 1.04 0.0  1.0   121.0
  151.3477 -7.6807 195.69  4.28    970.0  0.53 0.01 1.05 5.0  1.0   122.0
  151.3091 -7.7329 -34.72  37.84   729.0  0.43 0.68 0.87 0.0  1.0   123.0
  151.3101 -7.6678 134.58  -123.92 794.0  0.54 0.3  1.11 0.0  2.0   124.0
  151.3537 -7.7351 71.53   156.87  650.0  0.63 0.68 1.22 0.0  3.0   125.0
  151.2901 -7.7293 -72.9   -19.35  673.0  0.55 0.97 1.1  0.0  1.0   126.0
  151.3296 -7.7732 -86.64  192.04  762.0  0.81 1.0  0.85 0.0  4.0   127.0
  151.3245 -7.6262 277.46  -192.44 618.0  0.91 1.0  0.73 0.0  4.0   128.0
  151.2359 -7.6614 -34.73  -328.53 641.0  1.0  0.99 1.02 0.0  4.0   129.0
  151.3    -7.7524 -107.49 64.1    609.0  0.39 0.37 1.23 0.0  1.0   130.0
  151.3035 -7.7129 2.75    -26.69  1035.0 0.68 0.84 1.1  5.0  1.0   131.0
  151.273  -7.6814 6.95    -183.93 689.0  0.75 0.75 1.06 0.0  3.0   132.0
  151.3485 -7.6829 192.05  11.89   939.0  0.52 0.01 1.05 0.0  1.0   133.0
  151.326  -7.7355 0.97    87.56   1123.0 0.35 0.8  1.05 5.0  1.0   134.0
  151.2757 -7.7261 -101.06 -63.94  575.0  0.38 0.25 1.15 0.0  1.0   135.0
  151.3254 -7.6669 175.22  -87.26  1033.0 0.48 0.0  0.66 5.0  2.0   136.0
  151.2822 -7.8    -274.09 139.2   753.0  0.78 0.99 1.1  0.0  3.0   137.0
  151.239  -7.7234 -185.88 -163.96 579.0  0.75 0.62 0.82 0.0  3.0   138.0
  151.3735 -7.6507 337.46  -6.19   732.0  0.71 0.98 0.67 0.0  2.0   139.0
  151.3556 -7.6922 186.22  53.42   895.0  0.48 0.04 0.83 0.0  1.0   140.0
  151.3882 -7.6754 310.68  93.69   718.0  0.72 0.82 1.04 0.0  3.0   141.0
  151.2948 -7.7263 -53.53  -14.97  610.0  0.64 0.81 1.04 0.0  1.0   142.0
  151.3362 -7.6921 137.78  3.59    886.0  0.52 0.03 0.79 0.0  1.0   143.0
  151.2892 -7.7723 -185.5  87.14   518.0  0.5  0.21 0.81 0.0  2.0   144.0
  151.2861 -7.7025 -14.44  -97.29  433.0  0.37 0.39 1.14 5.0  1.0   145.0
  151.3148 -7.6755 126.69  -92.67  957.0  0.43 0.0  0.78 0.0  2.0   146.0
  151.2773 -7.6724 40.71   -195.78 770.0  0.8  0.81 0.67 0.0  4.0   147.0
  151.3293 -7.7393 -0.47   105.71  925.0  0.4  0.04 0.77 5.0  2.0   148.0
  151.2928 -7.7982 -243.06 161.7   710.0  0.81 0.95 1.12 0.0  3.0   149.0
