431.000  437.000  0.  3.87579  3.87579  10.2546  1
468.000  760.000  0.  10.17947  10.17947  10.2546  2
517.000  506.000  0.  6.33073  6.33073  10.2546  3
723.000  336.000  0.  9.103844  9.103843  10.2546  4
221.000  665.000  0.  7.059678  7.059678  10.2546  5
524.000  405.000  0.  3.985007  3.985007  10.2546  6
348.000  486.000  0.  5.082101  5.082101  10.2546  7
411.000  342.000  0.  4.743996  4.743996  10.2546  8
199.000  492.000  0.  5.31928  5.31928  10.2546  9
461.000  379.000  0.  5.103709  5.103709  10.2546  10
618.000  372.000  0.  6.421569  6.421569  10.2546  11
523.000  485.000  0.  5.807145  5.807145  10.2546  12
385.000  653.000  0.  7.968441  7.96844  10.2546  13
601.000  419.000  0.  6.865391  6.865391  10.2546  14
-57.000  459.000  0.  0.  0.  0.  15
405.000  255.000  0.  4.368699  4.368699  10.2546  16
420.000  559.000  0.  5.229942  5.229942  10.2546  17
188.000  529.000  0.  5.740174  5.740174  10.2546  18
673.000  237.000  0.  7.137002  7.137002  10.2546  19
564.000  351.000  0.  4.520953  4.520953  10.2546  20
565.000  560.000  0.  9.313894  9.313894  10.2546  21
635.000  258.000  0.  6.237994  6.237994  10.2546  22
380.000  373.000  0.  5.041549  5.041549  10.2546  23
435.000  353.000  0.  6.853563  6.853563  10.2546  24
515.000  571.000  0.  8.484713  8.484713  10.2546  25
302.000  428.000  0.  4.023682  4.023682  10.2546  26
329.000  451.000  0.  5.704664  5.704664  10.2546  27
389.000  649.000  0.  7.916657  7.916657  10.2546  28
465.000  435.000  0.  3.468074  3.468074  10.2546  29
383.000  339.000  0.  3.660481  3.660481  10.2546  30
121.000  607.000  0.  7.515522  7.515522  10.2546  31
585.000  659.000  0.  10.17811  10.17811  10.2546  32
526.000  308.000  0.  5.007111  5.007111  10.2546  33
313.000  446.000  0.  4.809297  4.809297  10.2546  34
293.000  490.000  0.  5.238182  5.238182  10.2546  35
455.000  390.000  0.  4.895089  4.895089  10.2546  36
467.000  597.000  0.  8.004274  8.004274  10.2546  37
412.000  478.000  0.  3.577852  3.577851  10.2546  38
373.000  349.000  0.  3.636858  3.636858  10.2546  39
634.000  376.000  0.  7.105992  7.105992  10.2546  40
407.000  336.000  0.  4.270124  4.270125  10.2546  41
334.000  336.000  0.  3.684805  3.684805  10.2546  42
325.000  482.000  0.  5.622872  5.622872  10.2546  43
427.000  255.000  0.  4.213032  4.213032  10.2546  44
324.000  679.000  0.  7.780636  7.780636  10.2546  45
485.000  53.000  0.  9.349511  9.349511  10.2546  46
452.000  536.000  0.  5.241306  5.241306  10.2546  47
358.000  514.000  0.  4.138764  4.138765  10.2546  48
349.000  517.000  0.  4.284964  4.284963  10.2546  49
442.000  610.000  0.  7.823543  7.823543  10.2546  50
373.000  453.000  0.  6.035475  6.035475  10.2546  51
306.000  545.000  0.  4.876856  4.876856  10.2546  52
414.000  85.000  0.  9.484351  9.484351  10.2546  53
535.000  518.000  0.  7.423821  7.423821  10.2546  54
621.000  136.000  0.  7.420166  7.420167  10.2546  55
140.000  284.000  0.  9.948123  9.948123  10.2546  56
707.000  207.000  0.  7.950591  7.95059  10.2546  57
521.000  355.000  0.  4.145024  4.145024  10.2546  58
440.000  446.000  0.  3.520872  3.520872  10.2546  59
586.000  315.000  0.  5.002943  5.002942  10.2546  60
513.000  385.000  0.  3.809144  3.809143  10.2546  61
361.000  509.000  0.  4.128017  4.128017  10.2546  62
235.000  410.000  0.  4.869935  4.869935  10.2546  63
287.000  549.000  0.  5.163598  5.163598  10.2546  64
217.000  354.000  0.  6.913472  6.913472  10.2546  65
347.000  355.000  0.  3.454686  3.454686  10.2546  66
285.000  618.000  0.  5.750471  5.750471  10.2546  67
648.000  293.000  0.  6.500141  6.500141  10.2546  68
467.000  61.000  0.  9.369632  9.369632  10.2546  69
544.000  241.000  0.  5.525311  5.52531  10.2546  70
467.000  301.000  0.  5.023634  5.023634  10.2546  71
558.000  196.000  0.  5.96861  5.96861  10.2546  72
498.000  366.000  0.  4.172699  4.172699  10.2546  73
346.000  515.000  0.  4.371768  4.371769  10.2546  74
267.000  585.000  0.  5.502943  5.502942  10.2546  75
183.000  410.000  0.  6.767216  6.767216  10.2546  76
273.000  432.000  0.  4.005046  4.005046  10.2546  77
288.000  487.000  0.  5.11476  5.114761  10.2546  78
286.000  494.000  0.  5.182019  5.182019  10.2546  79
491.000  354.000  0.  4.703774  4.703774  10.2546  80
301.000  740.000  0.  9.104855  9.104855  10.2546  81
400.000  327.000  0.  3.807584  3.807584  10.2546  82
392.000  450.000  0.  5.115257  5.115257  10.2546  83
438.000  346.000  0.  6.405125  6.405125  10.2546  84
191.000  141.000  0.  10.20966  10.20966  10.2546  85
206.000  558.000  0.  5.881711  5.881711  10.2546  86
349.000  735.000  0.  9.446963  9.446964  10.2546  87
321.000  327.000  0.  4.098981  4.098981  10.2546  88
312.000  527.000  0.  4.92475  4.92475  10.2546  89
347.000  500.000  0.  4.643108  4.643108  10.2546  90
568.000  175.000  0.  6.321994  6.321994  10.2546  91
364.000  446.000  0.  6.994872  6.994872  10.2546  92
476.000  538.000  0.  6.073232  6.073232  10.2546  93
169.000  579.000  0.  6.52245  6.52245  10.2546  94
296.000  67.000  0.  10.18269  10.18269  10.2546  95
502.000  398.000  0.  3.688389  3.688389  10.2546  96
336.000  409.000  0.  4.34264  4.34264  10.2546  97
477.000  249.000  0.  4.58646  4.586459  10.2546  98
294.000  414.000  0.  3.78067  3.78067  10.2546  99
530.000  377.000  0.  3.984987  3.984988  10.2546  100
432.000  178.000  0.  6.494547  6.494547  10.2546  101
319.000  472.000  0.  5.625754  5.625754  10.2546  102
455.000  260.000  0.  4.277082  4.277082  10.2546  103
500.000  543.000  0.  7.094995  7.094995  10.2546  104
392.000  632.000  0.  7.380901  7.380901  10.2546  105
438.000  288.000  0.  4.072778  4.072778  10.2546  106
431.000  255.000  0.  4.206298  4.206298  10.2546  107
465.000  466.000  0.  3.684953  3.684953  10.2546  108
364.000  344.000  0.  3.480926  3.480926  10.2546  109
856.000  421.000  0.  0.  0.  0.  110
268.000  521.000  0.  5.303396  5.303396  10.2546  111
488.000  451.000  0.  3.846659  3.846659  10.2546  112
416.000  302.000  0.  3.812703  3.812703  10.2546  113
51.000  594.000  0.  8.767344  8.767343  10.2546  114
382.000  347.000  0.  3.794041  3.794041  10.2546  115
331.000  557.000  0.  4.530752  4.530752  10.2546  116
301.000  500.000  0.  5.354995  5.354995  10.2546  117
714.000  309.000  0.  8.600821  8.60082  10.2546  118
503.000  462.000  0.  4.435778  4.435777  10.2546  119
385.000  78.000  0.  9.809541  9.80954  10.2546  120
535.000  337.000  0.  4.385081  4.385081  10.2546  121
260.000  536.000  0.  5.406063  5.406063  10.2546  122
397.000  349.000  0.  4.427206  4.427205  10.2546  123
394.000  583.000  0.  5.523093  5.523093  10.2546  124
238.000  341.000  0.  6.487856  6.487856  10.2546  125
465.000  362.000  0.  5.676913  5.676913  10.2546  126
324.000  203.000  0.  8.266153  8.266154  10.2546  127
342.000  733.000  0.  9.350657  9.350656  10.2546  128
658.000  606.000  0.  10.20539  10.20539  10.2546  129
430.000  278.000  0.  3.958698  3.958698  10.2546  130
417.000  421.000  0.  6.970687  6.970687  10.2546  131
526.000  534.000  0.  7.659777  7.659777  10.2546  132
257.000  528.000  0.  5.349832  5.349832  10.2546  133
337.000  339.000  0.  3.604805  3.604804  10.2546  134
516.000  373.000  0.  3.914242  3.914242  10.2546  135
339.000  586.000  0.  4.973064  4.973064  10.2546  136
493.000  107.000  0.  8.000023  8.000023  10.2546  137
647.000  383.000  0.  7.723384  7.723384  10.2546  138
167.000  645.000  0.  7.308543  7.308543  10.2546  139
231.000  495.000  0.  4.905845  4.905845  10.2546  140
115.000  555.000  0.  7.403119  7.403119  10.2546  141
448.000  372.000  0.  6.561867  6.561867  10.2546  142
301.000  496.000  0.  5.365323  5.365322  10.2546  143
468.000  207.000  0.  5.128636  5.128636  10.2546  144
479.000  458.000  0.  3.7902  3.7902  10.2546  145
377.000  555.000  0.  4.430976  4.430976  10.2546  146
511.000  566.000  0.  8.230979  8.230979  10.2546  147
325.000  325.000  0.  4.053168  4.053168  10.2546  148
456.000  113.000  0.  8.314015  8.314015  10.2546  149
