632.094  702.116  0.  198929.3  198929.3  10.33066  1
595.082  1024.514  0.  52396.67  52396.67  10.53245  2
546.270  770.675  0.  80190.93  80190.93  10.43499  3
340.044  600.647  0.  50893.54  50893.54  10.51279  4
842.534  929.928  0.  51583.66  51583.66  10.5335  5
539.225  669.752  0.  60828.32  60828.32  10.43699  6
715.018  750.702  0.  68978.05  68978.05  10.49099  7
652.465  607.447  0.  88799.85  88799.85  10.45868  8
864.212  756.973  0.  53073.84  53073.84  10.43739  9
602.975  644.016  0.  73368.44  73368.44  10.25279  10
445.532  636.830  0.  52851.86  52851.86  10.49848  11
540.107  750.446  0.  73323.73  73323.73  10.52206  12
678.238  918.271  0.  53221.14  53221.14  10.44594  13
462.917  683.684  0.  54820.08  54820.08  10.4896  14
1121.429  724.094  0.  50777.66  50777.67  10.52311  15
658.166  520.468  0.  58903.87  58903.87  10.50024  16
643.601  824.484  0.  61340.96  61340.96  10.44729  17
875.152  793.610  0.  52262.87  52262.87  10.48967  18
390.513  501.899  0.  50643.8  50643.8  10.52721  19
499.961  616.246  0.  54271.68  54271.68  10.45937  20
498.668  825.071  0.  59987.66  59987.66  10.49956  21
428.634  522.808  0.  50622.84  50622.84  10.44874  22
683.201  638.198  0.  215744.4  215744.4  10.4118  23
628.315  618.373  0.  76410.69  76410.69  10.42031  24
548.902  836.360  0.  63758.13  63758.13  10.50375  25
761.975  692.782  0.  74236.17  74236.17  10.44217  26
734.549  715.775  0.  78681.78  78681.78  10.42352  27
674.581  914.203  0.  53432.5  53432.5  10.44717  28
598.132  700.486  0.  129718.2  129718.2  10.51639  29
680.600  603.556  0.  125820.3  125820.3  10.44281  30
942.399  872.116  0.  51176.02  51176.02  10.50991  31
478.830  924.352  0.  54681.07  54681.07  10.45942  32
537.243  572.898  0.  54232.13  54232.13  10.43985  33
750.760  710.530  0.  71144.13  71144.13  10.38917  34
770.238  754.961  0.  59147.54  59147.54  10.45415  35
608.900  654.938  0.  88551.92  88551.92  10.31502  36
596.395  861.845  0.  58818.68  58818.68  10.4887  37
651.640  742.724  0.  149280.6  149280.6  10.4237  38
690.050  614.046  0.  168274.1  168274.1  10.24629  39
429.464  641.129  0.  52565.73  52565.73  10.51635  40
656.999  601.176  0.  85760.34  85760.34  10.41072  41
729.040  600.913  0.  179078.5  179078.5  10.2779  42
738.204  746.753  0.  64236.05  64236.05  10.4295  43
636.061  520.133  0.  56400.98  56400.98  10.35218  44
739.063  944.130  0.  51339.88  51339.88  10.3491  45
578.978  317.636  0.  50208.23  50208.24  10.51863  46
611.863  800.677  0.  77589.47  77589.47  10.46712  47
705.904  778.998  0.  62104.71  62104.72  10.28006  48
714.531  781.554  0.  61761.36  61761.36  10.45892  49
621.516  874.841  0.  57183.7  57183.7  10.5046  50
690.919  717.690  0.  148361.8  148361.8  10.48744  51
757.523  810.192  0.  55781.71  55781.71  10.48554  52
649.311  349.860  0.  50558.32  50558.31  10.46071  53
528.866  783.174  0.  68674.36  68674.36  10.37785  54
442.977  401.290  0.  50124.18  50124.18  10.48638  55
923.609  549.134  0.  55849.24  55849.24  10.50081  56
356.971  471.691  0.  50270.27  50270.27  10.49556  57
542.554  620.040  0.  57927.62  57927.62  10.53666  58
623.404  710.760  0.  189358.9  189358.9  10.43186  59
477.574  579.860  0.  52516.14  52516.14  10.5068  60
550.806  650.208  0.  60645.44  60645.44  10.41258  61
702.161  774.350  0.  64671.76  64671.76  10.46371  62
828.399  675.451  0.  59917.8  59917.8  10.44362  63
776.096  814.022  0.  53603.77  53603.77  10.28  64
846.068  618.776  0.  61582.82  61582.82  10.43322  65
716.159  619.853  0.  208502.2  208502.2  10.36598  66
778.517  883.196  0.  52422.9  52422.9  10.48149  67
415.148  557.850  0.  50402.04  50402.04  10.36139  68
596.921  325.668  0.  50218.76  50218.76  10.49802  69
519.260  506.363  0.  51474.14  51474.14  10.43318  70
596.490  566.137  0.  58382.34  58382.33  10.51448  71
505.489  461.122  0.  51012.62  51012.62  10.52047  72
565.309  630.876  0.  61118.19  61118.19  10.46676  73
717.156  780.006  0.  61218.09  61218.09  10.37734  74
796.964  850.026  0.  51603.36  51603.36  10.2504  75
880.304  675.347  0.  55039.74  55039.74  10.42639  76
790.943  696.824  0.  62975.12  62975.12  10.3946  77
775.385  752.124  0.  59198.89  59198.9  10.50323  78
777.983  758.701  0.  58278.14  58278.14  10.4915  79
572.262  618.517  0.  60222.  60222.  10.37374  80
762.726  1004.916  0.  51330.7  51330.7  10.46429  81
663.966  591.838  0.  81743.8  81743.81  10.38323  82
671.604  715.001  0.  190973.9  190973.9  10.52906  83
625.065  611.371  0.  71455.27  71455.26  10.51552  84
872.815  405.620  0.  54289.79  54289.79  10.45586  85
857.852  823.145  0.  51469.98  51469.98  10.35823  86
714.210  999.725  0.  51453.71  51453.72  10.4379  87
742.423  592.367  0.  167797.  167797.  10.4246  88
751.485  792.376  0.  57185.68  57185.68  10.43834  89
716.678  764.879  0.  64462.39  64462.39  10.47347  90
495.454  439.982  0.  50816.17  50816.17  10.53953  91
699.184  711.185  0.  145825.8  145825.8  10.3986  92
587.164  803.226  0.  80398.77  80398.78  10.40706  93
894.996  843.618  0.  51631.98  51631.98  10.52519  94
767.800  331.910  0.  50989.83  50989.83  10.41088  95
561.611  662.621  0.  63811.56  63811.56  10.41886  96
727.181  673.774  0.  167640.6  167640.6  10.41347  97
586.925  514.402  0.  54180.54  54180.54  10.52223  98
769.772  679.080  0.  76735.7  76735.69  10.4345  99
533.409  642.032  0.  58565.75  58565.74  10.53074  100
631.554  443.316  0.  52066.86  52066.85  10.40172  101
744.158  737.443  0.  65467.26  65467.26  10.50159  102
608.613  525.169  0.  55635.53  55635.53  10.46695  103
563.225  807.661  0.  76392.43  76392.43  10.44008  104
671.923  897.319  0.  54378.91  54378.91  10.49269  105
625.088  552.680  0.  59599.19  59599.19  10.4902  106
632.187  520.439  0.  56811.04  56811.04  10.47237  107
598.002  731.453  0.  150927.6  150927.6  10.53988  108
699.403  609.413  0.  174816.6  174816.6  10.43611  109
207.221  685.528  0.  50380.93  50380.93  10.42998  110
795.449  786.104  0.  55352.59  55352.59  10.52316  111
575.228  715.588  0.  97635.83  97635.83  10.43234  112
647.518  567.296  0.  64039.61  64039.61  10.39302  113
1012.447  859.051  0.  51114.54  51114.54  10.53531  114
681.699  611.555  0.  147742.2  147742.2  10.39462  115
732.321  822.468  0.  55903.06  55903.06  10.408  116
762.161  765.289  0.  58833.  58833.  10.44503  117
349.538  574.460  0.  50539.61  50539.61  10.46039  118
560.026  726.992  0.  81940.37  81940.37  10.25303  119
678.739  342.786  0.  50567.85  50567.85  10.43656  120
528.857  601.640  0.  55382.01  55382.01  10.47736  121
803.966  801.329  0.  54173.64  54173.64  10.5042  122
666.060  613.711  0.  122055.5  122055.5  10.48187  123
669.767  847.834  0.  57122.65  57122.65  10.41049  124
825.420  605.784  0.  69273.56  69273.56  10.43766  125
598.535  626.678  0.  66366.24  66366.24  10.4082  126
739.389  468.469  0.  57666.1  57666.1  10.44241  127
721.310  997.687  0.  51387.93  51387.93  10.42986  128
405.161  870.949  0.  53594.39  53594.4  10.38087  129
633.667  543.454  0.  58928.29  58928.29  10.41332  130
646.425  685.697  0.  215193.1  215193.1  10.40359  131
537.406  799.090  0.  72079.6  72079.6  10.51954  132
806.830  793.394  0.  54193.89  54193.89  10.46872  133
726.521  604.214  0.  187326.5  187326.5  10.44666  134
547.012  637.939  0.  58150.65  58150.65  10.24655  135
724.405  851.034  0.  55166.27  55166.27  10.52964  136
570.180  372.101  0.  49954.81  49954.81  10.39184  137
416.243  647.774  0.  51952.09  51952.09  10.43585  138
896.083  909.628  0.  51295.5  51295.5  10.51194  139
832.307  760.084  0.  54521.88  54521.88  10.48553  140
948.383  820.434  0.  50904.61  50904.61  10.43439  141
615.258  637.396  0.  79981.21  79981.21  10.42067  142
762.810  760.584  0.  59324.98  59324.98  10.45647  143
595.306  471.734  0.  52325.75  52325.76  10.44264  144
584.082  723.029  0.  117703.3  117703.3  10.2612  145
686.475  820.279  0.  58717.2  58717.2  10.37979  146
552.673  831.454  0.  64702.14  64702.15  10.40981  147
738.435  590.444  0.  165015.3  165015.3  10.45293  148
607.979  378.401  0.  50943.47  50943.47  10.5297  149
