# col1     col2    col3    col4    col5    col6   col7 col8 col9 col10 col11  col12 col13 col14 col15 col16
  151.2995 -7.7083 48.45   4.04    6.91    689.0  1.0  0.0  0.0  1.17  -5.49  0.0   0.0   0.0   1.0   1.0  
  151.2892 -7.6187 302.58  205.85  351.98  798.0  1.0  0.0  0.0  0.71  -5.92  0.0   0.0   0.0   4.0   2.0  
  151.2755 -7.6893 157.61  -8.16   -13.96  665.0  1.0  0.01 0.0  1.06  -4.96  0.0   0.0   0.0   1.0   3.0  
  151.2177 -7.7365 183.22  -274.23 -468.91 709.0  1.0  0.01 0.0  1.05  -4.63  0.0   0.0   0.0   4.0   4.0  
  151.3585 -7.645  60.76   313.91  536.75  782.0  0.99 0.0  0.0  1.05  -5.92  0.0   0.0   0.0   4.0   5.0  
  151.2735 -7.7173 91.24   -84.51  -144.51 750.0  0.7  0.0  0.0  1.13  -5.56  0.0   0.0   0.0   1.0   6.0  
  151.3228 -7.6948 24.17   97.03   165.91  997.0  0.01 0.0  0.0  1.11  -9.75  0.0   0.0   0.0   2.0   7.0  
  151.3052 -7.7346 -32.89  -48.5   -82.93  531.0  0.73 0.0  0.0  1.05  -6.06  0.0   0.0   0.0   1.0   8.0  
  151.3646 -7.6931 -76.88  206.95  353.87  661.0  0.54 0.01 0.01 0.75  -4.37  0.0   0.0   0.0   4.0   9.0  
  151.2914 -7.7244 27.96   -57.64  -98.55  480.0  0.35 0.0  0.0  0.82  -6.3   0.0   0.0   0.0   1.0   10.0 
  151.2472 -7.7264 134.21  -174.05 -297.61 678.0  0.7  0.01 0.0  0.87  -4.45  0.0   0.0   0.0   3.0   11.0 
  151.2737 -7.6949 147.67  -26.83  -45.87  850.0  1.0  0.0  0.0  1.07  -7.3   0.0   0.0   0.0   1.0   12.0 
  151.3125 -7.6483 168.67  189.51  324.04  583.0  0.59 0.01 0.0  0.84  -4.61  0.0   0.0   0.0   4.0   13.0 
  151.2521 -7.7134 155.04  -128.62 -219.93 499.0  0.28 0.0  0.0  0.82  -5.85  0.0   0.0   0.0   3.0   14.0 
  151.4367 -7.7022 -282.01 365.58  625.11  963.0  0.93 0.0  0.0  0.7   -12.75 0.0   0.0   0.0   4.0   15.0 
  151.3068 -7.7588 -98.43  -105.97 -181.2  510.0  0.57 0.0  0.0  0.81  -6.54  0.0   0.0   0.0   2.0   16.0 
  151.3028 -7.6743 126.84  98.7    168.77  859.0  0.72 0.0  0.0  0.86  -7.79  0.0   0.0   0.0   2.0   17.0 
  151.3677 -7.6829 -58.71  240.59  411.39  652.0  0.54 0.01 0.01 1.05  -4.3   0.0   0.0   0.0   4.0   18.0 
  151.2318 -7.7639 77.72   -308.38 -527.31 625.0  0.54 0.01 0.01 0.75  -4.2   0.0   0.0   0.0   4.0   19.0 
  151.2625 -7.7322 81.17   -150.12 -256.69 904.0  0.66 0.0  0.0  0.72  -9.89  0.0   0.0   0.0   3.0   20.0 
  151.2621 -7.6741 229.73  -3.35   -5.74   424.0  0.17 0.0  0.0  0.92  -6.47  0.0   0.0   0.0   1.0   21.0 
  151.2425 -7.7581 65.55   -266.64 -455.93 711.0  0.79 0.01 0.0  1.06  -4.79  0.0   0.0   0.0   4.0   22.0 
  151.3139 -7.7261 -32.88  -5.02   -8.58   649.0  0.99 0.01 0.0  1.0   -5.19  0.0   0.0   0.0   1.0   23.0 
  151.2985 -7.7316 -8.09   -57.85  -98.92  510.0  0.74 0.0  0.0  1.02  -6.09  0.0   0.0   0.0   1.0   24.0 
  151.2762 -7.671  202.19  40.15   68.65   742.0  1.0  0.01 0.0  0.74  -5.07  0.0   0.0   0.0   1.0   25.0 
  151.3359 -7.7109 -49.99  89.28   152.65  810.0  0.26 0.0  0.0  1.09  -5.47  0.0   0.0   0.0   1.0   26.0 
  151.3282 -7.7045 -14.33  86.14   147.29  924.0  0.56 0.0  0.0  0.77  -8.88  0.0   0.0   0.0   1.0   27.0 
  151.3114 -7.6494 168.38  184.05  314.71  881.0  1.0  0.0  0.0  1.07  -8.7   0.0   0.0   0.0   4.0   28.0 
  151.29   -7.7088 71.31   -21.13  -36.13  437.0  0.02 0.0  0.01 1.08  -5.16  0.0   0.0   0.0   1.0   29.0 
  151.3131 -7.7357 -55.54  -31.36  -53.62  525.0  0.95 0.0  0.0  1.01  -6.69  0.0   0.0   0.0   1.0   30.0 
  151.3865 -7.6611 -50.73  343.64  587.59  826.0  0.97 0.0  0.0  0.98  -6.91  0.0   0.0   0.0   4.0   31.0 
  151.2566 -7.6466 313.95  52.83   90.34   611.0  1.0  0.01 0.0  0.82  -4.59  0.0   0.0   0.0   2.0   32.0 
  151.2729 -7.7442 24.16   -154.41 -264.03 539.0  0.42 0.0  0.0  0.73  -5.53  0.0   0.0   0.0   3.0   33.0 
  151.3328 -7.706  -29.51  93.89   160.55  879.0  0.09 0.0  0.0  1.22  -6.47  0.0   0.0   0.0   2.0   34.0 
  151.3383 -7.6936 -11.86  139.08  237.82  1028.0 0.17 0.0  0.0  0.85  -15.05 0.0   0.0   0.0   3.0   35.0 
  151.293  -7.7214 31.49   -45.72  -78.18  525.0  0.32 0.0  0.0  1.17  -5.29  0.0   0.0   0.0   1.0   36.0 
  151.2895 -7.6639 186.63  91.75   156.88  878.0  0.98 0.0  0.0  0.8   -8.3   0.0   0.0   0.0   2.0   37.0 
  151.305  -7.697  63.35   46.57   79.64   895.0  0.98 0.0  0.0  0.99  -8.98  0.0   0.0   0.0   1.0   38.0 
  151.3158 -7.7328 -54.8   -17.26  -29.51  862.0  0.04 0.0  0.01 1.08  -4.9   0.0   0.0   0.0   1.0   39.0 
  151.2427 -7.7252 148.61  -182.37 -311.84 665.0  0.96 0.01 0.0  1.06  -4.65  0.0   0.0   0.0   4.0   40.0 
  151.3065 -7.7363 -40.53  -49.73  -85.03  596.0  0.6  0.0  0.0  0.85  -5.13  0.0   0.0   0.0   1.0   41.0 
  151.3267 -7.7364 -91.66  1.03    1.76    702.0  0.94 0.0  0.0  0.81  -5.54  0.0   0.0   0.0   1.0   42.0 
  151.3293 -7.6959 4.99    110.63  189.17  660.0  0.65 0.01 0.0  0.82  -4.55  0.0   0.0   0.0   2.0   43.0 
  151.3006 -7.7589 -83.03  -121.84 -208.34 770.0  0.31 0.0  0.0  1.12  -5.01  0.0   0.0   0.0   2.0   44.0 
  151.3295 -7.6411 143.95  250.8   428.84  512.0  0.56 0.0  0.0  0.72  -5.99  0.0   0.0   0.0   4.0   45.0 
  151.2846 -7.8151 -185.84 -305.4  -522.21 486.0  1.0  0.0  0.0  0.98  -7.14  0.0   0.0   0.0   4.0   46.0 
  151.2939 -7.6809 132.45  59.43   101.62  463.0  0.1  0.0  0.0  1.04  -5.44  0.0   0.0   0.0   1.0   47.0 
  151.3202 -7.6869 50.63   110.59  189.1   805.0  0.4  0.0  0.0  1.14  -5.99  0.0   0.0   0.0   2.0   48.0 
  151.3226 -7.6862 46.33   118.5   202.62  809.0  0.39 0.0  0.0  0.84  -6.0   0.0   0.0   0.0   2.0   49.0 
  151.2966 -7.6603 178.06  118.7   202.96  547.0  0.62 0.0  0.0  1.09  -5.24  0.0   0.0   0.0   2.0   50.0 
  151.316  -7.704  17.87   56.64   96.86   821.0  0.73 0.0  0.0  1.21  -6.31  0.0   0.0   0.0   1.0   51.0 
  151.3347 -7.6783 36.19   169.14  289.22  879.0  0.49 0.0  0.0  0.87  -8.49  0.0   0.0   0.0   3.0   52.0 
  151.3044 -7.8061 -212.8  -232.87 -398.19 696.0  0.97 0.01 0.0  1.08  -4.47  0.0   0.0   0.0   4.0   53.0 
  151.2706 -7.6858 178.75  -11.63  -19.89  795.0  1.0  0.0  0.0  0.73  -5.93  0.0   0.0   0.0   1.0   54.0 
  151.2465 -7.7919 -30.51  -342.43 -585.53 651.0  0.63 0.01 0.01 1.08  -4.21  0.0   0.0   0.0   4.0   55.0 
  151.3813 -7.7508 -265.87 102.01  174.43  642.0  1.0  0.01 0.0  1.05  -4.38  0.0   0.0   0.0   3.0   56.0 
  151.2224 -7.7723 80.09   -353.47 -604.4  684.0  0.79 0.01 0.0  1.06  -4.38  0.0   0.0   0.0   4.0   57.0 
  151.2744 -7.7311 53.73   -117.32 -200.6  893.0  0.16 0.0  0.0  1.02  -7.69  0.0   0.0   0.0   2.0   58.0 
  151.2971 -7.7059 60.71   4.01    6.85    740.0  1.0  0.0  0.0  0.8   -5.93  0.0   0.0   0.0   1.0   59.0 
  151.2562 -7.7423 71.27   -191.68 -327.76 711.0  0.83 0.01 0.0  0.74  -5.06  0.0   0.0   0.0   4.0   60.0 
  151.2767 -7.7227 69.23   -90.15  -154.14 480.0  0.08 0.0  0.0  1.13  -5.57  0.0   0.0   0.0   2.0   61.0 
  151.3192 -7.6882 49.99   104.66  178.96  771.0  0.48 0.0  0.0  0.73  -5.48  0.0   0.0   0.0   2.0   62.0 
  151.3546 -7.7157 -109.21 123.99  212.01  1056.0 0.0  0.0  0.0  0.69  -8.69  0.0   0.0   0.0   2.0   63.0 
  151.3399 -7.6772 25.76   184.98  316.31  887.0  1.0  0.0  0.0  1.31  -9.36  0.0   0.0   0.0   4.0   64.0 
  151.3595 -7.7315 -161.78 96.41   164.86  592.0  0.92 0.01 0.0  0.78  -5.09  0.0   0.0   0.0   2.0   65.0 
  151.3231 -7.7312 -69.16  5.31    9.08    782.0  0.25 0.0  0.0  0.87  -5.1   0.0   0.0   0.0   1.0   66.0 
  151.3406 -7.658  72.97   235.61  402.87  773.0  0.99 0.0  0.0  0.67  -5.94  0.0   0.0   0.0   4.0   67.0 
  151.2387 -7.7484 99.86   -251.39 -429.86 601.0  0.43 0.01 0.01 0.83  -4.27  0.0   0.0   0.0   4.0   68.0 
  151.2897 -7.8129 -192.86 -287.03 -490.8  658.0  0.98 0.01 0.0  0.75  -4.4   0.0   0.0   0.0   4.0   69.0 
  151.2679 -7.7627 -10.17  -214.18 -366.22 471.0  1.0  0.0  0.0  1.19  -8.14  0.0   0.0   0.0   4.0   70.0 
  151.2895 -7.7461 -22.52  -117.29 -200.56 471.0  0.25 0.0  0.0  0.77  -6.67  0.0   0.0   0.0   2.0   71.0 
  151.264  -7.7752 -32.42  -255.91 -437.58 396.0  1.0  0.0  0.0  0.83  -11.04 0.0   0.0   0.0   4.0   72.0 
  151.2808 -7.7281 45.3    -93.56  -159.98 597.0  0.43 0.0  0.0  1.14  -4.78  0.0   0.0   0.0   2.0   73.0 
  151.3234 -7.6867 43.38   119.26  203.92  856.0  0.25 0.0  0.0  0.98  -6.83  0.0   0.0   0.0   2.0   74.0 
  151.3457 -7.6672 36.47   225.19  385.06  869.0  1.0  0.0  0.0  0.74  -8.63  0.0   0.0   0.0   4.0   75.0 
  151.3691 -7.7157 -145.99 160.62  274.64  636.0  0.77 0.01 0.0  1.07  -4.53  0.0   0.0   0.0   3.0   76.0 
  151.3441 -7.7098 -67.61  112.62  192.57  1192.0 0.0  0.0  0.0  0.97  -12.71 0.0   0.0   0.0   2.0   77.0 
  151.3397 -7.6944 -17.5   140.72  240.61  706.0  0.5  0.01 0.01 0.94  -4.48  0.0   0.0   0.0   3.0   78.0 
  151.3404 -7.6926 -14.69  147.2   251.71  579.0  0.52 0.0  0.0  0.74  -4.98  0.0   0.0   0.0   3.0   79.0 
  151.2828 -7.7315 31.65   -97.39  -166.52 803.0  0.42 0.0  0.0  0.8   -5.86  0.0   0.0   0.0   2.0   80.0 
  151.3361 -7.6242 170.21  310.5   530.94  983.0  1.0  0.0  0.0  0.75  -13.31 0.0   0.0   0.0   4.0   81.0 
  151.3085 -7.7389 -52.06  -51.4   -87.9   601.0  0.6  0.0  0.0  1.05  -5.2   0.0   0.0   0.0   1.0   82.0 
  151.3106 -7.7047 29.63   41.09   70.25   586.0  0.4  0.0  0.01 1.13  -4.65  0.0   0.0   0.0   1.0   83.0 
  151.2976 -7.7335 -10.74  -65.1   -111.31 628.0  0.63 0.01 0.0  0.98  -4.57  0.0   0.0   0.0   1.0   84.0 
  151.367  -7.7907 -331.44 -35.38  -60.49  593.0  1.0  0.01 0.0  0.86  -4.77  0.0   0.0   0.0   2.0   85.0 
  151.3628 -7.6747 -25.59  249.24  426.18  899.0  1.0  0.0  0.0  0.98  -9.71  0.0   0.0   0.0   4.0   86.0 
  151.3225 -7.6256 200.84  272.54  466.01  773.0  1.0  0.0  0.0  1.11  -5.46  0.0   0.0   0.0   4.0   87.0 
  151.3305 -7.7388 -107.17 4.45    7.61    580.0  1.0  0.0  0.0  0.79  -5.84  0.0   0.0   0.0   1.0   88.0 
  151.333  -7.6832 27.86   152.28  260.38  603.0  0.46 0.0  0.01 1.04  -4.6   0.0   0.0   0.0   3.0   89.0 
  151.3232 -7.6909 33.03   108.22  185.06  539.0  0.33 0.0  0.0  0.76  -5.3   0.0   0.0   0.0   2.0   90.0 
  151.2612 -7.7811 -40.27  -277.96 -475.28 637.0  0.59 0.01 0.01 0.75  -4.35  0.0   0.0   0.0   4.0   91.0 
  151.3183 -7.7058 7.43    57.89   98.99   959.0  0.85 0.0  0.0  1.1   -10.35 0.0   0.0   0.0   1.0   92.0 
  151.2869 -7.6802 151.71  43.77   74.84   825.0  1.0  0.0  0.0  1.14  -6.7   0.0   0.0   0.0   1.0   93.0 
  151.3732 -7.669  -37.37  289.97  495.83  703.0  0.5  0.01 0.01 0.98  -4.24  0.0   0.0   0.0   4.0   94.0 
  151.3376 -7.8111 -309.3  -161.76 -276.6  482.0  1.0  0.0  0.0  1.01  -7.17  0.0   0.0   0.0   4.0   95.0 
  151.2798 -7.7193 70.36   -73.73  -126.07 885.0  0.91 0.0  0.0  0.81  -8.58  0.0   0.0   0.0   1.0   96.0 
  151.3262 -7.7162 -38.82  51.23   87.6    407.0  0.91 0.0  0.0  0.77  -9.48  0.0   0.0   0.0   1.0   97.0 
  151.2869 -7.7604 -52.34  -160.64 -274.68 837.0  0.27 0.0  0.0  1.15  -6.51  0.0   0.0   0.0   3.0   98.0 
  151.3381 -7.7147 -65.19  85.1    145.52  980.0  0.13 0.0  0.0  0.8   -9.93  0.0   0.0   0.0   1.0   99.0 
  151.2719 -7.725  75.75   -108.23 -185.06 562.0  0.31 0.0  0.0  0.76  -4.96  0.0   0.0   0.0   2.0   100.0
  151.2994 -7.7802 -134.16 -179.35 -306.67 467.0  1.0  0.0  0.0  0.84  -8.11  0.0   0.0   0.0   4.0   101.0
  151.3309 -7.6985 -5.81   108.26  185.11  949.0  0.03 0.0  0.0  0.82  -8.17  0.0   0.0   0.0   2.0   102.0
  151.2929 -7.7575 -60.06  -137.69 -235.44 441.0  0.57 0.0  0.0  0.84  -9.01  0.0   0.0   0.0   3.0   103.0
  151.2802 -7.679  171.78  29.98   51.26   627.0  0.95 0.01 0.0  1.02  -4.88  0.0   0.0   0.0   1.0   104.0
  151.3107 -7.6541 158.32  170.23  291.08  614.0  0.68 0.01 0.0  1.0   -4.48  0.0   0.0   0.0   3.0   105.0
  151.2976 -7.7498 -52.26  -106.59 -182.25 426.0  0.15 0.0  0.0  0.88  -7.89  0.0   0.0   0.0   2.0   106.0
  151.2996 -7.7588 -80.08  -124.36 -212.65 582.0  0.56 0.0  0.0  1.15  -5.21  0.0   0.0   0.0   2.0   107.0
  151.29   -7.7002 93.3    0.68    1.16    697.0  1.0  0.0  0.0  1.09  -5.57  0.0   0.0   0.0   1.0   108.0
  151.3184 -7.7341 -64.69  -13.92  -23.8   844.0  0.05 0.0  0.01 0.75  -4.58  0.0   0.0   0.0   1.0   109.0
  151.1804 -7.7129 337.15  -308.12 -526.86 663.0  0.99 0.01 0.0  1.09  -5.01  0.0   0.0   0.0   4.0   110.0
  151.3453 -7.685  -7.66   178.93  305.95  809.0  0.46 0.0  0.0  0.8   -6.1   0.0   0.0   0.0   3.0   111.0
  151.2836 -7.7046 98.19   -26.64  -45.56  798.0  1.0  0.0  0.0  1.15  -6.63  0.0   0.0   0.0   1.0   112.0
  151.3039 -7.7458 -57.79  -80.39  -137.46 428.0  0.85 0.0  0.0  1.15  -8.87  0.0   0.0   0.0   1.0   113.0
  151.4061 -7.6647 -109.5  383.93  656.48  808.0  0.92 0.0  0.0  0.76  -6.22  0.0   0.0   0.0   4.0   114.0
  151.3134 -7.7335 -50.66  -24.92  -42.62  841.0  0.08 0.0  0.01 0.99  -5.04  0.0   0.0   0.0   1.0   115.0
  151.3276 -7.6749 62.69   160.01  273.6   573.0  0.36 0.0  0.01 1.09  -4.84  0.0   0.0   0.0   3.0   116.0
  151.336  -7.6908 1.16    140.67  240.54  910.0  0.38 0.0  0.0  1.09  -9.43  0.0   0.0   0.0   3.0   117.0
  151.2203 -7.7438 158.0   -286.04 -489.1  503.0  0.73 0.0  0.0  1.02  -6.41  0.0   0.0   0.0   4.0   118.0
  151.2793 -7.7014 117.0   -29.33  -50.15  662.0  0.91 0.0  0.0  1.15  -5.22  0.0   0.0   0.0   1.0   119.0
  151.3126 -7.8081 -238.62 -217.06 -371.16 708.0  0.99 0.01 0.0  0.8   -4.54  0.0   0.0   0.0   4.0   120.0
  151.2706 -7.7362 50.41   -140.01 -239.41 519.0  0.29 0.0  0.0  1.04  -5.76  0.0   0.0   0.0   3.0   121.0
  151.3477 -7.6807 -2.92   195.71  334.66  970.0  1.0  0.0  0.0  1.05  -13.13 0.0   0.0   0.0   4.0   122.0
  151.3091 -7.7329 -38.08  -34.46  -58.92  729.0  0.35 0.0  0.01 0.87  -4.54  0.0   0.0   0.0   1.0   123.0
  151.3101 -7.6678 124.85  133.71  228.64  794.0  0.83 0.0  0.0  1.11  -6.27  0.0   0.0   0.0   3.0   124.0
  151.3537 -7.7351 -156.37 72.63   124.19  650.0  0.87 0.01 0.0  1.22  -4.81  0.0   0.0   0.0   1.0   125.0
  151.2901 -7.7293 18.84   -73.04  -124.89 673.0  0.55 0.01 0.01 1.1   -4.48  0.0   0.0   0.0   1.0   126.0
  151.3296 -7.7732 -192.64 -85.3   -145.86 762.0  0.78 0.0  0.0  0.85  -5.12  0.0   0.0   0.0   2.0   127.0
  151.3245 -7.6262 194.38  276.11  472.13  618.0  0.89 0.01 0.0  0.73  -4.48  0.0   0.0   0.0   4.0   128.0
  151.2359 -7.6614 328.28  -37.02  -63.3   641.0  1.0  0.01 0.0  1.02  -4.41  0.0   0.0   0.0   2.0   129.0
  151.3    -7.7524 -64.85  -107.04 -183.03 609.0  0.54 0.0  0.0  1.23  -4.95  0.0   0.0   0.0   2.0   130.0
  151.3035 -7.7129 26.71   2.56    4.38    1035.0 1.0  0.0  0.0  1.1   -13.8  0.0   0.0   0.0   1.0   131.0
  151.273  -7.6814 183.97  5.66    9.68    689.0  1.0  0.01 0.0  1.06  -4.81  0.0   0.0   0.0   1.0   132.0
  151.3485 -7.6829 -10.55  192.13  328.53  939.0  1.0  0.0  0.0  1.05  -11.58 0.0   0.0   0.0   4.0   133.0
  151.326  -7.7355 -87.55  1.58    2.71    1123.0 0.0  0.0  0.0  1.05  -13.88 0.0   0.0   0.0   1.0   134.0
  151.2757 -7.7261 63.24   -101.51 -173.57 575.0  0.34 0.0  0.0  1.15  -4.88  0.0   0.0   0.0   2.0   135.0
  151.3254 -7.6669 88.48   174.61  298.56  1033.0 0.66 0.0  0.0  0.66  -16.8  0.0   0.0   0.0   3.0   136.0
  151.2822 -7.8    -141.11 -273.11 -467.0  753.0  0.54 0.01 0.0  1.1   -4.67  0.0   0.0   0.0   4.0   137.0
  151.239  -7.7234 162.66  -187.02 -319.79 579.0  0.52 0.01 0.0  0.82  -4.57  0.0   0.0   0.0   4.0   138.0
  151.3735 -7.6507 8.54    337.41  576.95  732.0  0.78 0.01 0.0  0.67  -4.84  0.0   0.0   0.0   4.0   139.0
  151.3556 -7.6922 -52.12  186.59  319.06  895.0  0.99 0.0  0.0  0.83  -9.72  0.0   0.0   0.0   4.0   140.0
  151.3882 -7.6754 -91.51  311.33  532.35  718.0  0.56 0.01 0.01 1.04  -4.33  0.0   0.0   0.0   4.0   141.0
  151.2948 -7.7263 14.59   -53.63  -91.71  610.0  0.6  0.01 0.0  1.04  -4.6   0.0   0.0   0.0   1.0   142.0
  151.3362 -7.6921 -2.63   137.81  235.64  886.0  0.4  0.0  0.0  0.79  -8.47  0.0   0.0   0.0   3.0   143.0
  151.2892 -7.7723 -88.43  -184.89 -316.14 518.0  1.0  0.0  0.0  0.81  -6.84  0.0   0.0   0.0   4.0   144.0
  151.2861 -7.7025 97.19   -15.12  -25.86  433.0  0.02 0.0  0.01 1.14  -4.84  0.0   0.0   0.0   1.0   145.0
  151.3148 -7.6755 93.55   126.04  215.52  957.0  0.1  0.0  0.0  0.78  -9.84  0.0   0.0   0.0   2.0   146.0
  151.2773 -7.6724 196.06  39.34   67.27   770.0  1.0  0.0  0.0  0.67  -5.44  0.0   0.0   0.0   1.0   147.0
  151.3293 -7.7393 -105.71 0.27    0.46    925.0  0.01 0.0  0.01 0.77  -5.06  0.0   0.0   0.0   1.0   148.0
  151.2928 -7.7982 -163.39 -241.92 -413.67 710.0  0.75 0.01 0.0  1.12  -4.44  0.0   0.0   0.0   4.0   149.0
