592.000  319.000  0.  9.966246  9.966246  10.2546  1
507.000  411.000  0.  3.414049  3.414049  10.2546  2
322.000  309.000  0.  9.826157  9.826157  10.2546  3
469.000  205.000  0.  10.25422  10.25422  10.2546  4
538.000  385.000  0.  4.80277  4.80277  10.2546  5
506.000  505.000  0.  10.01693  10.01693  10.2546  6
603.000  379.000  0.  6.657652  6.657652  10.2546  7
774.000  445.000  0.  9.414289  9.41429  10.2546  8
253.000  422.000  0.  5.593398  5.593397  10.2546  9
662.000  270.000  0.  10.24565  10.24565  10.2546  10
389.000  220.000  0.  10.25317  10.25317  10.2546  11
405.000  522.000  0.  10.1998  10.1998  10.2546  12
197.000  640.000  0.  10.25459  10.25459  10.2546  13
274.000  507.000  0.  10.16703  10.16703  10.2546  14
299.000  441.000  0.  7.3427  7.342701  10.2546  15
301.000  425.000  0.  5.504211  5.504211  10.2546  16
313.000  492.000  0.  10.01638  10.01638  10.2546  17
313.000  631.000  0.  10.25457  10.25457  10.2546  18
622.000  365.000  0.  8.168228  8.168228  10.2546  19
637.000  258.000  0.  10.24956  10.24956  10.2546  20
374.000  362.000  0.  7.495714  7.495714  10.2546  21
451.000  355.000  0.  8.064368  8.064368  10.2546  22
510.000  355.000  0.  7.8339  7.8339  10.2546  23
536.000  368.000  0.  6.57538  6.57538  10.2546  24
460.000  393.000  0.  4.200914  4.200914  10.2546  25
177.000  123.000  0.  10.2546  10.2546  10.2546  26
251.000  146.000  0.  10.25458  10.25458  10.2546  27
312.000  357.000  0.  6.399313  6.399314  10.2546  28
432.000  482.000  0.  9.69957  9.69957  10.2546  29
595.000  600.000  0.  10.25383  10.25382  10.2546  30
751.000  539.000  0.  10.22491  10.22491  10.2546  31
396.000  317.000  0.  9.813354  9.813354  10.2546  32
358.000  325.000  0.  9.471821  9.471821  10.2546  33
412.000  334.000  0.  9.330015  9.330015  10.2546  34
467.000  398.000  0.  3.740876  3.740876  10.2546  35
504.000  409.000  0.  3.376748  3.376748  10.2546  36
507.000  447.000  0.  6.446198  6.446198  10.2546  37
283.000  479.000  0.  9.790162  9.790162  10.2546  38
327.000  454.000  0.  8.567862  8.567862  10.2546  39
634.000  430.000  0.  6.22508  6.225079  10.2546  40
673.000  412.000  0.  7.106493  7.106493  10.2546  41
949.000  378.000  0.  0.  0.  0.  42
474.000  348.000  0.  8.491863  8.491863  10.2546  43
480.000  420.000  0.  4.007509  4.007509  10.2546  44
384.000  444.000  0.  8.106328  8.106328  10.2546  45
382.000  444.000  0.  8.099744  8.099743  10.2546  46
398.000  444.000  0.  8.106497  8.106497  10.2546  47
487.000  463.000  0.  8.352132  8.352132  10.2546  48
453.000  428.000  0.  5.582803  5.582803  10.2546  49
401.000  359.000  0.  8.050082  8.050083  10.2546  50
537.000  450.000  0.  6.561221  6.561221  10.2546  51
497.000  262.000  0.  10.24104  10.24104  10.2546  52
152.000  366.000  0.  6.863054  6.863054  10.2546  53
211.000  237.000  0.  10.24657  10.24657  10.2546  54
233.000  330.000  0.  8.557569  8.557568  10.2546  55
247.000  380.000  0.  4.218029  4.218029  10.2546  56
258.000  435.000  0.  6.915467  6.915467  10.2546  57
281.000  396.000  0.  3.554747  3.554747  10.2546  58
301.000  394.000  0.  3.421287  3.421287  10.2546  59
311.000  365.000  0.  5.450404  5.450404  10.2546  60
317.000  391.000  0.  3.493144  3.493144  10.2546  61
333.000  378.000  0.  4.588276  4.588276  10.2546  62
345.000  405.000  0.  4.135009  4.135009  10.2546  63
553.000  461.000  0.  7.685622  7.685622  10.2546  64
574.000  405.000  0.  4.393517  4.393517  10.2546  65
597.000  387.000  0.  5.877267  5.877267  10.2546  66
667.000  305.000  0.  10.18257  10.18257  10.2546  67
676.000  373.000  0.  8.644976  8.644976  10.2546  68
618.000  441.000  0.  6.455049  6.455048  10.2546  69
441.000  365.000  0.  7.360917  7.360916  10.2546  70
468.000  437.000  0.  6.049  6.049  10.2546  71
391.000  443.000  0.  8.058661  8.05866  10.2546  72
437.000  457.000  0.  8.532963  8.532963  10.2546  73
432.000  344.000  0.  8.87372  8.87372  10.2546  74
454.000  337.000  0.  9.202815  9.202815  10.2546  75
465.000  384.000  0.  4.912824  4.912824  10.2546  76
319.000  468.000  0.  9.377508  9.377508  10.2546  77
329.000  478.000  0.  9.727496  9.727496  10.2546  78
363.000  868.000  0.  0.  0.  0.  79
371.000  265.000  0.  10.2285  10.2285  10.2546  80
468.000  236.000  0.  10.25169  10.25169  10.2546  81
491.000  164.000  0.  10.25458  10.25458  10.2546  82
495.000  244.000  0.  10.25025  10.25024  10.2546  83
508.000  253.000  0.  10.24726  10.24726  10.2546  84
415.000  415.000  0.  6.901711  6.901711  10.2546  85
423.000  414.000  0.  6.27316  6.27316  10.2546  86
398.000  427.000  0.  7.310762  7.310763  10.2546  87
368.000  376.000  0.  6.296034  6.296034  10.2546  88
407.000  375.000  0.  7.408035  7.408035  10.2546  89
386.000  384.000  0.  7.03498  7.03498  10.2546  90
434.000  405.000  0.  4.951611  4.951611  10.2546  91
392.000  377.000  0.  7.291155  7.291156  10.2546  92
435.000  375.000  0.  6.697061  6.697061  10.2546  93
422.000  381.000  0.  6.848733  6.848733  10.2546  94
417.000  403.000  0.  6.850514  6.850514  10.2546  95
390.000  393.000  0.  7.688931  7.688931  10.2546  96
373.000  384.000  0.  6.093836  6.093836  10.2546  97
424.000  381.000  0.  6.75553  6.75553  10.2546  98
448.000  417.000  0.  4.777098  4.777098  10.2546  99
406.000  364.000  0.  7.806374  7.806374  10.2546  100
385.000  373.000  0.  7.190122  7.190121  10.2546  101
403.000  379.000  0.  7.413614  7.413614  10.2546  102
376.000  395.000  0.  5.846137  5.846137  10.2546  103
417.000  403.000  0.  6.850514  6.850514  10.2546  104
409.000  419.000  0.  7.135865  7.135865  10.2546  105
521.000  268.000  0.  10.23657  10.23657  10.2546  106
