09h11m31.966s   60d01m38.660s   1300.4    28.6   151.5    26.9    0.14    0.04    0.10    0.05
09h11m28.467s   60d02m51.460s   1250.6    29.9   177.4    28.5    0.05    0.04    0.03    0.05
09h11m35.293s   60d02m03.770s   1284.2     5.3   192.3     4.5    0.02    0.04    0.02    0.05
09h11m38.698s   60d02m57.400s   1345.6    29.3   154.4    27.7   -0.02    0.04   -0.01    0.05
09h11m25.602s   60d01m31.530s   1280.9    37.1   190.9    37.6    0.14    0.04    0.04    0.05
09h11m32.622s   60d03m11.460s   1293.2    37.5   180.1    38.1   -0.02    0.04    0.06    0.05
09h11m39.464s   60d01m47.130s   1350.4    18.0   141.6    15.6   -0.03    0.04   -0.01    0.05
09h11m33.276s   60d01m18.270s   1326.2    41.0   156.8    42.9   -0.01    0.04   -0.03    0.05
09h11m37.061s   60d01m52.670s   1329.3    13.0   164.1    11.0   -0.03    0.04    0.06    0.05
09h11m40.642s   60d02m09.320s   1423.7     3.1   176.1     2.8   -0.02    0.04   -0.04    0.05
09h11m35.163s   60d03m04.310s   1308.1    33.1   130.8    32.4   -0.03    0.04   -0.04    0.05
09h11m30.339s   60d01m11.080s   1308.7    45.8   151.3    49.9    0.06    0.04   -0.06    0.05
09h11m35.188s   60d02m16.800s   1262.5    -2.0   201.3    -0.8    0.02    0.04   -0.01    0.05
09h11m36.263s   60d02m33.270s   1305.4     8.0   190.8     6.6    0.02    0.04    0.02    0.05
09h11m36.492s   60d02m45.930s   1309.8    19.4   171.4    17.0    0.01    0.04    0.08    0.05
09h11m28.833s   60d01m58.160s   1235.1    23.7   157.6    21.4    0.04    0.04   -0.03    0.05
09h11m23.563s   60d02m23.410s   1151.4    27.9   109.5    26.1    0.09    0.04    0.00    0.05
09h11m51.197s   60d01m24.500s   1450.3    44.9   199.8    48.6    0.00    0.04    0.01    0.05
09h11m50.773s   60d02m39.110s   1450.2    33.9   161.8    33.3   -0.05    0.04    0.01    0.05
09h11m48.366s   60d03m22.150s   1338.2    46.6   136.3    51.1    0.01    0.04    0.01    0.05
09h11m47.948s   60d00m43.290s   1392.8    42.9   124.3    45.6   -0.04    0.04   -0.01    0.05
09h11m46.978s   60d03m32.050s   1374.1    49.1   126.3    54.9    0.00    0.04   -0.03    0.05
09h11m28.243s   59d58m58.640s   1350.0    52.1   100.0    59.8    0.00    0.04    0.00    0.05
09h11m28.703s   60d02m48.060s   1202.8    19.4   164.5    17.1    0.00    0.04    0.03    0.05
09h11m39.886s   60d01m37.870s   1325.7    16.0   154.3    13.7   -0.03    0.04    0.02    0.05
09h11m20.931s   60d02m07.850s   1137.3    24.3   133.4    22.2    0.01    0.04    0.02    0.05
09h11m23.223s   60d02m24.780s   1119.8    19.5   136.1    17.1    0.04    0.04    0.08    0.05
09h11m33.407s   60d02m16.730s   1224.2    -0.9   181.1    -0.1    0.00    0.04    0.01    0.05
09h11m25.877s   60d03m16.790s   1213.4    34.6   136.2    34.3    0.00    0.04    0.00    0.05
09h11m24.979s   60d01m32.490s   1222.4    28.8   143.2    27.2   -0.02    0.04    0.04    0.05
09h11m22.204s   60d02m08.740s   1124.6    22.0   111.5    19.7    0.05    0.04    0.06    0.05
09h11m28.835s   60d01m58.200s   1210.1    14.8   163.8    12.6   -0.03    0.04   -0.02    0.05
09h11m30.367s   60d02m41.560s   1221.3    13.8   163.6    11.7   -0.03    0.04    0.00    0.05
09h11m19.758s   60d01m45.710s   1187.2    33.0   137.0    32.3   -0.01    0.04   -0.04    0.05
09h11m38.854s   60d02m07.470s   1375.7    -8.9   199.5    -5.2    0.01    0.04   -0.01    0.05
09h11m36.253s   60d01m59.280s   1302.3    -0.6   182.7     0.1   -0.02    0.04    0.02    0.05
09h11m37.409s   60d01m32.920s   1300.9    19.3   188.0    16.9   -0.11    0.04    0.01    0.05
09h11m35.694s   60d02m12.860s   1265.4   -10.3   204.8    -6.0    0.02    0.04   -0.01    0.05
09h11m19.269s   60d03m04.430s   1151.3    37.7   117.9    38.3   -0.01    0.04    0.02    0.05
09h11m41.096s   60d01m58.140s   1391.2     2.3   173.0     2.3   -0.04    0.04    0.01    0.05
09h11m34.314s   60d01m54.530s   1264.4     6.1   169.4     5.2   -0.03    0.04    0.02    0.05
09h11m39.822s   60d02m19.250s   1402.2    -6.8   187.9    -3.9   -0.02    0.04   -0.03    0.05
09h11m31.048s   60d02m31.140s   1216.0     7.8   174.9     6.5    0.01    0.04    0.01    0.05
09h11m36.752s   60d01m38.210s   1307.0    16.1   181.0    13.8   -0.05    0.04    0.02    0.05
09h11m19.078s   60d01m59.020s   1137.9    29.7    89.0    28.2    0.12    0.04    0.04    0.05
09h11m59.927s   60d02m23.170s   1552.7    34.1   117.9    33.7   -0.02    0.04    0.00    0.05
09h11m57.921s   60d01m54.500s   1485.3    31.7   172.6    30.7   -0.16    0.04    0.00    0.05
09h11m57.142s   60d02m35.580s   1489.1    31.3   141.6    30.1   -0.04    0.04   -0.09    0.05
09h11m56.449s   60d02m48.830s   1575.5    32.0   168.7    31.0    0.01    0.04   -0.04    0.05
09h11m53.358s   60d02m10.140s   1517.6    22.0   125.6    19.6   -0.15    0.04   -0.10    0.05
09h11m53.195s   60d01m00.130s   1327.4    39.0   130.5    40.1    0.01    0.04    0.02    0.05
09h11m51.588s   60d01m40.840s   1455.1    25.1   149.3    23.0   -0.16    0.04   -0.07    0.05
09h11m50.723s   60d02m07.760s   1494.9    17.8   143.8    15.5   -0.10    0.04    0.00    0.05
09h11m49.342s   60d01m38.980s   1435.8    22.4   158.7    20.1   -0.12    0.04   -0.03    0.05
09h11m48.534s   60d02m05.280s   1479.5    14.5   154.8    12.3   -0.13    0.04   -0.07    0.05
09h11m48.180s   60d02m46.950s   1451.1    21.6   172.5    19.2    0.03    0.04    0.03    0.05
09h11m46.500s   60d01m52.470s   1449.2    13.2   154.1    11.1   -0.07    0.04   -0.04    0.05
09h11m44.879s   60d02m19.450s   1459.5     8.2   165.0     6.8   -0.05    0.04   -0.06    0.05
09h11m17.066s   60d03m14.920s   1191.3    46.0    93.1    50.2    0.02    0.04   -0.01    0.05
09h11m14.309s   60d02m18.900s   1210.3    35.6   195.9    35.5    0.07    0.04    0.03    0.05
09h11m12.873s   60d02m39.490s   1132.1    39.5    71.4    40.7    0.05    0.04    0.04    0.05
09h11m10.340s   60d01m53.130s   1183.1    46.3   134.8    50.7   -0.02    0.04    0.01    0.05
09h11m06.573s   60d02m29.590s   1123.2    48.7    35.0    54.3    0.01    0.04    0.00    0.05