208.824  319.146  0.  1.374959  1.374959  10.37576  1
293.563  411.249  0.  16.89901  16.89901  10.40512  2
478.856  309.783  0.  2.832234  2.832234  10.40903  3
331.024  205.134  0.  0.543959  0.543959  10.34978  4
262.519  385.516  0.  10.78437  10.78437  10.46456  5
294.653  505.374  0.  1.671985  1.671985  10.41594  6
197.013  379.608  0.  2.999798  2.999798  10.5277  7
26.986  445.992  0.  0.259426  0.259426  10.25408  8
547.632  422.078  0.  8.468085  8.468086  10.51179  9
138.653  270.348  0.  0.4619562  0.4619562  10.42174  10
411.050  220.096  0.  0.6931889  0.6931889  10.30032  11
395.047  522.633  0.  1.968735  1.968735  10.51725  12
603.176  640.893  0.  0.2224676  0.2224676  10.38684  13
526.228  507.948  0.  1.659304  1.659304  10.44199  14
501.727  441.993  0.  10.67342  10.67342  10.47815  15
499.965  425.577  0.  19.2061  19.2061  10.53341  16
487.023  492.980  0.  2.905229  2.905229  10.25261  17
486.904  631.788  0.  0.3294131  0.3294131  10.41905  18
178.691  365.788  0.  1.937908  1.937908  10.43585  19
163.428  258.584  0.  0.4970797  0.4970797  10.44443  20
426.860  362.033  0.  28.7904  28.7904  10.36101  21
349.659  355.265  0.  18.31943  18.31943  10.43538  22
290.597  355.841  0.  8.493887  8.493887  10.48957  23
264.280  368.902  0.  8.278557  8.278557  10.46343  24
340.157  393.915  0.  65.90326  65.90326  10.37344  25
624.233  123.652  0.  0.1263157  0.1263157  10.44143  26
550.318  146.127  0.  0.1986006  0.1986006  10.46932  27
488.569  357.749  0.  8.950307  8.950307  10.40774  28
368.687  482.021  0.  4.890466  4.890466  10.49816  29
205.792  600.119  0.  0.2886721  0.2886721  10.41011  30
50.366  539.538  0.  0.196868  0.196868  10.43192  31
404.940  317.660  0.  5.454217  5.454218  10.50541  32
442.680  325.040  0.  5.682744  5.682743  10.49954  33
388.737  334.554  0.  9.789263  9.789263  10.39382  34
333.814  398.112  0.  56.26233  56.26233  10.3947  35
296.127  409.917  0.  18.40965  18.40965  10.3436  36
293.710  447.720  0.  5.607518  5.607518  10.432  37
517.871  479.660  0.  3.044054  3.044054  10.47805  38
473.537  454.334  0.  9.867233  9.867234  10.41517  39
166.705  430.448  0.  1.230326  1.230326  10.39367  40
127.543  412.368  0.  0.8823697  0.8823697  10.43237  41
-148.800  378.435  0.  0.  0.  0.  42
326.949  348.548  0.  10.7899  10.7899  10.53592  43
320.572  420.018  0.  23.32255  23.32255  10.53575  44
416.097  444.912  0.  24.31442  24.31442  10.32295  45
418.162  444.938  0.  24.2235  24.2235  10.38151  46
402.689  444.786  0.  24.92938  24.92938  10.43643  47
313.479  463.258  0.  4.839006  4.839006  10.3756  48
347.066  428.072  0.  28.55988  28.55988  10.29164  49
399.853  359.355  0.  31.37978  31.37978  10.47219  50
263.982  450.932  0.  3.303031  3.303031  10.24942  51
303.553  262.900  0.  1.22968  1.22968  10.52428  52
648.237  366.285  0.  0.9931681  0.993168  10.44138  53
589.563  237.833  0.  0.4499892  0.4499892  10.49613  54
567.272  330.915  0.  1.655637  1.655637  10.46192  55
553.529  380.973  0.  5.581281  5.581281  10.54052  56
542.430  435.300  0.  6.932189  6.932189  10.40157  57
519.309  396.636  0.  15.69762  15.69762  10.42299  58
499.566  394.264  0.  23.42223  23.42223  10.39934  59
489.276  365.468  0.  11.45236  11.45236  10.3832  60
483.195  391.776  0.  32.33704  32.33704  10.41877  61
467.951  378.957  0.  28.79828  28.79828  10.24555  62
455.801  405.917  0.  79.05793  79.05793  10.41132  63
247.499  461.390  0.  2.200704  2.200704  10.44443  64
226.776  405.392  0.  4.804073  4.804073  10.4356  65
203.897  387.687  0.  3.483331  3.483331  10.48307  66
132.956  305.128  0.  0.5791288  0.5791288  10.34779  67
124.564  373.046  0.  0.9447322  0.9447322  10.53442  68
182.444  441.910  0.  1.315594  1.315594  10.52666  69
359.044  365.144  0.  32.39797  32.39797  10.36423  70
332.876  437.957  0.  14.53776  14.53776  10.34333  71
409.496  443.908  0.  26.45102  26.45102  10.53003  72
364.017  457.988  0.  10.23852  10.23852  10.25367  73
368.855  344.735  0.  13.87318  13.87318  10.43945  74
346.852  337.582  0.  8.97368  8.973679  10.50175  75
335.611  384.699  0.  49.04845  49.04845  10.41683  76
481.903  468.618  0.  5.750488  5.750488  10.51113  77
471.490  478.518  0.  4.74673  4.74673  10.46483  78
437.002  868.712  0.  0.  0.  0.  79
429.352  265.748  0.  1.482458  1.482458  10.44303  80
331.967  236.321  0.  0.8775002  0.8775002  10.50096  81
309.313  164.458  0.  0.3128234  0.3128233  10.40188  82
304.889  244.140  0.  0.9035919  0.9035919  10.35262  83
291.948  253.385  0.  1.00497  1.00497  10.52211  84
385.437  415.101  0.  150.4236  150.4236  10.52248  85
377.413  414.482  0.  122.5557  122.5557  10.45191  86
402.118  427.110  0.  72.92121  72.92121  10.33212  87
432.151  376.520  0.  58.85421  58.85421  10.50833  88
393.420  375.940  0.  92.98004  92.98004  10.52927  89
414.152  384.609  0.  155.7554  155.7554  10.4903  90
366.183  405.060  0.  131.9543  131.9543  10.40134  91
408.751  377.999  0.  101.8351  101.8351  10.46375  92
365.290  375.828  0.  62.24711  62.24711  10.439  93
378.921  381.902  0.  114.9002  114.9002  10.32089  94
383.270  403.350  0.  301.7821  301.7821  10.42779  95
410.645  393.969  0.  431.7954  431.7954  10.51495  96
427.443  384.641  0.  105.3562  105.3562  10.42525  97
376.628  381.030  0.  105.6445  105.6445  10.52075  98
352.172  417.639  0.  52.4337  52.4337  10.46034  99
394.894  364.712  0.  43.07948  43.07947  10.46568  100
415.216  373.629  0.  67.59392  67.59392  10.43665  101
397.211  379.169  0.  120.148  120.148  10.4024  102
424.040  395.819  0.  216.9338  216.9338  10.40036  103
383.181  403.300  0.  300.8449  300.8449  10.43496  104
391.235  419.770  0.  117.5596  117.5596  10.43496  105
279.148  268.682  0.  1.182983  1.182983  10.46002  106
