208.824  319.146  0.  1.237562  1.237562  10.37576  1
293.563  411.249  0.  6.851219  6.851219  10.40512  2
478.856  309.783  0.  2.761829  2.761829  10.40903  3
331.024  205.134  0.  0.5439226  0.5439226  10.34978  4
262.519  385.516  0.  4.0228  4.022801  10.46456  5
294.653  505.374  0.  1.65505  1.65505  10.41594  6
197.013  379.608  0.  1.534574  1.534574  10.5277  7
26.986  445.992  0.  0.2534794  0.2534794  10.25408  8
547.632  422.078  0.  3.397093  3.397093  10.51179  9
138.653  270.348  0.  0.4590344  0.4590345  10.42174  10
411.050  220.096  0.  0.6930997  0.6930997  10.30032  11
395.047  522.633  0.  1.958957  1.958957  10.51725  12
603.176  640.893  0.  0.2224665  0.2224665  10.38684  13
526.228  507.948  0.  1.623982  1.623982  10.44199  14
501.727  441.993  0.  6.165195  6.165195  10.47815  15
499.965  425.577  0.  7.874889  7.874889  10.53341  16
487.023  492.980  0.  2.784208  2.784208  10.25261  17
486.904  631.788  0.  0.329411  0.329411  10.41905  18
178.691  365.788  0.  1.180992  1.180992  10.43585  19
163.428  258.584  0.  0.4954905  0.4954905  10.44443  20
426.860  362.033  0.  21.83084  21.83084  10.36101  21
349.659  355.265  0.  13.27408  13.27408  10.43538  22
290.597  355.841  0.  5.148727  5.148727  10.48957  23
264.280  368.902  0.  3.83966  3.83966  10.46343  24
340.157  393.915  0.  24.31195  24.31195  10.37344  25
624.233  123.652  0.  0.1263157  0.1263157  10.44143  26
550.318  146.127  0.  0.1986005  0.1986005  10.46932  27
488.569  357.749  0.  6.60959  6.60959  10.40774  28
368.687  482.021  0.  4.676921  4.676922  10.49816  29
205.792  600.119  0.  0.2886679  0.2886678  10.41011  30
50.366  539.538  0.  0.1968243  0.1968243  10.43192  31
404.940  317.660  0.  5.218927  5.218927  10.50541  32
442.680  325.040  0.  5.352579  5.352579  10.49954  33
388.737  334.554  0.  8.819878  8.819877  10.39382  34
333.814  398.112  0.  19.97428  19.97428  10.3947  35
296.127  409.917  0.  7.25629  7.25629  10.3436  36
293.710  447.720  0.  4.384746  4.384745  10.432  37
517.871  479.660  0.  2.742845  2.742845  10.47805  38
473.537  454.334  0.  7.472389  7.472389  10.41517  39
166.705  430.448  0.  0.965894  0.965894  10.39367  40
127.543  412.368  0.  0.6787088  0.6787088  10.43237  41
-148.800  378.435  0.  0.  0.  0.  42
326.949  348.548  0.  7.994562  7.994562  10.53592  43
320.572  420.018  0.  11.4304  11.4304  10.53575  44
416.097  444.912  0.  18.99518  18.99518  10.32295  45
418.162  444.938  0.  18.86613  18.86612  10.38151  46
402.689  444.786  0.  19.75819  19.75819  10.43643  47
313.479  463.258  0.  4.31572  4.31572  10.3756  48
347.066  428.072  0.  17.63978  17.63978  10.29164  49
399.853  359.355  0.  24.54759  24.54759  10.47219  50
263.982  450.932  0.  2.709005  2.709005  10.24942  51
303.553  262.900  0.  1.225978  1.225978  10.52428  52
648.237  366.285  0.  0.8257006  0.8257006  10.44138  53
589.563  237.833  0.  0.4499082  0.4499082  10.49613  54
567.272  330.915  0.  1.552  1.552  10.46192  55
553.529  380.973  0.  2.951963  2.951963  10.54052  56
542.430  435.300  0.  3.385688  3.385688  10.40157  57
519.309  396.636  0.  5.722531  5.722531  10.42299  58
499.566  394.264  0.  8.546748  8.546748  10.39934  59
489.276  365.468  0.  7.511237  7.511237  10.3832  60
483.195  391.776  0.  12.43177  12.43177  10.41877  61
467.951  378.957  0.  15.16437  15.16437  10.24555  62
455.801  405.917  0.  29.73375  29.73375  10.41132  63
247.499  461.390  0.  1.973536  1.973536  10.44443  64
226.776  405.392  0.  2.261417  2.261417  10.4356  65
203.897  387.687  0.  1.684153  1.684153  10.48307  66
132.956  305.128  0.  0.5552129  0.5552129  10.34779  67
124.564  373.046  0.  0.6766708  0.6766709  10.53442  68
182.444  441.910  0.  1.098544  1.098545  10.52666  69
359.044  365.144  0.  21.48021  21.48021  10.36423  70
332.876  437.957  0.  10.14616  10.14616  10.34333  71
409.496  443.908  0.  20.70218  20.70218  10.53003  72
364.017  457.988  0.  8.886267  8.886267  10.25367  73
368.855  344.735  0.  11.59326  11.59326  10.43945  74
346.852  337.582  0.  7.673147  7.673147  10.50175  75
335.611  384.699  0.  19.60909  19.6091  10.41683  76
481.903  468.618  0.  4.94393  4.94393  10.51113  77
471.490  478.518  0.  4.359933  4.359934  10.46483  78
437.002  868.712  0.  0.  0.  0.  79
429.352  265.748  0.  1.479312  1.479312  10.44303  80
331.967  236.321  0.  0.8770583  0.8770583  10.50096  81
309.313  164.458  0.  0.3128218  0.3128218  10.40188  82
304.889  244.140  0.  0.9027568  0.9027568  10.35262  83
291.948  253.385  0.  1.003217  1.003217  10.52211  84
385.437  415.101  0.  101.4255  101.4255  10.52248  85
377.413  414.482  0.  76.57826  76.57827  10.45191  86
402.118  427.110  0.  51.92654  51.92654  10.33212  87
432.151  376.520  0.  38.33409  38.33409  10.50833  88
393.420  375.940  0.  66.50011  66.50011  10.52927  89
414.152  384.609  0.  109.1375  109.1375  10.4903  90
366.183  405.060  0.  65.72179  65.72179  10.40134  91
408.751  377.999  0.  72.96129  72.96129  10.46375  92
365.290  375.828  0.  37.44252  37.44252  10.439  93
378.921  381.902  0.  74.02094  74.02095  10.32089  94
383.270  403.350  0.  197.9909  197.9909  10.42779  95
410.645  393.969  0.  332.0271  332.0271  10.51495  96
427.443  384.641  0.  65.69043  65.69043  10.42525  97
376.628  381.030  0.  66.86784  66.86784  10.52075  98
352.172  417.639  0.  27.70502  27.70502  10.46034  99
394.894  364.712  0.  32.43428  32.43428  10.46568  100
415.216  373.629  0.  48.25524  48.25524  10.43665  101
397.211  379.169  0.  86.61459  86.61458  10.4024  102
424.040  395.819  0.  129.6134  129.6135  10.40036  103
383.181  403.300  0.  197.009  197.009  10.43496  104
391.235  419.770  0.  81.82726  81.82726  10.43496  105
279.148  268.682  0.  1.177369  1.177369  10.46002  106
