    1 214.5490461 +36.4587628 19.1603
    2 214.5578334 +36.4484914 20.7302
    3 214.6635994 +36.4611793 21.5529
    4 214.6535570 +36.4524686 22.9119
    5 214.6498615 +36.4497619 21.9843
    6 214.6463623 +36.4476532 21.7178
    7 214.5779507 +36.4514581 19.3262
    8 214.6189365 +36.4505203 21.9118
    9 214.5689182 +36.4495974 23.2748
   10 214.5880215 +36.4490215 22.2528
   11 214.6194944 +36.4491576 22.8935
   12 214.6176954 +36.4487164 24.5251
   13 214.6124325 +36.4485082 23.2362
   14 214.6037663 +36.4482208 20.1546
   15 214.6259480 +36.4483826 22.7618
   16 214.6395949 +36.4484747 24.1639
   17 214.5792497 +36.4478173 19.9866
   18 214.6310987 +36.4483885 24.5577
   19 214.6350821 +36.4483193 25.1535
   20 214.5956737 +36.4474613 21.1471
   21 214.6139075 +36.4479510 24.1884
   22 214.6374524 +36.4477491 25.0846
   23 214.6120969 +36.4478003 25.5920
   24 214.5736303 +36.4474544 23.8067
   25 214.5610778 +36.4474831 25.0092
   26 214.5614609 +36.4472116 25.7667
   27 214.5617173 +36.4471095 26.2852
   28 214.6329788 +36.4471730 26.7385
   29 214.6323722 +36.4473335 24.1166
   30 214.6425505 +36.4474146 27.7276
   31 214.6315311 +36.4473825 24.4624
   32 214.6306857 +36.4472659 24.1000
   33 214.6436160 +36.4474663 27.6797
   34 214.6428560 +36.4474211 27.4833
   35 214.6418409 +36.4472247 26.6830
   36 214.6256813 +36.4472824 24.0822
   37 214.6285704 +36.4472876 28.4694
   38 214.6427308 +36.4472395 27.4964
   39 214.6397831 +36.4472512 27.8412
   40 214.5806415 +36.4471500 24.9818
   41 214.6405213 +36.4471806 27.4008
   42 214.6152620 +36.4472899 23.7185
   43 214.6401291 +36.4471779 28.0144
   44 214.6177370 +36.4471605 27.6750
   45 214.5633216 +36.4471042 27.1921
   46 214.6414378 +36.4473109 26.6071
   47 214.6207229 +36.4471335 28.5627
   48 214.5895819 +36.4471131 27.9114
   49 214.6603772 +36.4580606 23.0293
   50 214.6278616 +36.4483361 25.9502
   51 214.6501009 +36.4516392 25.6925
   52 214.6382297 +36.4486317 25.7424
   53 214.6323892 +36.4478201 28.0975
   54 214.5842051 +36.4483110 26.6457
   55 214.5812380 +36.4491919 24.1864
   56 214.6345645 +36.4501629 23.7426
   57 214.6115513 +36.4490926 24.9375
   58 214.5939170 +36.4488688 25.4253
   59 214.6574019 +36.4554763 23.3101
   60 214.5639917 +36.4486463 26.5763
   61 214.6245929 +36.4493401 24.7265
   62 214.6335533 +36.4495800 24.1490
   63 214.5982007 +36.4495150 25.4273
   64 214.5799372 +36.4492381 26.3597
   65 214.5667190 +36.4485947 28.6058
   66 214.6138281 +36.4499224 24.2151
   67 214.6466616 +36.4494866 26.2598
   68 214.5995696 +36.4493454 25.9717
   69 214.6463688 +36.4509874 22.4757
   70 214.5797288 +36.4494432 26.8783
   71 214.5643764 +36.4495217 25.5062
   72 214.6256303 +36.4503149 24.2152
   73 214.6080161 +36.4500829 25.0707
   74 214.6002636 +36.4500087 25.1109
   75 214.6106945 +36.4498312 25.6697
   76 214.5738537 +36.4518565 25.2502
   77 214.5914874 +36.4507042 23.6786
   78 214.5955960 +36.4500616 25.5766
   79 214.6323434 +36.4500688 25.6288
   80 214.6388991 +36.4504624 25.4351
   81 214.6303615 +36.4505457 25.8167
   82 214.6330348 +36.4503106 26.5700
   83 214.6244793 +36.4509737 24.8413
   84 214.5989802 +36.4510681 24.5106
   85 214.6314266 +36.4506116 26.0940
   86 214.6293485 +36.4511646 24.3119
   87 214.6052736 +36.4514126 24.5736
   88 214.5966320 +36.4505192 26.7106
   89 214.6055801 +36.4505829 26.2577
   90 214.5669443 +36.4508055 25.9622
   91 214.6158121 +36.4513872 25.3358
   92 214.5643881 +36.4504409 28.1638
   93 214.5703089 +36.4507123 26.5066
   94 214.6213933 +36.4549992 21.8019
   95 214.6179739 +36.4519491 23.9376
   96 214.5571643 +36.4532150 21.4852
   97 214.6131614 +36.4518197 25.9215
   98 214.5874339 +36.4523226 24.7989
   99 214.5878973 +36.4517058 26.2780
  100 214.6328347 +36.4528740 25.1450
  101 214.6137471 +36.4518778 25.6268
  102 214.6061362 +36.4516909 26.6644
  103 214.6183837 +36.4525046 24.5810
  104 214.5698180 +36.4520955 25.5368
  105 214.5908050 +36.4521893 26.6842
  106 214.5688722 +36.4517379 27.8221
  107 214.6324789 +36.4525585 26.5769
  108 214.6140704 +36.4535659 23.3648
  109 214.5855767 +36.4527502 24.9836
  110 214.6022616 +36.4533859 24.3542
  111 214.5948821 +36.4527179 25.8375
  112 214.5770612 +36.4529967 25.1150
  113 214.5868799 +36.4525867 26.6620
  114 214.6115365 +36.4536114 23.8174
  115 214.6397262 +36.4537934 23.8243
  116 214.5832567 +36.4537537 24.3232
  117 214.6212874 +36.4532885 25.1894
  118 214.6519680 +36.4538657 23.8406
  119 214.6217626 +36.4570830 20.7112
  120 214.6409860 +36.4546825 22.1233
  121 214.5679783 +36.4537999 24.4468
  122 214.5799562 +36.4529898 27.3455
  123 214.6127251 +36.4532702 25.4484
  124 214.6182718 +36.4541590 23.4498
  125 214.6120805 +36.4530255 26.6491
  126 214.6428374 +36.4551888 22.6887
  127 214.6174679 +36.4537341 25.6047
  128 214.6083774 +36.4535908 26.6838
  129 214.5796627 +36.4548335 23.8761
  130 214.5805705 +36.4545585 24.6049
  131 214.5767580 +36.4546968 24.0358
  132 214.6259624 +36.4538127 26.9695
  133 214.5839610 +36.4537776 26.8209
  134 214.6162721 +36.4561930 20.6927
  135 214.6064635 +36.4558978 21.0401
  136 214.6388029 +36.4541024 26.8915
  137 214.5839683 +36.4543670 25.5311
  138 214.6079237 +36.4541840 25.8812
  139 214.6333794 +36.4546150 24.6615
  140 214.6436714 +36.4544184 25.4922
  141 214.5884244 +36.4541809 26.4260
  142 214.6350264 +36.4542741 26.7781
  143 214.6086580 +36.4549315 24.7625
  144 214.6290936 +36.4550708 24.7232
  145 214.5935542 +36.4541598 27.4799
  146 214.5858855 +36.4550226 24.5486
  147 214.5940190 +36.4563637 20.7962
  148 214.6243537 +36.4547448 25.5796
  149 214.6388965 +36.4551950 25.1742
  150 214.5885033 +36.4549196 25.9901
  151 214.5757328 +36.4549287 25.8450
  152 214.6097561 +36.4550078 26.3059
  153 214.6529145 +36.4554494 25.6627
  154 214.5800520 +36.4559607 24.5196
  155 214.6544477 +36.4547781 28.3903
  156 214.6344322 +36.4569142 21.7643
  157 214.6176846 +36.4562850 23.8216
  158 214.6550904 +36.4558956 24.6111
  159 214.5930425 +36.4561082 24.4164
  160 214.5914046 +36.4554799 26.3516
  161 214.6296772 +36.4557704 25.4610
  162 214.5709687 +36.4575179 21.1642
  163 214.6244618 +36.4565241 24.2764
  164 214.6439720 +36.4558435 25.6345
  165 214.5728990 +36.4555231 26.1940
  166 214.5884939 +36.4586179 23.2529
  167 214.5582017 +36.4568855 23.6690
  168 214.5777834 +36.4560652 24.7406
  169 214.6152008 +36.4572912 23.3510
  170 214.6513730 +36.4573975 25.5678
  171 214.5795124 +36.4564115 25.1983
  172 214.5782783 +36.4585167 22.1415
  173 214.5581304 +36.4563649 25.1524
  174 214.5535601 +36.4571170 23.7979
  175 214.6379361 +36.4564535 25.9924
  176 214.6092197 +36.4567068 24.9661
  177 214.5725231 +36.4565215 25.9029
  178 214.6451252 +36.4563499 26.7442
  179 214.5542002 +36.4575635 24.2767
  180 214.5909826 +36.4566127 26.3564
  181 214.6489328 +36.4567822 25.9640
  182 214.6318261 +36.4572529 24.8264
  183 214.5605396 +36.4565884 26.8604
  184 214.5822176 +36.4570539 25.3508
  185 214.6433181 +36.4574608 24.4130
  186 214.5612416 +36.4610589 20.1618
  187 214.6266091 +36.4574818 24.6507
  188 214.6065517 +36.4574299 25.0099
  189 214.6427568 +36.4567665 27.3923
  190 214.6130958 +36.4584390 23.1969
  191 214.5650246 +36.4580615 23.4946
  192 214.6002444 +36.4573941 25.1528
  193 214.6242268 +36.4578882 24.4647
  194 214.5551920 +36.4574292 24.8305
  195 214.6578501 +36.4653208 18.9763
  196 214.6124763 +36.4574817 25.8725
  197 214.6168260 +36.4575327 25.7004
  198 214.6485456 +36.4580877 24.2872
  199 214.6344782 +36.4579864 24.6308
  200 214.6080906 +36.4572693 26.7962
  201 214.6260881 +36.4578408 24.8615
  202 214.6109460 +36.4577747 25.3160
  203 214.5625603 +36.4573229 27.9041
  204 214.5613104 +36.4571204 29.1466
  205 214.5553644 +36.4576075 26.7347
  206 214.5844682 +36.4575448 26.9454
  207 214.6449128 +36.4580951 26.3544
  208 214.5739312 +36.4577267 26.7533
  209 214.6548004 +36.4587011 24.3198
  210 214.5803287 +36.4607771 22.4814
  211 214.6405359 +36.4584346 25.8794
  212 214.6056076 +36.4582914 26.1470
  213 214.6270625 +36.4581178 27.3355
  214 214.6327874 +36.4583258 27.0583
  215 214.5999335 +36.4589628 24.2410
  216 214.5872265 +36.4587693 25.2332
  217 214.5602657 +36.4585714 26.0022
  218 214.6350614 +36.4591550 24.5097
  219 214.5756384 +36.4598212 24.0461
  220 214.6089826 +36.4590203 24.9579
  221 214.6441626 +36.4587547 26.4579
  222 214.6258664 +36.4584617 27.3144
  223 214.6101488 +36.4584036 28.1832
  224 214.5885330 +36.4593437 25.2045
  225 214.5856872 +36.4591291 24.8925
  226 214.5944162 +36.4598032 23.8157
  227 214.5691595 +36.4589437 26.1011
  228 214.6573557 +36.4589792 26.0847
  229 214.5908535 +36.4619105 23.4314
  230 214.5546332 +36.4602446 25.7015
  231 214.5840901 +36.4597053 25.7324
  232 214.5992303 +36.4593630 26.1807
  233 214.6484482 +36.4601569 24.2368
  234 214.6326085 +36.4595344 25.4407
  235 214.6481990 +36.4595849 26.0933
  236 214.6113995 +36.4598949 26.1190
  237 214.5858777 +36.4623683 22.3686
  238 214.5955862 +36.4593902 26.9171
  239 214.5520017 +36.4602780 24.6752
  240 214.5789268 +36.4597674 26.7548
  241 214.6383166 +36.4602606 25.7272
  242 214.6123906 +36.4594422 27.6377
  243 214.6228691 +36.4601788 24.8637
  244 214.6536302 +36.4603788 24.9125
  245 214.6638214 +36.4696431 19.4314
  246 214.6224461 +36.4607052 24.5824
  247 214.6157473 +36.4602301 26.5449
  248 214.6117553 +36.4605456 24.8259
  249 214.5522449 +36.4604764 26.6514
  250 214.5959940 +36.4603208 25.9517
  251 214.6294801 +36.4600291 27.6376
  252 214.6062031 +36.4605178 25.7970
  253 214.5794665 +36.4615847 23.5065
  254 214.6511888 +36.4683007 21.1707
  255 214.6395878 +36.4602044 28.2214
  256 214.6034557 +36.4601140 28.5248
  257 214.5551289 +36.4633556 21.0520
  258 214.5945758 +36.4626669 21.9265
  259 214.6521797 +36.4612183 24.6190
  260 214.5986575 +36.4607592 25.8690
  261 214.6217892 +36.4607927 25.6469
  262 214.5892137 +36.4614869 24.1139
  263 214.6022176 +36.4606566 26.8521
  264 214.6130769 +36.4608735 26.2183
  265 214.5906732 +36.4655308 19.9830
  266 214.6159063 +36.4614977 25.6211
  267 214.6067175 +36.4614294 24.8514
  268 214.5680069 +36.4609871 26.3408
  269 214.6329296 +36.4626850 24.7837
  270 214.6404105 +36.4619309 24.4085
  271 214.6113885 +36.4616330 24.4175
  272 214.6608664 +36.4623277 23.3724
  273 214.6436479 +36.4616536 25.0787
  274 214.5878164 +36.4616283 24.5248
  275 214.5743391 +36.4616084 24.5584
  276 214.5522248 +36.4659587 19.4162
  277 214.6050425 +36.4617811 25.0124
  278 214.6369195 +36.4616169 25.9915
  279 214.6325198 +36.4616637 26.2920
  280 214.5662816 +36.4621025 24.6768
  281 214.6257266 +36.4620288 25.3944
  282 214.5981738 +36.4617082 26.5599
  283 214.6036211 +36.4625472 23.6673
  284 214.5964047 +36.4623450 25.5070
  285 214.6301928 +36.4635268 23.3561
  286 214.6458676 +36.4621371 26.5023
  287 214.5839859 +36.4665207 19.4137
  288 214.5697333 +36.4619821 26.4326
  289 214.6372401 +36.4624138 25.2532
  290 214.6596031 +36.4621474 26.9299
  291 214.6093204 +36.4625213 25.0120
  292 214.6487352 +36.4624144 26.1476
  293 214.5639476 +36.4663189 23.7343
  294 214.5731792 +36.4626184 25.7436
  295 214.5535435 +36.4630754 24.3227
  296 214.6108472 +36.4628262 26.4962
  297 214.6031876 +36.4629665 25.3290
  298 214.5740464 +36.4629804 25.2061
  299 214.6015995 +36.4627855 26.0970
  300 214.6129302 +36.4632404 25.8296
  301 214.5829554 +36.4631612 25.5540
  302 214.6520345 +36.4635468 25.1404
  303 214.6565883 +36.4628236 27.3631
  304 214.5807212 +36.4652201 22.2334
  305 214.6459793 +36.4636172 26.1537
  306 214.6110131 +36.4642702 22.5978
  307 214.5757031 +36.4627543 28.2567
  308 214.6468042 +36.4637095 25.1746
  309 214.5964456 +36.4633855 26.2878
  310 214.5803652 +36.4630675 26.8395
  311 214.6217571 +36.4630160 27.6689
  312 214.5977094 +36.4635203 25.6397
  313 214.6039836 +36.4643970 23.5799
  314 214.6547239 +36.4635999 26.3316
  315 214.6397154 +36.4637413 25.5028
  316 214.6143876 +36.4635845 25.4182
  317 214.5843757 +36.4637418 25.8723
  318 214.5857277 +36.4666954 25.0476
  319 214.6342825 +36.4650389 23.2749
  320 214.5597032 +36.4639508 25.4551
  321 214.6154476 +36.4638830 25.7834
  322 214.5748582 +36.4639910 25.3229
  323 214.5712268 +36.4641516 24.9262
  324 214.6441549 +36.4639638 26.3433
  325 214.6068050 +36.4639480 26.2709
  326 214.5886274 +36.4636638 27.3700
  327 214.5898016 +36.4640807 25.6324
  328 214.6118145 +36.4640038 26.1312
  329 214.5506600 +36.4643743 25.3534
  330 214.6170636 +36.4645581 25.6291
  331 214.5762948 +36.4639216 28.3036
  332 214.6265307 +36.4642481 26.7772
  333 214.5686670 +36.4646374 25.5213
  334 214.5743420 +36.4643197 27.4610
  335 214.6094836 +36.4646026 26.0592
  336 214.5645414 +36.4643557 26.8900
  337 214.6048697 +36.4648553 26.0322
  338 214.6039769 +36.4653044 24.6420
  339 214.6343195 +36.4656908 24.1280
  340 214.6438961 +36.4650809 25.5075
  341 214.6139616 +36.4649578 26.7061
  342 214.6422127 +36.4649819 27.4725
  343 214.6217285 +36.4646275 28.5846
  344 214.6249212 +36.4661464 24.6717
  345 214.5611206 +36.4651395 26.8074
  346 214.5932628 +36.4655383 25.1575
  347 214.6247654 +36.4651439 27.1725
  348 214.6017967 +36.4669440 23.4253
  349 214.5978653 +36.4657296 27.2448
  350 214.6224746 +36.4664082 26.9613
  351 214.5905357 +36.4674958 23.1148
  352 214.5912100 +36.4673132 23.0549
  353 214.5873338 +36.4661065 25.4092
  354 214.6482491 +36.4669349 23.7845
  355 214.6259927 +36.4666403 24.3731
  356 214.6501489 +36.4663912 25.4265
  357 214.6232348 +36.4663165 26.4465
  358 214.6127531 +36.4666364 24.3147
  359 214.5500409 +36.4664215 26.5867
  360 214.6270548 +36.4662572 27.3784
  361 214.6108496 +36.4663840 26.7312
  362 214.6189511 +36.4673986 24.6834
  363 214.5531557 +36.4678283 24.0646
  364 214.6323526 +36.4670318 26.1562
  365 214.6026976 +36.4668548 27.0370
  366 214.6460553 +36.4667657 27.2841
  367 214.6057331 +36.4671557 25.9471
  368 214.6592420 +36.4730766 19.1610
  369 214.5982966 +36.4670250 27.1133
  370 214.6438792 +36.4672027 26.7414
  371 214.6073855 +36.4667905 28.5446
  372 214.5853868 +36.4694952 23.3757
  373 214.5922842 +36.4693542 22.4461
  374 214.5846271 +36.4707181 18.9941
  375 214.6052649 +36.4678147 25.4044
  376 214.5611991 +36.4676868 25.1142
  377 214.5880137 +36.4679548 24.7138
  378 214.5845951 +36.4678434 25.1143
  379 214.6144033 +36.4706381 20.8442
  380 214.6299728 +36.4681445 24.4820
  381 214.6168801 +36.4680591 24.9026
  382 214.6317030 +36.4679769 25.5655
  383 214.5574912 +36.4677143 26.0488
  384 214.5895847 +36.4688811 22.9979
  385 214.5669709 +36.4682406 24.5369
  386 214.6123186 +36.4674720 27.9042
  387 214.6178708 +36.4690151 24.4579
  388 214.5790598 +36.4685418 24.8388
  389 214.6257262 +36.4686551 23.8162
  390 214.6040135 +36.4678334 27.1061
  391 214.6254166 +36.4677391 27.3005
  392 214.6130670 +36.4676298 28.0572
  393 214.5740926 +36.4687124 23.9894
  394 214.6173465 +36.4685751 24.8537
  395 214.5592961 +36.4682243 26.1009
  396 214.5982121 +36.4680425 26.5864
  397 214.5873181 +36.4685887 25.4493
  398 214.5800827 +36.4683883 26.1448
  399 214.6162812 +36.4692669 23.7805
  400 214.6077876 +36.4683743 26.4718
  401 214.6107757 +36.4690495 25.0042
  402 214.6376883 +36.4686923 25.4036
  403 214.5685610 +36.4690712 24.3889
  404 214.5521346 +36.4684069 26.7313
  405 214.6174027 +36.4717111 20.1265
  406 214.6335231 +36.4686950 26.5331
  407 214.6303814 +36.4689223 25.9197
  408 214.6356179 +36.4895644 22.2858
  409 214.6277244 +36.4691692 25.1042
  410 214.5827418 +36.4687037 26.6233
  411 214.5934681 +36.4698103 23.9650
  412 214.5642543 +36.4697938 23.8782
  413 214.5612652 +36.4692484 25.1519
  414 214.6480339 +36.4689845 25.7380
  415 214.5939331 +36.4693022 24.5942
  416 214.5497332 +36.4690455 25.8043
  417 214.6284995 +36.4688228 26.3149
  418 214.5890434 +36.4696335 24.0685
  419 214.5642453 +36.4704906 23.6143
  420 214.5556582 +36.4698818 24.1694
  421 214.5582279 +36.4691607 26.0591
  422 214.6193754 +36.4690268 27.1404
  423 214.6302562 +36.4695814 24.8812
  424 214.6032792 +36.4689030 28.8053
  425 214.5732192 +36.4698252 25.1167
  426 214.5766457 +36.4693776 26.7277
  427 214.6188889 +36.4690954 28.3412
  428 214.5899982 +36.4711503 21.1781
  429 214.6460130 +36.4696410 25.9785
  430 214.5814737 +36.4701928 24.3434
  431 214.5824854 +36.4696173 26.2700
  432 214.5726727 +36.4706288 24.3091
  433 214.5810219 +36.4701531 24.9431
  434 214.6190514 +36.4701878 24.8696
  435 214.5634777 +36.4701466 25.2660
  436 214.6171792 +36.4697653 27.0385
  437 214.5917312 +36.4700695 26.0599
  438 214.6222846 +36.4699279 26.3327
  439 214.6341689 +36.4708731 24.5180
  440 214.5693631 +36.4708592 24.7349
  441 214.5683236 +36.4701646 28.0470
  442 214.5560054 +36.4706751 25.5482
  443 214.5947948 +36.4719651 22.6036
  444 214.6055945 +36.4711468 24.7561
  445 214.6334917 +36.4701560 27.3521
  446 214.5994768 +36.4722778 22.8218
  447 214.5875686 +36.4705071 26.6255
  448 214.6047061 +36.4704355 27.7916
  449 214.5975847 +36.4715106 23.7752
  450 214.6492849 +36.4713077 24.3717
  451 214.6423390 +36.4723323 22.6918
  452 214.5674153 +36.4712204 24.7515
  453 214.5552228 +36.4710432 25.9718
  454 214.6284104 +36.4706300 28.5935
  455 214.5795702 +36.4713955 25.3198
  456 214.5989872 +36.4713059 25.4365
  457 214.6120568 +36.4712717 25.5604
  458 214.6200408 +36.4710914 26.8531
  459 214.6298592 +36.4721172 23.7047
  460 214.5724862 +36.4728880 23.2794
  461 214.5862703 +36.4718628 24.5084
  462 214.6357807 +36.4711780 27.3241
  463 214.5517288 +36.4722847 24.5254
  464 214.6082467 +36.4722371 23.8690
  465 214.6276945 +36.4730628 22.9464
  466 214.6627327 +36.4765641 23.0903
  467 214.6443914 +36.4717089 26.6890
  468 214.6480299 +36.4716139 27.6534
  469 214.6132526 +36.4715930 27.2569
  470 214.6425262 +36.4730849 24.3222
  471 214.5763806 +36.4726180 24.6684
  472 214.5703580 +36.4723321 25.8075
  473 214.6110786 +36.4725892 25.1394
  474 214.6076068 +36.4722675 26.4185
  475 214.6444365 +36.4722102 27.9621
  476 214.6359999 +36.4726635 26.2357
  477 214.5895834 +36.4723975 26.8612
  478 214.5925249 +36.4722912 27.1168
  479 214.5640713 +36.4724006 26.9406
  480 214.5707942 +36.4725943 27.2197
  481 214.6322539 +36.4729081 26.4349
  482 214.6323635 +36.4724524 27.6601
  483 214.6238047 +36.4726987 26.6863
  484 214.5831856 +36.4739086 24.0685
  485 214.6293488 +36.4734681 25.2135
  486 214.6260479 +36.4730594 26.0610
  487 214.6061094 +36.4728393 27.5649
  488 214.5913777 +36.4730602 25.8825
  489 214.6208752 +36.4725771 27.9576
  490 214.6651331 +36.4728358 25.1527
  491 214.5621033 +36.4730291 25.7691
  492 214.6253042 +36.4728467 27.3205
  493 214.5677491 +36.4736611 24.2903
  494 214.6393460 +36.4735034 24.5823
  495 214.5931373 +36.4730100 27.7811
  496 214.6096889 +36.4728500 27.9832
  497 214.6244648 +36.4739174 24.0541
  498 214.6032486 +36.4736364 25.3991
  499 214.6029166 +36.4730373 27.2711
  500 214.5946343 +36.4763022 24.6208
  501 214.5663604 +36.4729545 27.8967
  502 214.6098449 +36.4739462 24.9262
  503 214.6382093 +36.4738430 24.7790
  504 214.6104705 +36.4732637 27.2924
  505 214.6612526 +36.4747034 23.3701
  506 214.6373420 +36.4737625 25.4068
  507 214.6099630 +36.4744445 23.7662
  508 214.6334053 +36.4750081 26.8607
  509 214.5553478 +36.4742020 24.7344
  510 214.5517612 +36.4734576 26.9842
  511 214.6549698 +36.4748213 23.4777
  512 214.6101818 +36.4741043 25.0405
  513 214.5928013 +36.4738344 25.6288
  514 214.6481942 +36.4736677 26.8917
  515 214.6579935 +36.4772347 22.4843
  516 214.6121801 +36.4768879 22.4802
  517 214.5794663 +36.4736905 27.1496
  518 214.6439104 +36.4786824 22.7134
  519 214.5635022 +36.4744535 24.3993
  520 214.5902361 +36.4736144 27.7101
  521 214.6373576 +36.4742759 25.4504
  522 214.6626395 +36.4736622 27.8888
  523 214.6438310 +36.4745885 25.5047
  524 214.5537257 +36.4742424 26.6031
  525 214.6118831 +36.4741959 26.4078
  526 214.6078061 +36.4754808 22.6866
  527 214.5866949 +36.4745012 25.6740
  528 214.5685448 +36.4742360 27.2875
  529 214.6061414 +36.4765751 22.9719
  530 214.5602234 +36.4748561 25.8814
  531 214.6435111 +36.4750844 24.2952
  532 214.6207929 +36.4746774 25.6863
  533 214.6067456 +36.4750423 24.8533
  534 214.6050212 +36.4744116 26.8106
  535 214.6352171 +36.4757207 24.7672
  536 214.6134621 +36.4746896 25.8314
  537 214.5668500 +36.4747809 26.5339
  538 214.6509534 +36.4752765 24.4654
  539 214.5904901 +36.4753245 24.0678
  540 214.5911628 +36.4750387 25.3116
  541 214.5809681 +36.4760197 23.1106
  542 214.6009623 +36.4747246 26.7605
  543 214.6327695 +36.4751700 25.4577
  544 214.6202210 +36.4751623 25.4599
  545 214.6175322 +36.4745319 28.8991
  546 214.5605610 +36.4751890 25.9916
  547 214.5589643 +36.4753928 25.3050
  548 214.5786465 +36.4748327 27.3574
  549 214.6182500 +36.4749695 27.1772
  550 214.5582256 +36.4750695 27.4419
  551 214.6002692 +36.4766772 24.3020
  552 214.5732608 +36.4755604 25.5162
  553 214.6297616 +36.4751787 26.5941
  554 214.5638825 +36.4763704 23.9570
  555 214.6036493 +36.4753036 26.6513
  556 214.6179518 +36.4762496 23.5514
  557 214.5857820 +36.4762810 23.6869
  558 214.5596942 +36.4764590 24.8475
  559 214.6413721 +36.4761046 24.4681
  560 214.6085798 +36.4764576 23.4335
  561 214.6516394 +36.4759523 26.0141
  562 214.6032803 +36.4765742 24.2497
  563 214.6236001 +36.4758860 26.0314
  564 214.6299402 +36.4756917 26.0661
  565 214.6124537 +36.4762040 25.4058
  566 214.6471196 +36.4768963 23.5266
  567 214.6271900 +36.4790072 20.6753
  568 214.6172565 +36.4765463 24.1244
  569 214.6278334 +36.4758856 27.8425
  570 214.6606380 +36.4764130 24.8076
  571 214.6369359 +36.4757026 27.9111
  572 214.6342050 +36.4760592 26.0112
  573 214.6227769 +36.4767621 25.2841
  574 214.5648288 +36.4763811 25.1258
  575 214.6162423 +36.4760245 27.3834
  576 214.5974247 +36.4762353 25.8801
  577 214.6597657 +36.4782428 23.5216
  578 214.5995351 +36.4763698 26.0094
  579 214.5868492 +36.4761914 27.2548
  580 214.5574973 +36.4768258 26.1171
  581 214.6027815 +36.4793752 23.0838
  582 214.6534424 +36.4777784 23.5860
  583 214.5880254 +36.4774468 22.9901
  584 214.5901484 +36.4766330 26.1800
  585 214.6000784 +36.4799969 22.5368
  586 214.6025246 +36.4777829 23.3843
  587 214.5571859 +36.4764935 26.7790
  588 214.6020471 +36.4801530 22.8440
  589 214.6444360 +36.4773212 24.7128
  590 214.6232149 +36.4770200 25.7440
  591 214.5548928 +36.4766504 26.6573
  592 214.6455634 +36.4790524 21.4188
  593 214.5773701 +36.4766110 26.8649
  594 214.5885167 +36.4784753 22.0371
  595 214.6062649 +36.4771289 24.9911
  596 214.5657394 +36.4775980 24.5622
  597 214.6579513 +36.4784360 23.6637
  598 214.6617540 +36.4770736 26.1580
  599 214.5855251 +36.4780553 23.8624
  600 214.5967914 +36.4772177 25.8352
  601 214.5789593 +36.4768454 27.0377
  602 214.5813239 +36.4777707 23.9474
  603 214.6047736 +36.4793885 23.1883
  604 214.5891497 +36.4777040 24.9910
  605 214.6082149 +36.4775429 25.3988
  606 214.6524699 +36.4772594 26.3655
  607 214.6196584 +36.4769135 27.1381
  608 214.5908163 +36.4778258 24.5293
  609 214.5981084 +36.4771392 27.7403
  610 214.6254635 +36.4771349 27.1996
  611 214.6540865 +36.4787151 23.2717
  612 214.5807474 +36.4777039 25.3440
  613 214.5963293 +36.4774805 26.2921
  614 214.6563947 +36.4791840 23.3937
  615 214.6333394 +36.4773843 27.0248
  616 214.6405112 +36.4773098 27.9380
  617 214.6310821 +36.4831080 19.9207
  618 214.6045558 +36.4775130 27.0365
  619 214.6195853 +36.4781264 24.6002
  620 214.5996504 +36.4774878 27.1115
  621 214.5834115 +36.4784593 24.1235
  622 214.6333534 +36.4779855 25.9780
  623 214.5967966 +36.4795819 23.9026
  624 214.6110630 +36.4798013 24.5159
  625 214.5928264 +36.4794741 23.8996
  626 214.5584317 +36.4785419 24.5304
  627 214.6425195 +36.4781156 25.8500
  628 214.6040755 +36.4788922 24.7700
  629 214.6061780 +36.4799766 22.9621
  630 214.5843939 +36.4802846 22.2505
  631 214.6550930 +36.4779840 27.3617
  632 214.5974306 +36.4782859 25.7987
  633 214.5650007 +36.4787796 24.0543
  634 214.6209715 +36.4826386 20.8770
  635 214.5978490 +36.4802769 23.5315
  636 214.6000122 +36.4780509 26.0902
  637 214.5974769 +36.4795041 24.0434
  638 214.5574141 +36.4779464 26.9801
  639 214.5956054 +36.4784312 25.1108
  640 214.5986376 +36.4782264 25.7169
  641 214.6380288 +36.4781786 26.0677
  642 214.6323170 +36.4780400 27.7040
  643 214.5614413 +36.4791088 23.8964
  644 214.6201829 +36.4784610 25.7989
  645 214.6218487 +36.4786574 25.1821
  646 214.6425566 +36.4787233 25.6540
  647 214.6073390 +36.4937590 16.1887
  648 214.6298304 +36.4785150 26.6589
  649 214.6510798 +36.4789541 25.7374
  650 214.6245144 +36.4788455 25.2579
  651 214.5555664 +36.4782659 27.8173
  652 214.6235728 +36.4799420 23.6788
  653 214.6589163 +36.4790457 25.3548
  654 214.5676914 +36.4785815 26.8140
  655 214.5765915 +36.4783185 28.6087
  656 214.6228373 +36.4786319 27.7099
  657 214.5787125 +36.4789834 25.7257
  658 214.5665427 +36.4793901 25.1401
  659 214.5689015 +36.4790987 25.7961
  660 214.6140533 +36.4789305 26.2551
  661 214.6490113 +36.4784348 28.5565
  662 214.5991064 +36.4803213 24.5860
  663 214.6634625 +36.4793321 25.6460
  664 214.6502194 +36.4808539 20.9669
  665 214.5511683 +36.4803914 22.6047
  666 214.6289232 +36.4789243 26.9230
  667 214.6156946 +36.4787733 27.7853
  668 214.5580828 +36.4791118 26.9662
  669 214.6557955 +36.4797306 25.0482
  670 214.6081630 +36.4796955 24.7938
  671 214.6379245 +36.4795047 25.4539
  672 214.5774855 +36.4788555 28.2247
  673 214.5906296 +36.4793989 26.1225
  674 214.6344807 +36.4793851 25.5024
  675 214.6295912 +36.4793960 26.2787
  676 214.5815358 +36.4795871 25.7671
  677 214.5855171 +36.4799397 24.3869
  678 214.5884981 +36.4809300 23.8604
  679 214.6296676 +36.4805609 23.9783
  680 214.6055455 +36.4793201 25.7694
  681 214.6053433 +36.4805029 24.4035
  682 214.6066056 +36.4791753 27.0531
  683 214.6358041 +36.4813495 22.9504
  684 214.6088331 +36.4795378 26.5325
  685 214.6021316 +36.4795422 25.0787
  686 214.5631952 +36.4802610 24.2199
  687 214.6451843 +36.4800121 25.1534
  688 214.6163698 +36.4796949 25.5318
  689 214.6003844 +36.4812132 24.1766
  690 214.5837910 +36.4805842 23.9920
  691 214.6245370 +36.4802324 25.0570
  692 214.6256830 +36.4797536 26.6209
  693 214.5540587 +36.4807289 24.0813
  694 214.5963459 +36.4805417 25.5317
  695 214.5715377 +36.4795496 28.0119
  696 214.6547821 +36.4806573 24.2526
  697 214.5753915 +36.4803991 24.7684
  698 214.6155999 +36.4798618 27.2038
  699 214.6368943 +36.4805336 24.9765
  700 214.6284105 +36.4807633 24.9441
  701 214.5822984 +36.4806774 24.7025
  702 214.6269228 +36.4811242 23.9205
  703 214.6115257 +36.4798197 27.1538
  704 214.6004472 +36.4807070 26.1832
  705 214.6289064 +36.4801222 27.1000
  706 214.6087513 +36.4810458 24.1877
  707 214.6250050 +36.4816464 22.6555
  708 214.6113019 +36.4803817 26.7555
  709 214.5585903 +36.4804709 25.8755
  710 214.6217687 +36.4804995 25.9684
  711 214.5752767 +36.4811099 24.1336
  712 214.6043380 +36.4808571 25.0699
  713 214.6084639 +36.4804202 26.4622
  714 214.6067267 +36.4809564 24.6908
  715 214.6250794 +36.4825219 22.2796
  716 214.6202061 +36.4808832 25.0054
  717 214.5759065 +36.4806775 25.7958
  718 214.6143960 +36.4804282 27.2841
  719 214.5661564 +36.4801916 27.9491
  720 214.5711140 +36.4813135 24.7791
  721 214.5681138 +36.4811267 24.6293
  722 214.6285510 +36.4812574 25.0317
  723 214.6149591 +36.4811880 24.5631
  724 214.5980148 +36.4814282 25.0720
  725 214.5945932 +36.4809659 25.6258
  726 214.6145714 +36.4810029 24.8553
  727 214.5995597 +36.4817669 24.8214
  728 214.6047414 +36.4806133 27.3169
  729 214.5613529 +36.4808126 26.8054
  730 214.5874330 +36.4819956 23.2107
  731 214.5988742 +36.4813414 25.4351
  732 214.6069231 +36.4806657 27.3150
  733 214.5888235 +36.4812803 25.8832
  734 214.6460607 +36.4818682 24.0993
  735 214.6078322 +36.4819623 24.6673
  736 214.6071697 +36.4809729 27.4120
  737 214.5773558 +36.4821935 23.9181
  738 214.5927790 +36.4821100 23.9312
  739 214.6028227 +36.4813131 26.4530
  740 214.5580482 +36.4811570 26.9697
  741 214.5913849 +36.4816007 25.2841
  742 214.6348246 +36.4918199 22.3516
  743 214.5843251 +36.4828810 22.5807
  744 214.6475566 +36.4830368 23.4995
  745 214.5809358 +36.4814266 26.9203
  746 214.5587316 +36.4813825 27.6226
  747 214.5518655 +36.4827226 23.3631
  748 214.6670354 +36.4904921 23.0086
  749 214.5980382 +36.4820798 25.0883
  750 214.6088412 +36.4819105 25.3879
  751 214.6554076 +36.4825769 23.9094
  752 214.6052276 +36.4827123 24.2257
  753 214.6279116 +36.4820249 25.4766
  754 214.5526994 +36.4814692 28.4291
  755 214.5861985 +36.4824817 24.6917
  756 214.6016926 +36.4822204 25.3905
  757 214.6338783 +36.4905881 22.2435
  758 214.6626299 +36.4826029 24.9110
  759 214.6408989 +36.4825095 24.2254
  760 214.5942027 +36.4820745 26.9765
  761 214.5712513 +36.4828531 25.6868
  762 214.5698836 +36.4823904 25.1579
  763 214.6116349 +36.4820244 26.5672
  764 214.6054731 +36.4817972 26.5664
  765 214.6498523 +36.4824756 25.3506
  766 214.6266379 +36.4822723 25.6343
  767 214.6163878 +36.4819422 26.6835
  768 214.6226396 +36.4845182 21.8090
  769 214.6124633 +36.4823710 26.2606
  770 214.5797459 +36.4827786 25.0395
  771 214.5950820 +36.4825689 26.1686
  772 214.6488248 +36.4824372 26.7998
  773 214.6538470 +36.4834758 23.0544
  774 214.5748393 +36.4829261 24.2665
  775 214.6508857 +36.4821573 26.9467
  776 214.6050684 +36.4819314 28.5281
  777 214.5678178 +36.4831574 24.1638
  778 214.6167264 +36.4828606 25.1087
  779 214.5828972 +36.4828750 24.4983
  780 214.6130951 +36.4828036 25.4453
  781 214.5998236 +36.4822222 27.4037
  782 214.5755136 +36.4820987 27.8390
  783 214.6065699 +36.4836307 24.1950
  784 214.5959747 +36.4840580 24.0869
  785 214.5805225 +36.4834423 24.1866
  786 214.6123610 +36.4832807 24.2152
  787 214.5980664 +36.4831725 24.9985
  788 214.5954000 +36.4823697 27.0831
  789 214.6135087 +36.4823833 27.6218
  790 214.6582252 +36.4847878 21.9791
  791 214.6491926 +36.4832946 24.4000
  792 214.5646719 +36.4825141 27.1535
  793 214.5640858 +36.4830593 25.7046
  794 214.5949337 +36.4829901 25.8480
  795 214.5716424 +36.4838138 23.8592
  796 214.5905714 +36.4833196 24.9696
  797 214.5540642 +36.4826768 27.2094
  798 214.5958193 +36.4825204 27.6265
  799 214.6331973 +36.4864879 22.5617
  800 214.5633844 +36.4838549 24.7787
  801 214.6281292 +36.4829023 26.2165
  802 214.6542980 +36.4845380 23.8242
  803 214.5937988 +36.4826487 27.9311
  804 214.6193789 +36.4905914 22.3366
  805 214.6134669 +36.4836510 24.5346
  806 214.6070560 +36.4827381 27.4573
  807 214.6158209 +36.4828245 26.8946
  808 214.6589493 +36.4835053 25.6339
  809 214.5922798 +36.4830457 26.8357
  810 214.6421697 +36.4839337 24.2570
  811 214.6165172 +36.4830430 27.0807
  812 214.5701964 +36.4832262 27.0492
  813 214.6634975 +36.4835361 25.8092
  814 214.5872483 +36.4842315 23.9535
  815 214.5881427 +36.4836973 25.9679
  816 214.5931400 +36.4836271 25.0434
  817 214.5721962 +36.4843042 24.1977
  818 214.6368907 +36.4838647 25.5110
  819 214.5967885 +36.4837298 26.5288
  820 214.6374146 +36.4843842 25.3127
  821 214.6284762 +36.4842788 24.7258
  822 214.6527210 +36.4839036 25.4862
  823 214.6015978 +36.4833736 27.5133
  824 214.5670497 +36.4843793 24.3731
  825 214.5758166 +36.4839999 25.2612
  826 214.5811915 +36.4864574 24.3031
  827 214.5966302 +36.4844680 24.4810
  828 214.6096873 +36.4840678 25.0767
  829 214.6037121 +36.4839460 25.3783
  830 214.6323236 +36.4845268 24.5128
  831 214.6049828 +36.4841998 26.0133
  832 214.6117674 +36.4838441 26.7514
  833 214.6436106 +36.4837719 27.2571
  834 214.6261015 +36.4841530 25.2779
  835 214.5927014 +36.4841478 26.3824
  836 214.6641559 +36.4836948 26.7976
  837 214.5944802 +36.4841368 25.5502
  838 214.5988048 +36.4835141 27.7070
  839 214.5928334 +36.4837496 26.4444
  840 214.5850449 +36.4846955 24.3900
  841 214.6131976 +36.4838224 26.6001
  842 214.5618477 +36.4846032 24.6976
  843 214.6004476 +36.4842497 25.3874
  844 214.6435440 +36.4848222 24.0606
  845 214.5574232 +36.4848201 24.2701
  846 214.5749877 +36.4842755 26.2327
  847 214.6599583 +36.4844598 25.2430
  848 214.6148091 +36.4854302 24.6853
  849 214.6006973 +36.4854324 23.9862
  850 214.6275596 +36.4847331 25.0783
  851 214.5848619 +36.5023800 20.2380
  852 214.6201048 +36.4846584 24.6282
  853 214.6190682 +36.4839433 27.8422
  854 214.5985001 +36.4840140 27.9026
  855 214.6359008 +36.4843128 27.0627
  856 214.6350151 +36.4848771 24.9735
  857 214.5904894 +36.4847718 25.7274
  858 214.5843543 +36.4846694 26.2315
  859 214.5532473 +36.4845053 26.7683
  860 214.5816744 +36.4891291 21.0243
  861 214.5933524 +36.4938378 22.1188
  862 214.6547054 +36.4850036 24.7250
  863 214.6056981 +36.4848741 25.7011
  864 214.5849805 +36.4855003 24.0765
  865 214.5925073 +36.4851531 25.2442
  866 214.6118843 +36.4848738 25.3150
  867 214.5922327 +36.4842376 28.0755
  868 214.5991067 +36.4858697 23.6735
  869 214.5915099 +36.4845172 26.7797
  870 214.5650911 +36.4847272 26.7003
  871 214.5758124 +36.4846460 27.0911
  872 214.6101400 +36.4890934 15.8991
  873 214.6322331 +36.4852340 25.8186
  874 214.6009202 +36.4857241 24.0950
  875 214.6449212 +36.4848099 27.0394
  876 214.5966841 +36.4942686 22.5309
  877 214.5906873 +36.4928948 22.0737
  878 214.6039746 +36.4850786 26.6558
  879 214.5711641 +36.4849023 27.1770
  880 214.5972975 +36.4848505 26.0955
  881 214.5979717 +36.4863616 24.0311
  882 214.5938641 +36.4853899 24.9904
  883 214.6449750 +36.4859571 23.9194
  884 214.5916078 +36.4858831 24.8611
  885 214.5688022 +36.4847375 29.1657
  886 214.6294072 +36.4860495 24.1572
  887 214.5782374 +36.4859709 24.4872
  888 214.6200156 +36.4856116 24.7002
  889 214.6420280 +36.4854204 25.9008
  890 214.6034309 +36.4853061 26.7805
  891 214.5538458 +36.4850579 27.5208
  892 214.6439477 +36.4858685 24.5204
  893 214.5695380 +36.4915022 19.6592
  894 214.5772076 +36.4883043 24.2234
  895 214.5864898 +36.4857824 25.1669
  896 214.5885530 +36.4861154 24.1591
  897 214.6270885 +36.4860618 24.9780
  898 214.5698503 +36.4859602 25.5086
  899 214.6059207 +36.4858240 25.0580
  900 214.5969569 +36.4854322 26.3303
  901 214.5920677 +36.4862698 25.0963
  902 214.6120335 +36.4859777 24.8966
  903 214.5844677 +36.4859290 26.3686
  904 214.5957870 +36.4864463 24.5188
  905 214.5920538 +36.4858791 26.0802
  906 214.6011249 +36.4867286 24.2649
  907 214.5929844 +36.4859303 26.3608
  908 214.5726853 +36.4858033 26.4773
  909 214.6115319 +36.4853940 28.2900
  910 214.6124712 +36.4858346 26.4949
  911 214.5831147 +36.4867835 24.6219
  912 214.6212561 +36.4867373 22.7542
  913 214.6001990 +36.4863304 25.1548
  914 214.6192975 +36.4859252 26.4800
  915 214.6026133 +36.4855329 28.5509
  916 214.5815238 +36.4868539 24.5237
  917 214.6053865 +36.4859651 26.2083
  918 214.5954614 +36.4862193 26.2973
  919 214.5853221 +36.4867881 24.9596
  920 214.6373184 +36.4865839 24.7298
  921 214.5975562 +36.4860503 25.7725
  922 214.6146194 +36.4860865 26.7105
  923 214.6591137 +36.4867917 24.9736
  924 214.5934730 +36.4859649 27.8193
  925 214.6225184 +36.4863309 26.5378
  926 214.5788919 +36.4862278 26.6491
  927 214.5706956 +36.4872271 24.2323
  928 214.5544029 +36.4869177 25.3192
  929 214.6316780 +36.4870898 24.3440
  930 214.5834710 +36.4862690 26.9877
  931 214.5739590 +36.4861662 28.1247
  932 214.5703953 +36.4861521 27.3478
  933 214.5803598 +36.4891708 23.6404
  934 214.5848661 +36.4869238 25.4703
  935 214.5867932 +36.4879968 23.2148
  936 214.6033139 +36.4868178 24.5874
  937 214.5719965 +36.4863542 27.7295
  938 214.5532307 +36.4863426 27.5870
  939 214.6015472 +36.4861925 27.6412
  940 214.5583580 +36.4868961 26.0509
  941 214.5946768 +36.4872373 24.5936
  942 214.5980799 +36.4870466 25.7929
  943 214.6167044 +36.4868755 26.1079
  944 214.5948041 +36.4866839 26.5873
  945 214.5556534 +36.4869449 26.1980
  946 214.6043641 +36.4865863 28.0613
  947 214.5724936 +36.4872838 25.3793
  948 214.5965765 +36.4871029 25.9864
  949 214.6344157 +36.4928617 22.7200
  950 214.5603619 +36.4871280 25.8394
  951 214.5612976 +36.4883936 23.4520
  952 214.5961582 +36.4868665 26.4780
  953 214.5931425 +36.4872814 26.0186
  954 214.5991292 +36.4867139 27.8654
  955 214.5698246 +36.4878913 24.4440
  956 214.6202228 +36.4872370 27.1227
  957 214.5910488 +36.4869928 26.5613
  958 214.5885625 +36.4869841 26.8744
  959 214.6443020 +36.4877444 24.4246
  960 214.5508294 +36.4877697 24.6063
  961 214.6086775 +36.4869781 27.6434
  962 214.5833771 +36.4875956 26.4422
  963 214.6010414 +36.4871034 26.9880
  964 214.6158455 +36.4871191 27.9923
  965 214.6165073 +36.4870784 27.3022
  966 214.5574997 +36.4881995 24.1560
  967 214.5816577 +36.4874264 27.0462
  968 214.6084416 +36.4874744 24.4770
  969 214.5600373 +36.4892676 23.3850
  970 214.5667816 +36.4871090 28.1694
  971 214.5914537 +36.4908923 22.9571
  972 214.5591646 +36.4879653 25.0232
  973 214.5730257 +36.4877852 25.7661
  974 214.6458745 +36.4873821 27.7434
  975 214.5968418 +36.4962366 21.7815
  976 214.5835171 +36.4883405 24.4262
  977 214.5988483 +36.4877265 26.5193
  978 214.5615548 +36.4879342 25.6008
  979 214.5931579 +36.4878059 26.0117
  980 214.6571146 +36.4877889 26.4826
  981 214.5878661 +36.4877509 26.4260
  982 214.5625606 +36.4877352 26.4759
  983 214.5929693 +36.4904598 25.9204
  984 214.6597464 +36.4879302 26.6787
  985 214.6129539 +36.4879023 25.3919
  986 214.5943641 +36.4924592 23.0677
  987 214.5938743 +36.4903739 22.6715
  988 214.6216790 +36.4879558 25.6796
  989 214.6222296 +36.4877957 26.9293
  990 214.6160449 +36.4887208 24.9232
  991 214.5918362 +36.4923168 21.9585
  992 214.6005604 +36.4880962 25.6627
  993 214.6050724 +36.4878435 26.6010
  994 214.5525333 +36.4878243 28.2174
  995 214.6653160 +36.4883489 26.1944
  996 214.6634650 +36.4908460 24.1642
  997 214.6544143 +36.4879067 28.2901
  998 214.5988290 +36.4885711 25.7391
  999 214.5850720 +36.4887282 24.8236
 1000 214.6085581 +36.4881443 26.3874
 1001 214.6631609 +36.4888703 24.4389
 1002 214.6232411 +36.4882987 26.8766
 1003 214.6532405 +36.4892163 24.3171
 1004 214.6182769 +36.4884514 26.6316
 1005 214.6601613 +36.4909574 24.1788
 1006 214.6201776 +36.4881040 27.6994
 1007 214.5885057 +36.4894261 23.7258
 1008 214.5900895 +36.4885406 25.4741
 1009 214.5795964 +36.4897464 25.2978
 1010 214.6165045 +36.4887654 25.3744
 1011 214.6289692 +36.4890883 24.8846
 1012 214.6411247 +36.4894887 23.9195
 1013 214.5930894 +36.4882963 28.5318
 1014 214.5922455 +36.4886961 26.6437
 1015 214.6239656 +36.4890740 25.8758
 1016 214.5647406 +36.4894218 25.3587
 1017 214.6260789 +36.4891999 25.5513
 1018 214.6215159 +36.4892182 25.3786
 1019 214.6185472 +36.4896219 24.4874
 1020 214.6234190 +36.4896000 24.9363
 1021 214.6195010 +36.4891358 26.1105
 1022 214.5759206 +36.4892890 25.3168
 1023 214.6455372 +36.4891363 25.9296
 1024 214.6165020 +36.4900778 24.5830
 1025 214.5791923 +36.4942251 20.4171
 1026 214.5772291 +36.4893594 26.3523
 1027 214.5700809 +36.4892731 26.3030
 1028 214.5951928 +36.4909422 24.9939
 1029 214.5878385 +36.4909827 24.3790
 1030 214.5719633 +36.4893695 26.8050
 1031 214.6185072 +36.4891121 26.1633
 1032 214.6223838 +36.4890151 27.9030
 1033 214.6203053 +36.4889130 27.3223
 1034 214.5534183 +36.4902135 24.2026
 1035 214.6598062 +36.4890122 28.5658
 1036 214.5848880 +36.4897066 25.6331
 1037 214.6174905 +36.4897914 24.4893
 1038 214.6553292 +36.4903706 24.1350
 1039 214.6206578 +36.4891346 27.6583
 1040 214.5997654 +36.4892671 26.9734
 1041 214.6311131 +36.4904706 24.8894
 1042 214.5976872 +36.4900699 23.9490
 1043 214.6334152 +36.4930437 23.7528
 1044 214.6167680 +36.4898419 25.1212
 1045 214.5961934 +36.4927476 23.4112
 1046 214.5690612 +36.4899503 25.4315
 1047 214.5925461 +36.4928994 22.4463
 1048 214.6173993 +36.4909689 26.1082
 1049 214.5815124 +36.4909172 25.0701
 1050 214.5881429 +36.4895997 27.1906
 1051 214.5882811 +36.4911582 23.2887
 1052 214.5480574 +36.5239477 20.9989
 1053 214.6152393 +36.4901014 25.2297
 1054 214.6611393 +36.4901306 25.5247
 1055 214.5993130 +36.4893909 27.7427
 1056 214.6643311 +36.4912946 23.1878
 1057 214.6072863 +36.4935489 17.1203
 1058 214.5513401 +36.4900211 25.8836
 1059 214.6428226 +36.4909236 24.5158
 1060 214.6248447 +36.4896485 27.3448
 1061 214.6172030 +36.4927853 23.3498
 1062 214.5584172 +36.4936641 18.9123
 1063 214.6474456 +36.4901020 26.5102
 1064 214.6304351 +36.4899902 26.2199
 1065 214.6238877 +36.4899305 27.1479
 1066 214.5895364 +36.4911319 23.8953
 1067 214.5890836 +36.4902581 26.1164
 1068 214.6299898 +36.4910688 24.6692
 1069 214.6203304 +36.4900466 27.4238
 1070 214.5966927 +36.4929854 23.7822
 1071 214.5812783 +36.4917891 23.7699
 1072 214.5655769 +36.4905702 25.7198
 1073 214.5993363 +36.4908698 23.6334
 1074 214.6305216 +36.4905605 25.9952
 1075 214.6204653 +36.4926595 22.9290
 1076 214.5856784 +36.4908194 25.1074
 1077 214.5813137 +36.4904401 27.0393
 1078 214.5547642 +36.4911536 24.6846
 1079 214.5570485 +36.4912635 24.5610
 1080 214.5863544 +36.4902203 27.5369
 1081 214.5801506 +36.4931124 23.3019
 1082 214.5959709 +36.4908189 25.5286
 1083 214.5737350 +36.4906535 26.6391
 1084 214.6292012 +36.4905260 27.1106
 1085 214.5555313 +36.4915746 24.1183
 1086 214.5575781 +36.4907998 26.4132
 1087 214.5920887 +36.4956343 23.3273
 1088 214.5888879 +36.4904508 27.6993
 1089 214.6215846 +36.4914075 25.1452
 1090 214.5955467 +36.4904346 28.4408
 1091 214.5882776 +36.4916206 23.9226
 1092 214.5542125 +36.4914567 24.9973
 1093 214.5891926 +36.4906129 26.7648
 1094 214.5943723 +36.4914809 25.4338
 1095 214.6663056 +36.4915041 25.5620
 1096 214.5932098 +36.4906584 26.5272
 1097 214.5937984 +36.4913929 26.6005
 1098 214.6284268 +36.4913697 25.2724
 1099 214.6497358 +36.4913250 25.5989
 1100 214.6334146 +36.4943599 22.8363
 1101 214.5893935 +36.4916357 25.7179
 1102 214.6194118 +36.4967697 23.6289
 1103 214.5825324 +36.4977150 21.6944
 1104 214.5939046 +36.4911157 26.4481
 1105 214.5948256 +36.4916050 26.2080
 1106 214.5835768 +36.4919755 24.2162
 1107 214.6342553 +36.4970064 22.1156
 1108 214.6140965 +36.4919370 22.3469
 1109 214.5939508 +36.4912878 27.0368
 1110 214.6470714 +36.4918254 25.0582
 1111 214.6263202 +36.4914578 26.4064
 1112 214.6561633 +36.4918103 26.0712
 1113 214.6295892 +36.4932789 22.5103
 1114 214.6313119 +36.4916135 26.8672
 1115 214.6435997 +36.4913324 27.7307
 1116 214.5594075 +36.4924556 24.3381
 1117 214.5576073 +36.4924067 24.6279
 1118 214.5613454 +36.4925306 24.1108
 1119 214.6511499 +36.4925962 24.0750
 1120 214.5870236 +36.4914210 28.1759
 1121 214.5984803 +36.4923251 23.3972
 1122 214.6209609 +36.4917416 26.8662
 1123 214.6265839 +36.4924891 25.1164
 1124 214.6273779 +36.4915890 26.3645
 1125 214.6177832 +36.4931650 23.9757
 1126 214.5868596 +36.4925874 23.8304
 1127 214.5988840 +36.4916559 27.4550
 1128 214.5607252 +36.4915175 27.8089
 1129 214.5549497 +36.4929042 23.7270
 1130 214.6257269 +36.4923651 25.6585
 1131 214.6326094 +36.4926022 25.8640
 1132 214.6662423 +36.4918448 27.6721
 1133 214.6261447 +36.4930001 24.7580
 1134 214.6474643 +36.4925217 24.6364
 1135 214.6245722 +36.4919985 26.4227
 1136 214.6179314 +36.4939878 22.8674
 1137 214.6019434 +36.4922890 25.3779
 1138 214.6586994 +36.4921124 26.7245
 1139 214.5815629 +36.4936932 24.2245
 1140 214.6484751 +36.4925855 25.0803
 1141 214.6275996 +36.4922025 27.2434
 1142 214.6597922 +36.4937743 24.1601
 1143 214.6307526 +36.4935992 23.7080
 1144 214.6246089 +36.4925829 26.5165
 1145 214.5795217 +36.4927932 25.9031
 1146 214.6174260 +36.4943511 23.0268
 1147 214.5494010 +36.4943013 22.8053
 1148 214.6414396 +36.4932057 25.0815
 1149 214.5949860 +36.4926365 26.6680
 1150 214.6172692 +36.4951958 22.4717
 1151 214.5516537 +36.4932643 25.6391
 1152 214.5897892 +36.4935027 25.5631
 1153 214.6510907 +36.4930500 26.2793
 1154 214.6385913 +36.4929433 26.5769
 1155 214.5890832 +36.4934787 25.0227
 1156 214.6249383 +36.4934571 24.8610
 1157 214.6202477 +36.4938043 25.1104
 1158 214.6155765 +36.4984978 22.5994
 1159 214.5810983 +36.4977818 21.6038
 1160 214.5840863 +36.4930735 26.3362
 1161 214.5896348 +36.4948381 24.5574
 1162 214.5924479 +36.4969930 20.4309
 1163 214.6271192 +36.4930624 25.7675
 1164 214.6298410 +36.4940249 24.0058
 1165 214.6190235 +36.4931209 27.3385
 1166 214.5955896 +36.4950564 23.9893
 1167 214.6198330 +36.4945831 25.1798
 1168 214.6507642 +36.4935078 26.2271
 1169 214.6165675 +36.4967858 22.6972
 1170 214.5900832 +36.4939992 26.1857
 1171 214.6363212 +36.4944915 23.8173
 1172 214.5883493 +36.4941276 24.3950
 1173 214.6171273 +36.4959927 22.7408
 1174 214.6463499 +36.4933926 28.0937
 1175 214.6182100 +36.4991249 22.8450
 1176 214.6295243 +36.4943767 24.2733
 1177 214.5564937 +36.4940995 25.2834
 1178 214.5909388 +36.4937711 26.7225
 1179 214.6511953 +36.4944923 24.9068
 1180 214.6354265 +36.4955354 24.4652
 1181 214.6409283 +36.4951746 23.9523
 1182 214.5726832 +36.4950180 23.8188
 1183 214.6432041 +36.4941731 26.7736
 1184 214.6241260 +36.4947046 24.7295
 1185 214.5810100 +36.4955450 23.7355
 1186 214.5643196 +36.4942909 26.2127
 1187 214.6279058 +36.4945789 24.7000
 1188 214.6202332 +36.4945234 26.2070
 1189 214.5811599 +36.4947345 25.9848
 1190 214.6358386 +36.4948513 25.3400
 1191 214.5627852 +36.5072019 21.2981
 1192 214.6239672 +36.4943460 26.7264
 1193 214.6614389 +36.4947624 25.0840
 1194 214.6340347 +36.4950285 24.9725
 1195 214.6347434 +36.4962128 23.1835
 1196 214.5782873 +36.4957621 24.0393
 1197 214.6126824 +36.4945085 24.6768
 1198 214.5879100 +36.4940297 27.7975
 1199 214.6190254 +36.4980205 23.2535
 1200 214.6242226 +36.4993096 22.2188
 1201 214.6189725 +36.4990184 22.8341
 1202 214.6206902 +36.4943831 27.4233
 1203 214.6378433 +36.4950804 24.2783
 1204 214.6360279 +36.4975483 23.5647
 1205 214.6329338 +36.5022679 22.1969
 1206 214.6254973 +36.4944896 26.7839
 1207 214.6574437 +36.4950624 25.4052
 1208 214.6310500 +36.4953548 24.7939
 1209 214.5638913 +36.4951154 25.6231
 1210 214.6469273 +36.4958641 23.8485
 1211 214.5890536 +36.4955264 24.5930
 1212 214.6164888 +36.4958125 23.9789
 1213 214.6348442 +36.4967524 23.5162
 1214 214.6462303 +36.4964363 23.1603
 1215 214.5946958 +36.4961659 23.8795
 1216 214.5880620 +36.4948120 25.5548
 1217 214.5844838 +36.4946358 28.2544
 1218 214.6564750 +36.4956749 24.6200
 1219 214.6636002 +36.4947866 28.4163
 1220 214.6139434 +36.4955397 23.2093
 1221 214.6218980 +36.4954483 26.1426
 1222 214.6274944 +36.4951922 26.4587
 1223 214.6583335 +36.4953156 25.9082
 1224 214.5688400 +36.4960675 24.5618
 1225 214.6003658 +36.4949050 27.0015
 1226 214.6334161 +36.4978154 23.8766
 1227 214.6227535 +36.4953588 27.0560
 1228 214.6260337 +36.4955167 25.7308
 1229 214.6483649 +36.4956723 25.1101
 1230 214.6440616 +36.4956388 25.7288
 1231 214.6487818 +36.4954397 26.3383
 1232 214.5685853 +36.4996453 26.5975
 1233 214.6574176 +36.5357799 23.1998
 1234 214.6550227 +36.5360845 25.3114
 1235 214.6547089 +36.5360965 25.4151
 1236 214.6419568 +36.5361156 27.9062
 1237 214.6312988 +36.5360157 25.5723
 1238 214.5898392 +36.5357871 24.1518
 1239 214.5769620 +36.5360654 26.1736
 1240 214.5733714 +36.5359198 25.8275
 1241 214.5628192 +36.5357414 24.8315
 1242 214.5554797 +36.5351162 23.7692
 1243 214.6505303 +36.5359373 26.3292
 1244 214.6128059 +36.5358783 25.7764
 1245 214.6026250 +36.5356727 24.8393
 1246 214.6200123 +36.5347794 24.6936
 1247 214.6229458 +36.4959356 26.8293
 1248 214.6266465 +36.5295447 26.9593
 1249 214.5913180 +36.5295865 25.3146
 1250 214.5633732 +36.5303537 25.2249
 1251 214.5664710 +36.5293688 25.1920
 1252 214.5732821 +36.5295006 24.4436
 1253 214.5536733 +36.5218340 26.5745
 1254 214.5754971 +36.5294338 28.0627
 1255 214.5633187 +36.5298119 25.9677
 1256 214.6352170 +36.5356652 24.4024
 1257 214.5996927 +36.5291164 27.2893
 1258 214.6222704 +36.4957069 27.4264
 1259 214.5530545 +36.5297934 26.4581
 1260 214.5941456 +36.5290711 27.0994
 1261 214.6228297 +36.5347815 28.1915
 1262 214.6555578 +36.5350892 25.1988
 1263 214.6300887 +36.5274800 26.8637
 1264 214.6335234 +36.5293412 22.6754
 1265 214.5659153 +36.5280029 25.9413
 1266 214.6227464 +36.5270730 28.0127
 1267 214.5612955 +36.5251746 21.4635
 1268 214.6502759 +36.5285842 26.9832
 1269 214.6166207 +36.5269088 24.5963
 1270 214.6289561 +36.5271567 24.1390
 1271 214.6408690 +36.5275575 24.1173
 1272 214.5977941 +36.5275835 25.4725
 1273 214.6040267 +36.5276584 25.5829
 1274 214.5778717 +36.4991436 24.5685
 1275 214.6403717 +36.5261099 23.7467
 1276 214.5727777 +36.4995875 25.9880
 1277 214.5865672 +36.5267849 25.3408
 1278 214.5721484 +36.5241829 21.6483
 1279 214.5797970 +36.5277670 24.9356
 1280 214.6383417 +36.4980813 26.4996
 1281 214.6297156 +36.4992787 24.7967
 1282 214.5638233 +36.5271077 22.7600
 1283 214.5713372 +36.5252233 24.4974
 1284 214.6492462 +36.5266377 26.9847
 1285 214.6212697 +36.5256981 22.2108
 1286 214.5944954 +36.4996526 26.1941
 1287 214.5681726 +36.5269571 23.8860
 1288 214.5845711 +36.5325777 25.4326
 1289 214.6238837 +36.5262238 25.3760
 1290 214.5705728 +36.5001914 27.9563
 1291 214.6040266 +36.5339283 24.2223
 1292 214.6454430 +36.4997862 25.4197
 1293 214.5488522 +36.4984476 24.0399
 1294 214.6357083 +36.4980926 25.3772
 1295 214.6183536 +36.5268025 27.8069
 1296 214.6326978 +36.5259385 26.0119
 1297 214.5552668 +36.4988639 27.7338
 1298 214.6045673 +36.5266317 25.5709
 1299 214.5931780 +36.5256150 25.6536
 1300 214.6323188 +36.5258928 26.8743
 1301 214.5847234 +36.5329917 25.3763
 1302 214.5905112 +36.4986138 24.1508
 1303 214.5936027 +36.4991408 24.0923
 1304 214.5719263 +36.5254984 26.1684
 1305 214.6450570 +36.4984425 24.7645
 1306 214.5539279 +36.5277624 27.0258
 1307 214.5973746 +36.4991864 24.7769
 1308 214.5595862 +36.5257774 25.7537
 1309 214.5935207 +36.5347818 25.5043
 1310 214.5931902 +36.5002745 25.9002
 1311 214.5657958 +36.5319292 26.4444
 1312 214.6531142 +36.5262208 26.6805
 1313 214.5831637 +36.5256329 25.1740
 1314 214.6168659 +36.5316527 26.0201
 1315 214.6403953 +36.5297720 25.5184
 1316 214.6173765 +36.5263653 27.9600
 1317 214.6342078 +36.4992406 25.7496
 1318 214.5921691 +36.5259103 25.0248
 1319 214.6315250 +36.5255075 28.9440
 1320 214.5797900 +36.5245251 26.0513
 1321 214.5990890 +36.4998622 27.0625
 1322 214.6271004 +36.5355588 27.6850
 1323 214.5591120 +36.5270435 20.7778
 1324 214.6005303 +36.5007588 25.9002
 1325 214.6279529 +36.5324165 24.2238
 1326 214.6529046 +36.4980005 25.0941
 1327 214.6394223 +36.5245467 25.8443
 1328 214.5538096 +36.5252648 24.9285
 1329 214.6354678 +36.5000037 23.6009
 1330 214.5595831 +36.5254305 24.9153
 1331 214.5983285 +36.4999340 26.7406
 1332 214.6050403 +36.5002945 27.5720
 1333 214.6138203 +36.4989882 24.9044
 1334 214.5543440 +36.5005251 24.4042
 1335 214.6006487 +36.5260113 28.5352
 1336 214.6041317 +36.5230457 25.1564
 1337 214.5958417 +36.5245703 22.1014
 1338 214.6102395 +36.5234334 28.0401
 1339 214.5830940 +36.5317853 24.0718
 1340 214.6162038 +36.5002766 27.4778
 1341 214.5943290 +36.5257247 23.4422
 1342 214.5540204 +36.5244781 26.5974
 1343 214.6204489 +36.5248832 26.7053
 1344 214.6282949 +36.4996884 26.1505
 1345 214.6147679 +36.5008968 28.2463
 1346 214.6133641 +36.5023885 27.9386
 1347 214.6497144 +36.5345292 24.5722
 1348 214.5751740 +36.5023315 25.2839
 1349 214.6144633 +36.4995587 22.6171
 1350 214.6102511 +36.5225833 25.2933
 1351 214.5591931 +36.5248515 26.2308
 1352 214.5510090 +36.5242043 25.7746
 1353 214.6320633 +36.5245160 24.6087
 1354 214.5796559 +36.5336216 25.8720
 1355 214.6320111 +36.5250544 25.8221
 1356 214.5629055 +36.5241159 23.4328
 1357 214.6404264 +36.5020840 26.1722
 1358 214.6241071 +36.4983630 25.4908
 1359 214.6358269 +36.5334149 28.5704
 1360 214.6331915 +36.4987865 24.5532
 1361 214.6163123 +36.5252744 27.6398
 1362 214.6144430 +36.5039134 26.8483
 1363 214.5595097 +36.5008703 24.9439
 1364 214.6444497 +36.5018100 22.0068
 1365 214.5985885 +36.5249988 26.8369
 1366 214.6378307 +36.5244206 24.6812
 1367 214.6215984 +36.5003845 27.2733
 1368 214.6083769 +36.5238683 24.9351
 1369 214.6192375 +36.5024494 26.8117
 1370 214.5578984 +36.5236116 26.1243
 1371 214.6332875 +36.4995563 23.6405
 1372 214.5660250 +36.5021389 25.1170
 1373 214.6211378 +36.5022591 25.5221
 1374 214.6385054 +36.5178825 24.4464
 1375 214.6143928 +36.5249273 27.8529
 1376 214.6173290 +36.5243677 26.6889
 1377 214.6236232 +36.5005379 24.8554
 1378 214.6104803 +36.5049146 25.1361
 1379 214.6173522 +36.5039842 27.7843
 1380 214.5587933 +36.5041622 24.7198
 1381 214.6055962 +36.5237161 28.2050
 1382 214.5547333 +36.5232499 27.4849
 1383 214.5516067 +36.5028305 25.7887
 1384 214.6047002 +36.5246483 25.3763
 1385 214.6014553 +36.5040425 27.1669
 1386 214.6327279 +36.5239519 24.1952
 1387 214.5927597 +36.5011496 25.2489
 1388 214.5560491 +36.5242229 27.0658
 1389 214.6312674 +36.5229292 26.6966
 1390 214.5947375 +36.5022695 24.7168
 1391 214.6168442 +36.5232321 24.3330
 1392 214.6330019 +36.5237101 24.8096
 1393 214.6348618 +36.5039462 26.1396
 1394 214.6089640 +36.5012306 22.9899
 1395 214.6133953 +36.5244183 27.3797
 1396 214.6025828 +36.5040388 27.7344
 1397 214.6645705 +36.5228498 25.7154
 1398 214.5915033 +36.5243170 26.8399
 1399 214.5672145 +36.5235256 25.1100
 1400 214.6044992 +36.5018279 21.7267
 1401 214.6071630 +36.5227544 23.6838
 1402 214.6165152 +36.5019715 26.0041
 1403 214.5795960 +36.5230671 24.5195
 1404 214.5711128 +36.5181874 24.1258
 1405 214.5873392 +36.5242655 26.0757
 1406 214.5878456 +36.5024422 18.3501
 1407 214.6213386 +36.5053429 24.7704
 1408 214.6307618 +36.5051591 22.7105
 1409 214.6039999 +36.5057642 26.0569
 1410 214.5600054 +36.5215596 23.7599
 1411 214.6575059 +36.5038269 24.5080
 1412 214.6025977 +36.5050739 24.4229
 1413 214.5848788 +36.5235043 23.6954
 1414 214.6479919 +36.5218253 25.0412
 1415 214.5797835 +36.5049110 25.8678
 1416 214.6491474 +36.5224774 26.7662
 1417 214.5864265 +36.5216500 23.5975
 1418 214.5633228 +36.5048860 25.8897
 1419 214.5585937 +36.5230108 23.3628
 1420 214.5661308 +36.5220265 28.4449
 1421 214.6199865 +36.5232527 23.5353
 1422 214.5716406 +36.5058395 28.3287
 1423 214.5977322 +36.5056074 26.4476
 1424 214.5586028 +36.5052180 26.8070
 1425 214.5686154 +36.5055669 25.8361
 1426 214.6031780 +36.5061912 27.1017
 1427 214.6323611 +36.5227871 27.8516
 1428 214.6159457 +36.5067805 24.3453
 1429 214.6105607 +36.5072661 26.8736
 1430 214.5954611 +36.5219977 25.7981
 1431 214.6120567 +36.5009043 27.0744
 1432 214.6381146 +36.5222172 24.2893
 1433 214.5726045 +36.5043665 24.0614
 1434 214.6498897 +36.5233296 24.1665
 1435 214.5860479 +36.5222616 22.8324
 1436 214.5814665 +36.5060769 26.6175
 1437 214.6146608 +36.5222646 25.2434
 1438 214.6269153 +36.5226756 19.2956
 1439 214.6486380 +36.5226538 27.6005
 1440 214.5504801 +36.5060525 29.0544
 1441 214.5835973 +36.5242543 22.4486
 1442 214.6251104 +36.5043656 23.8783
 1443 214.6141872 +36.5226245 25.7319
 1444 214.6120955 +36.5058454 25.9510
 1445 214.5934985 +36.5063196 27.0779
 1446 214.5931791 +36.5051069 21.3014
 1447 214.6148139 +36.5229168 24.6275
 1448 214.5892222 +36.5059858 25.5727
 1449 214.6347672 +36.5225505 26.0456
 1450 214.5642229 +36.5059575 26.5781
 1451 214.6206366 +36.5215912 25.0315
 1452 214.6301378 +36.5210231 23.8151
 1453 214.5962747 +36.5214966 26.4793
 1454 214.5743138 +36.5056977 24.6776
 1455 214.5756419 +36.5228321 26.7308
 1456 214.6196554 +36.5087958 27.0561
 1457 214.5748341 +36.5219920 23.8995
 1458 214.5713045 +36.5226328 25.1583
 1459 214.6454103 +36.5058797 25.0454
 1460 214.6195766 +36.5223593 24.6618
 1461 214.5813480 +36.5213238 24.2549
 1462 214.6001541 +36.5227320 24.5498
 1463 214.6211269 +36.5062902 26.1541
 1464 214.6043496 +36.5059786 26.9364
 1465 214.6429216 +36.5059129 27.3504
 1466 214.5702411 +36.5221096 23.2047
 1467 214.6090808 +36.5088442 28.0762
 1468 214.6595532 +36.5216960 26.0473
 1469 214.5559350 +36.5199720 26.0779
 1470 214.5941349 +36.5201854 23.4332
 1471 214.6525189 +36.5209984 25.3347
 1472 214.6543765 +36.5065524 26.7088
 1473 214.6261727 +36.5211055 24.3576
 1474 214.6248847 +36.5060217 25.0860
 1475 214.5601908 +36.5210075 25.6821
 1476 214.6030361 +36.5216199 24.1467
 1477 214.6166366 +36.5209276 22.2910
 1478 214.6429940 +36.5200534 24.6252
 1479 214.6408097 +36.5209968 25.3287
 1480 214.6547674 +36.5202922 23.6412
 1481 214.5798959 +36.5201317 23.5833
 1482 214.6346775 +36.5058588 20.3449
 1483 214.6037620 +36.5210212 26.4797
 1484 214.6324265 +36.5059438 22.4220
 1485 214.6439134 +36.5209469 27.9654
 1486 214.5651611 +36.5061208 24.5936
 1487 214.6449656 +36.5193305 24.6002
 1488 214.6096234 +36.5062398 28.6738
 1489 214.6058024 +36.5349056 24.6359
 1490 214.5847909 +36.5213387 25.7252
 1491 214.6118333 +36.5210844 26.2183
 1492 214.5752021 +36.5201886 25.7351
 1493 214.6116180 +36.5216258 26.7247
 1494 214.6320341 +36.5200601 19.9212
 1495 214.6293204 +36.5210251 22.9930
 1496 214.5832534 +36.5203081 25.5574
 1497 214.5495644 +36.5199792 25.2711
 1498 214.6617979 +36.5198661 26.7971
 1499 214.6603127 +36.5200713 23.8102
 1500 214.6121604 +36.5184447 23.9641
 1501 214.6141812 +36.5067764 25.1058
 1502 214.6337770 +36.5063774 24.4406
 1503 214.6064705 +36.5073209 28.2568
 1504 214.6058776 +36.5207256 24.1044
 1505 214.6172857 +36.5173903 24.0972
 1506 214.5539578 +36.5197523 25.9065
 1507 214.5524322 +36.5180516 24.5161
 1508 214.5927500 +36.5192875 26.8346
 1509 214.6372277 +36.5168006 23.8654
 1510 214.5825479 +36.5207858 27.3593
 1511 214.5806997 +36.5067809 24.7924
 1512 214.5728015 +36.5085477 27.0616
 1513 214.6365978 +36.5209563 25.9027
 1514 214.6116346 +36.5071894 27.2450
 1515 214.6007491 +36.5168027 27.3317
 1516 214.5788132 +36.5202190 26.1752
 1517 214.6233962 +36.5198875 25.1962
 1518 214.6226039 +36.5202110 27.7017
 1519 214.6502529 +36.5070738 24.7932
 1520 214.5856653 +36.5202488 25.8471
 1521 214.6181160 +36.5088408 27.8914
 1522 214.6088872 +36.5074200 25.9138
 1523 214.5676374 +36.5203697 26.1730
 1524 214.5886288 +36.5187133 27.0799
 1525 214.6204908 +36.5062769 25.7813
 1526 214.5615782 +36.5205856 24.6518
 1527 214.5915068 +36.5181000 24.5031
 1528 214.5757370 +36.5068966 24.2140
 1529 214.6439259 +36.5191419 26.2194
 1530 214.6553242 +36.5194799 25.6291
 1531 214.5980479 +36.5195847 28.3444
 1532 214.6020408 +36.5102821 25.8103
 1533 214.5830902 +36.5180568 24.8644
 1534 214.5817563 +36.5068700 25.7927
 1535 214.6556560 +36.5164302 27.7867
 1536 214.5606865 +36.5099704 26.8823
 1537 214.5941930 +36.5190145 24.1289
 1538 214.6293799 +36.5168997 23.4847
 1539 214.5920761 +36.5170928 26.3219
 1540 214.5806383 +36.5087831 26.4893
 1541 214.5985575 +36.5201170 26.4692
 1542 214.6574318 +36.5192764 25.3494
 1543 214.5514739 +36.5173374 22.3092
 1544 214.5900195 +36.5192698 26.7812
 1545 214.6056663 +36.5195331 24.0474
 1546 214.6165534 +36.5193416 26.3307
 1547 214.5950969 +36.5190158 23.8115
 1548 214.6138307 +36.5346492 25.6486
 1549 214.6507604 +36.5182617 26.1401
 1550 214.6264485 +36.5189840 26.8044
 1551 214.5960574 +36.5202058 26.2425
 1552 214.5934799 +36.5196199 27.2532
 1553 214.6134973 +36.5070338 25.5764
 1554 214.6293090 +36.5186373 24.4919
 1555 214.5627390 +36.5190890 26.0419
 1556 214.6139857 +36.5205348 28.2437
 1557 214.6077658 +36.5186130 29.0404
 1558 214.5730840 +36.5185845 23.2915
 1559 214.6528024 +36.5141805 24.5945
 1560 214.6023655 +36.5177258 25.6485
 1561 214.5671162 +36.5187457 26.4644
 1562 214.6115981 +36.5195065 27.5917
 1563 214.5597950 +36.5202172 23.5417
 1564 214.5637254 +36.5165290 22.2797
 1565 214.5942805 +36.5182542 25.1675
 1566 214.5909705 +36.5188822 26.6833
 1567 214.5777622 +36.5183902 28.4730
 1568 214.6589684 +36.5187931 25.7582
 1569 214.5655549 +36.5190491 23.5267
 1570 214.5983682 +36.5165854 26.6716
 1571 214.6440206 +36.5140995 25.5507
 1572 214.6352912 +36.5182131 26.3187
 1573 214.5807304 +36.5185909 24.6851
 1574 214.6586137 +36.5088492 27.7934
 1575 214.5757041 +36.5098845 26.7914
 1576 214.6169269 +36.5190217 26.6794
 1577 214.6281216 +36.5099861 26.8466
 1578 214.6524660 +36.5186396 25.2107
 1579 214.5653955 +36.5170473 24.3601
 1580 214.6289964 +36.5096879 23.1058
 1581 214.5995940 +36.5191031 25.7614
 1582 214.5678429 +36.5186372 23.6042
 1583 214.6455665 +36.5187483 26.2971
 1584 214.5589326 +36.5177321 24.1120
 1585 214.6406102 +36.5186308 26.7046
 1586 214.5758370 +36.5175350 23.6447
 1587 214.6490564 +36.5169521 24.3686
 1588 214.6550666 +36.5097629 24.4591
 1589 214.6232481 +36.5167941 25.3800
 1590 214.5630886 +36.5094118 27.1719
 1591 214.6449304 +36.5099816 26.3970
 1592 214.6004600 +36.5185830 25.7759
 1593 214.6555183 +36.5095615 23.1911
 1594 214.5727681 +36.5175477 25.7356
 1595 214.5971572 +36.5174757 27.3046
 1596 214.6403444 +36.5177484 25.1154
 1597 214.6507446 +36.5203332 29.0932
 1598 214.5820559 +36.5174446 26.6684
 1599 214.5730836 +36.5106319 27.9953
 1600 214.5986984 +36.5171205 25.6946
 1601 214.5782082 +36.5168477 26.9726
 1602 214.6295286 +36.5098400 22.9455
 1603 214.6388851 +36.5172966 22.9747
 1604 214.6181609 +36.5175887 24.6934
 1605 214.5754390 +36.5179480 25.2949
 1606 214.5844937 +36.5177668 27.1121
 1607 214.6486974 +36.5179068 26.4779
 1608 214.6461499 +36.5174044 26.7912
 1609 214.6032304 +36.5104572 26.4195
 1610 214.5667663 +36.5177457 25.6096
 1611 214.5499776 +36.5109481 25.7930
 1612 214.6500415 +36.5149102 27.2195
 1613 214.5855273 +36.5098977 25.7038
 1614 214.6050936 +36.5101217 23.8876
 1615 214.6292690 +36.5103009 23.5152
 1616 214.5872553 +36.5162667 26.9231
 1617 214.5861827 +36.5178283 29.0372
 1618 214.5671743 +36.5170445 25.9783
 1619 214.6570462 +36.5164544 24.7141
 1620 214.5776610 +36.5155089 24.6634
 1621 214.6244063 +36.5166578 24.4017
 1622 214.5909832 +36.5169572 25.5705
 1623 214.6019239 +36.5120048 24.8068
 1624 214.5785519 +36.5157083 24.4363
 1625 214.5959929 +36.5155087 22.5955
 1626 214.5662374 +36.5105893 22.8545
 1627 214.6310895 +36.5170150 26.6397
 1628 214.6399112 +36.5159528 22.5827
 1629 214.6149953 +36.5158449 28.0225
 1630 214.6459855 +36.5157134 23.2687
 1631 214.5739423 +36.5150851 25.8192
 1632 214.6079802 +36.5148217 24.2158
 1633 214.6212467 +36.5164691 21.7112
 1634 214.6168150 +36.5163084 24.8669
 1635 214.5808507 +36.5114869 25.2945
 1636 214.5995709 +36.5164814 24.4396
 1637 214.6367498 +36.5136321 25.5508
 1638 214.6532081 +36.5165055 25.0315
 1639 214.6139573 +36.5153246 27.9860
 1640 214.6093364 +36.5158374 26.1688
 1641 214.5551404 +36.5158238 24.0015
 1642 214.5564174 +36.5116166 24.4421
 1643 214.6223956 +36.5156919 25.1803
 1644 214.6359898 +36.5162776 27.9111
 1645 214.5866715 +36.5158084 25.5474
 1646 214.5853065 +36.5159562 26.6179
 1647 214.5580481 +36.5158615 26.2145
 1648 214.5829634 +36.5102758 25.0595
 1649 214.6023850 +36.5163933 26.8451
 1650 214.6457496 +36.5146552 25.3662
 1651 214.6131804 +36.5161252 26.7296
 1652 214.6114797 +36.5163458 25.5678
 1653 214.6323439 +36.5155845 26.8997
 1654 214.5573408 +36.5153991 26.4432
 1655 214.6225251 +36.5160422 25.1299
 1656 214.6102686 +36.5172755 25.3548
 1657 214.6040201 +36.5148807 22.8534
 1658 214.6143162 +36.5161859 26.6594
 1659 214.5652400 +36.5103084 24.5912
 1660 214.6362635 +36.5148091 26.3693
 1661 214.6172830 +36.5152408 26.0438
 1662 214.6370292 +36.5147250 27.7252
 1663 214.6524829 +36.5152923 25.3655
 1664 214.6100298 +36.5152477 22.6195
 1665 214.5709068 +36.5146444 26.1686
 1666 214.6159527 +36.5148186 24.4910
 1667 214.6401775 +36.5149716 24.0694
 1668 214.6482776 +36.5115245 25.0103
 1669 214.6284608 +36.5130485 20.2918
 1670 214.6159179 +36.5131372 24.0331
 1671 214.5912635 +36.5139068 27.3299
 1672 214.5857382 +36.5118356 29.0735
 1673 214.5563230 +36.5153261 25.2646
 1674 214.6327643 +36.5147083 26.6099
 1675 214.5927806 +36.5118170 27.7663
 1676 214.5674895 +36.5150359 25.0472
 1677 214.5696605 +36.5145612 27.7411
 1678 214.6268723 +36.5120268 24.2743
 1679 214.6581971 +36.5336300 26.2592
 1680 214.6633287 +36.5139859 27.6799
 1681 214.6170649 +36.5128272 23.4537
 1682 214.5946257 +36.5147678 26.6393
 1683 214.6086220 +36.5148110 26.2613
 1684 214.5909077 +36.5119548 26.9936
 1685 214.6141298 +36.5126348 22.0899
 1686 214.6075288 +36.5151225 24.3018
 1687 214.6594860 +36.5119455 24.8829
 1688 214.5786150 +36.5142463 25.1284
 1689 214.6553289 +36.5146957 26.0598
 1690 214.6295254 +36.5118520 24.0762
 1691 214.5995208 +36.5129572 23.8326
 1692 214.6174471 +36.5074294 25.1511
 1693 214.5763118 +36.5125158 26.2564
 1694 214.5654509 +36.5122093 24.8020
 1695 214.5526908 +36.5139972 28.8308
 1696 214.6103656 +36.5132718 24.3629
 1697 214.5792172 +36.5138344 27.4566
 1698 214.6175850 +36.5132402 24.4900
 1699 214.6604633 +36.5140169 23.7998
 1700 214.6302618 +36.5120581 25.3966
 1701 214.6189451 +36.5133156 23.2403
 1702 214.6208985 +36.5139420 22.7322
 1703 214.5935722 +36.5132097 28.0508
 1704 214.6195751 +36.5139347 23.0135
 1705 214.6166835 +36.5135601 23.5978
 1706 214.6617405 +36.5119202 24.2350
 1707 214.6219864 +36.5123515 27.4307
 1708 214.5886819 +36.5106813 22.6593
 1709 214.6513770 +36.5122297 28.2034
 1710 214.6313150 +36.5118394 27.1797
 1711 214.6512735 +36.5133378 26.2417
 1712 214.6306140 +36.5129298 25.7681
 1713 214.5873857 +36.5125855 24.6661
 1714 214.5589733 +36.5136375 26.0526
 1715 214.6228380 +36.5133505 24.8333
 1716 214.5830606 +36.5128045 25.2124
 1717 214.6032056 +36.5137354 26.6453
 1718 214.6115970 +36.4961891 24.9095
 1719 214.5960499 +36.5125217 23.9608
 1720 214.6540413 +36.5129932 28.2658
 1721 214.5862737 +36.5133540 27.0256
 1722 214.6496184 +36.5126077 25.7682
 1723 214.5533003 +36.5115694 25.8137
 1724 214.6183744 +36.5123901 25.4258
 1725 214.5690702 +36.5131604 26.7986
 1726 214.6523780 +36.5126688 27.5192
 1727 214.5798574 +36.5108345 27.6569
 1728 214.5786891 +36.5129266 25.7456
 1729 214.6323288 +36.5132116 24.4342
 1730 214.6244998 +36.5118564 24.5669
 1731 214.6343996 +36.5123115 24.6744
 1732 214.6457538 +36.5127652 23.3698
 1733 214.5839201 +36.5132325 28.1611
 1734 214.6119124 +36.5119133 25.5273
 1735 214.6393328 +36.5128394 24.4727
 1736 214.5897300 +36.5084768 23.5133
 1737 214.6219645 +36.5116739 26.4571
 1738 214.5611306 +36.5141174 26.7063
 1739 214.6253780 +36.5109441 27.8362
 1740 214.6399394 +36.5127608 25.3750
 1741 214.6602243 +36.5124962 24.0250
 1742 214.5554627 +36.5115169 24.4099
 1743 214.6182651 +36.5117500 23.8511
 1744 214.6281215 +36.5108484 24.2402
 1745 214.5720297 +36.5119678 24.5312
 1746 214.5531857 +36.5118811 24.9131
 1747 214.5516699 +36.5098527 27.1946
 1748 214.6329238 +36.5113006 24.4960
 1749 214.6195680 +36.5110834 27.4647
 1750 214.6140678 +36.5077538 24.8781
 1751 214.6123506 +36.5077725 27.7769
 1752 214.5994217 +36.5114006 26.3961
 1753 214.5602213 +36.5114710 27.2237
 1754 214.5671937 +36.5108499 25.9066
 1755 214.5929815 +36.5077298 24.9145
 1756 214.6386077 +36.5111688 24.5946
 1757 214.6409372 +36.5114994 27.5985
 1758 214.5541949 +36.5110148 25.4462
 1759 214.6077915 +36.5107020 26.4122
 1760 214.6223674 +36.5107409 29.1185
 1761 214.5977215 +36.5117362 26.4568
 1762 214.6563889 +36.5003389 23.4546
 1763 214.6143029 +36.5099399 24.6573
 1764 214.6115179 +36.5096431 25.9234
 1765 214.6421623 +36.5092120 24.6852
 1766 214.6655343 +36.5108853 27.0087
 1767 214.6204068 +36.5113153 25.6082
 1768 214.6148273 +36.5105615 26.7894
 1769 214.6160267 +36.5111032 27.1990
 1770 214.6354918 +36.5099483 24.3834
 1771 214.5969356 +36.5106888 25.5193
 1772 214.6302915 +36.5006740 24.4364
 1773 214.6263098 +36.4976182 26.1472
 1774 214.5632004 +36.5106353 26.2497
 1775 214.6592316 +36.5101945 24.2352
 1776 214.6457287 +36.5106896 24.0011
 1777 214.6054785 +36.5094781 25.5077
 1778 214.6041641 +36.5091657 25.9294
 1779 214.6032021 +36.5097765 26.7941
 1780 214.6268404 +36.5101125 23.8686
 1781 214.5684788 +36.5094189 28.2257
 1782 214.6112688 +36.5101096 24.3593
 1783 214.6655403 +36.5076857 26.1558
 1784 214.5741958 +36.5097515 24.6754
 1785 214.6603021 +36.5087442 23.9864
 1786 214.6343304 +36.5100327 25.3463
 1787 214.6618000 +36.5085082 23.4935
 1788 214.6246303 +36.5092358 25.1990
 1789 214.6533504 +36.5098353 26.0222
 1790 214.5968266 +36.5093399 27.5242
 1791 214.6276474 +36.5082595 26.1816
 1792 214.6643299 +36.5086070 28.5357
 1793 214.6163313 +36.5092605 27.6550
 1794 214.5943416 +36.5088821 25.8236
 1795 214.5527029 +36.5091643 24.1197
 1796 214.5631599 +36.5085734 24.8237
 1797 214.6172184 +36.5079814 24.3864
 1798 214.6010842 +36.5096150 25.7916
 1799 214.5659590 +36.5069201 23.1567
 1800 214.6076084 +36.5093729 22.9532
 1801 214.6394084 +36.5092049 25.0942
 1802 214.6605289 +36.5092727 23.8666
 1803 214.5994168 +36.5089215 24.9581
 1804 214.5891876 +36.5079978 26.4215
 1805 214.6652933 +36.5097209 25.1430
 1806 214.5583318 +36.5091955 26.3168
 1807 214.6461155 +36.5082423 24.3699
 1808 214.6105607 +36.5088292 25.9418
 1809 214.6397818 +36.5079566 23.9156
 1810 214.6405597 +36.5085970 24.1274
 1811 214.6508440 +36.5084681 24.8929
 1812 214.5949116 +36.5078110 24.8822
 1813 214.5933957 +36.5084111 25.3288
 1814 214.5901993 +36.5085971 24.3426
 1815 214.6356376 +36.5084192 23.3070
 1816 214.5945154 +36.5082100 26.5526
 1817 214.6075318 +36.5084787 26.7243
 1818 214.6541300 +36.5076631 22.9194
 1819 214.6549274 +36.5075463 25.3146
 1820 214.6312828 +36.5067599 22.3107
 1821 214.5926024 +36.5074872 24.7107
 1822 214.6276651 +36.5075990 25.7331
 1823 214.5983032 +36.5078185 24.7661
 1824 214.5503926 +36.5077181 24.9696
 1825 214.6159718 +36.5076806 25.4090
 1826 214.6621080 +36.5062747 26.4448
 1827 214.6533689 +36.5062398 25.6263
 1828 214.5748534 +36.5080736 23.8533
 1829 214.6341454 +36.5074555 22.6530
 1830 214.5885605 +36.5076114 24.3848
 1831 214.6409305 +36.5101774 26.2570
 1832 214.5853465 +36.5082613 26.0855
 1833 214.5714256 +36.5080596 26.5333
 1834 214.6569311 +36.5069823 26.9220
 1835 214.6460053 +36.5022056 23.1683
 1836 214.6525039 +36.5080440 24.7648
 1837 214.6489711 +36.5076054 25.6751
 1838 214.6493796 +36.5058119 25.7989
 1839 214.6355281 +36.5071015 22.6957
 1840 214.6120189 +36.5073835 28.0676
 1841 214.6191684 +36.5062252 24.2619
 1842 214.6058964 +36.5075479 27.5516
 1843 214.5902268 +36.5015385 25.4480
 1844 214.6300080 +36.5072423 24.4692
 1845 214.6391890 +36.5040698 25.8403
 1846 214.5821104 +36.5071688 24.1692
 1847 214.6170141 +36.5067432 28.0492
 1848 214.6062849 +36.5076540 27.5553
 1849 214.5616483 +36.5026085 25.7047
 1850 214.6065707 +36.5064807 25.9271
 1851 214.5769145 +36.5066780 25.5201
 1852 214.6009166 +36.5067564 27.4677
 1853 214.6219584 +36.5013411 27.5577
 1854 214.6614958 +36.5055949 27.9007
 1855 214.6028824 +36.5067138 28.2783
 1856 214.6058282 +36.5053610 27.8944
 1857 214.5977641 +36.5040622 26.7059
 1858 214.6496561 +36.5054600 25.6731
 1859 214.6282401 +36.5059864 23.7220
 1860 214.6593610 +36.5035822 28.7283
 1861 214.6039163 +36.5064581 27.2999
 1862 214.5663840 +36.5051448 27.6150
 1863 214.6075490 +36.5055525 24.9323
 1864 214.6166968 +36.5056602 27.2007
 1865 214.6284840 +36.5047131 22.7758
 1866 214.6009229 +36.5057019 26.1866
 1867 214.6107254 +36.5065166 24.8188
 1868 214.6550323 +36.5053755 25.2396
 1869 214.6473683 +36.5053476 25.1392
 1870 214.5827036 +36.5048260 23.2891
 1871 214.5979763 +36.5051783 27.0922
 1872 214.6462625 +36.5047014 26.8058
 1873 214.6362930 +36.5050653 24.3892
 1874 214.6097969 +36.5045932 22.7471
 1875 214.6426783 +36.5054190 25.4021
 1876 214.5677879 +36.5033041 24.2621
 1877 214.5707077 +36.5045831 27.4012
 1878 214.5556895 +36.5065978 26.4821
 1879 214.6142522 +36.5050101 27.8375
 1880 214.5833629 +36.5042962 23.6266
 1881 214.6314386 +36.5040978 25.0976
 1882 214.5974376 +36.5044244 26.8734
 1883 214.6465188 +36.5044170 28.5305
 1884 214.6154222 +36.5040651 24.8858
 1885 214.6011080 +36.5101808 27.2249
 1886 214.6110620 +36.5041037 25.9598
 1887 214.5974657 +36.5047047 27.0805
 1888 214.5687247 +36.5040855 22.6617
 1889 214.5945496 +36.5038994 23.8373
 1890 214.6193771 +36.5050561 28.1935
 1891 214.5566721 +36.5036985 23.1161
 1892 214.6200841 +36.5045920 25.4410
 1893 214.6112045 +36.5291794 25.8205
 1894 214.6551939 +36.5341120 24.2726
 1895 214.6110131 +36.5331279 21.6098
 1896 214.6164474 +36.5017369 26.4704
 1897 214.5513356 +36.5039290 26.0843
 1898 214.6310935 +36.5034495 26.0639
 1899 214.5721951 +36.5032136 24.6361
 1900 214.6171024 +36.5037819 26.3090
 1901 214.6318960 +36.5050682 24.3394
 1902 214.5996852 +36.5037224 25.6959
 1903 214.6051518 +36.5037019 27.6357
 1904 214.6376900 +36.5039218 25.3826
 1905 214.5605653 +36.5029330 26.0686
 1906 214.5742826 +36.5008013 24.1811
 1907 214.5805857 +36.5027409 26.4153
 1908 214.5964053 +36.5087355 25.4853
 1909 214.6241962 +36.5033682 26.3869
 1910 214.6010375 +36.5029639 23.7961
 1911 214.6606548 +36.5021745 25.5504
 1912 214.6133903 +36.5033818 27.8997
 1913 214.6234658 +36.5013726 25.6865
 1914 214.6102565 +36.5031608 26.4173
 1915 214.6322180 +36.5031782 24.0671
 1916 214.6126711 +36.5034913 28.1169
 1917 214.6058521 +36.5032662 25.4512
 1918 214.6373944 +36.5028535 25.1435
 1919 214.6095445 +36.5029460 27.9465
 1920 214.6325459 +36.5006860 22.7385
 1921 214.6498000 +36.5013892 23.9848
 1922 214.5956254 +36.5026014 27.2162
 1923 214.6119803 +36.5028130 28.1057
 1924 214.6275792 +36.5023117 25.0483
 1925 214.5570782 +36.5015782 25.1381
 1926 214.6224194 +36.5025315 25.5626
 1927 214.6166158 +36.5023210 24.9426
 1928 214.6231617 +36.5013008 27.1299
 1929 214.6267848 +36.5039190 26.6700
 1930 214.6410097 +36.5015827 25.1445
 1931 214.5623424 +36.4993665 28.2573
 1932 214.5655693 +36.5025048 26.4993
 1933 214.6261052 +36.5016294 24.7200
 1934 214.6201582 +36.5008872 28.1839
 1935 214.6001514 +36.4983880 27.5299
 1936 214.6332688 +36.5005458 22.8660
 1937 214.5664078 +36.5013747 26.7110
 1938 214.5775157 +36.5012562 26.3848
 1939 214.6393113 +36.5018148 25.3925
 1940 214.6189758 +36.5011850 24.3741
 1941 214.6284228 +36.5018130 23.1418
 1942 214.6015691 +36.5017916 25.6504
 1943 214.5982545 +36.5011658 27.6680
 1944 214.6398297 +36.5012549 25.5804
 1945 214.6517292 +36.5012496 24.8038
 1946 214.6608414 +36.5008633 25.5653
 1947 214.6057506 +36.5020825 20.9968
 1948 214.5514158 +36.5011571 26.8107
 1949 214.5902667 +36.4966556 27.5140
 1950 214.6260220 +36.5005535 27.4911
 1951 214.6116807 +36.5011330 27.5749
 1952 214.6303062 +36.5002167 25.4979
 1953 214.6245592 +36.5007354 23.3030
 1954 214.6491286 +36.5033079 25.3426
 1955 214.6598972 +36.5004880 24.1612
 1956 214.5534483 +36.5006904 25.7593
 1957 214.6600713 +36.4998142 21.9297
 1958 214.6265216 +36.4996791 23.5772
 1959 214.6125170 +36.5002797 27.4992
 1960 214.6192758 +36.5005346 25.1288
 1961 214.6214571 +36.4999583 24.0196
 1962 214.5818840 +36.4993115 24.8248
 1963 214.5986753 +36.4996745 26.6147
 1964 214.6119066 +36.5005226 27.8145
 1965 214.6273370 +36.5001057 25.9512
 1966 214.6208338 +36.5012387 25.1880
 1967 214.5809332 +36.4990530 26.3012
 1968 214.6157899 +36.5009486 26.7478
 1969 214.6449355 +36.4992281 25.8472
 1970 214.6573711 +36.5006603 26.3168
 1971 214.5988204 +36.5027901 27.8166
 1972 214.6130538 +36.5000356 26.5603
 1973 214.5932655 +36.4983546 24.2934
 1974 214.6538118 +36.5026328 26.4416
 1975 214.5993611 +36.4998097 27.2294
 1976 214.6163742 +36.4997489 23.4195
 1977 214.5940579 +36.5353899 27.4274
 1978 214.5645974 +36.4998271 25.4739
 1979 214.5916015 +36.4992711 24.8908
 1980 214.6288269 +36.4999892 27.0218
 1981 214.6223393 +36.4987626 24.4913
 1982 214.6267556 +36.4988973 25.3146
 1983 214.5669080 +36.4989422 25.9849
 1984 214.5944123 +36.4989178 25.2677
 1985 214.5951124 +36.5315211 27.5912
 1986 214.5961858 +36.4985629 22.6890
 1987 214.6357073 +36.4993409 26.5386
 1988 214.6202393 +36.4987227 25.2727
 1989 214.6498814 +36.4982054 23.8453
 1990 214.6217241 +36.4990381 24.9535
 1991 214.6238813 +36.4972912 23.5852
 1992 214.6207429 +36.4985060 25.2482
 1993 214.5606278 +36.4983786 28.8826
 1994 214.6168395 +36.4990109 24.8341
 1995 214.6320825 +36.4986422 27.4242
 1996 214.6260437 +36.4989805 24.5627
 1997 214.6344464 +36.4981226 24.8711
 1998 214.6206746 +36.4973503 24.7707
 1999 214.6297816 +36.4977499 26.9951
 2000 214.6256711 +36.4977574 27.7809
 2001 214.6351429 +36.4983144 23.5259
 2002 214.6251916 +36.4981402 27.2619
 2003 214.6274661 +36.4975329 26.9870
 2004 214.6648031 +36.5190732 27.6432
 2005 214.6402047 +36.4977705 25.9870
 2006 214.6053214 +36.5328614 26.5723
 2007 214.6409488 +36.5334767 25.1380
 2008 214.6138186 +36.5050536 26.4472
 2009 214.6039143 +36.4966265 25.6915
 2010 214.5675462 +36.4981317 25.0736
 2011 214.5934459 +36.5343889 24.7502
 2012 214.6383221 +36.4975399 26.2822
 2013 214.6260655 +36.4971920 27.0620
 2014 214.6575980 +36.4971265 23.9781
 2015 214.5979995 +36.4976263 26.7140
 2016 214.5845807 +36.4962747 26.5202
 2017 214.6498701 +36.4975312 24.9057
 2018 214.5787511 +36.4973732 26.9240
 2019 214.5906851 +36.4981780 27.7891
 2020 214.6211462 +36.4971519 24.7959
 2021 214.5666729 +36.4961615 25.5583
 2022 214.6326022 +36.4980433 27.3630
 2023 214.5571267 +36.4976303 25.8299
 2024 214.6171916 +36.5355109 26.5535
 2025 214.5775533 +36.4968900 24.2475
 2026 214.5884039 +36.4960238 27.0470
 2027 214.6251025 +36.4962376 26.2919
 2028 214.6539469 +36.5330660 26.3514
 2029 214.6231868 +36.4970065 25.8467
 2030 214.5901327 +36.4967989 27.3930
 2031 214.6608885 +36.4968009 26.6439
 2032 214.6101490 +36.5279034 25.7322
 2033 214.5902382 +36.4957690 27.2303
 2034 214.6533484 +36.4971522 23.5540
 2035 214.5912524 +36.5338129 25.7525
 2036 214.5553655 +36.5345076 27.3950
 2037 214.5748959 +36.4968062 24.7809
 2038 214.6228686 +36.4967130 26.7562
 2039 214.6268907 +36.4968120 27.8372
 2040 214.6182060 +36.4964387 28.0583
 2041 214.6227939 +36.4954940 26.1885
 2042 214.6545018 +36.4965406 24.2141
 2043 214.6469855 +36.5277597 24.7731
 2044 214.5936098 +36.4966660 23.0770
 2045 214.6200484 +36.5312785 22.6873
 2046 214.6008109 +36.5310978 24.8512
 2047 214.6090715 +36.5346700 24.8300
 2048 214.6355196 +36.5352819 25.6210
 2049 214.6250280 +36.5306270 25.8371
 2050 214.5734969 +36.5354275 26.7088
 2051 214.6116436 +36.5313762 25.5624
 2052 214.6278455 +36.4971953 25.0663
 2053 214.6417084 +36.5292732 23.0621
 2054 214.6268551 +36.5065908 23.1597
 2055 214.6219834 +36.5297451 25.1413
 2056 214.5952579 +36.5328929 26.5413
 2057 214.6373583 +36.5296723 27.7268
 2058 214.6412696 +36.5330725 25.4640
 2059 214.6407101 +36.5082133 23.2774
 2060 214.5623126 +36.4971816 25.7647
 2061 214.5631937 +36.5330183 27.6944
 2062 214.5806476 +36.5301698 25.7479
 2063 214.6401922 +36.5320872 23.5757
 2064 214.5656472 +36.5336613 25.1517
 2065 214.6549352 +36.5222045 23.7694
 2066 214.5978932 +36.5303646 23.4968
 2067 214.6253472 +36.5314572 26.6538
 2068 214.6310644 +36.5293617 25.4064
 2069 214.6264580 +36.5318900 26.6308
 2070 214.5773508 +36.5345097 24.4553
 2071 214.6009289 +36.5348644 27.6900
 2072 214.6534178 +36.5346882 25.2620
 2073 214.6399604 +36.5335434 23.5340
 2074 214.5689639 +36.5296511 25.1815
 2075 214.5665103 +36.5233719 27.0730
 2076 214.6264586 +36.5307933 24.4237
 2077 214.6456099 +36.5339386 26.8497
 2078 214.5681254 +36.5347807 28.7463
 2079 214.6222467 +36.5299918 26.0384
 2080 214.5945438 +36.5324889 26.2263
 2081 214.5687272 +36.5300557 24.2030
 2082 214.5643592 +36.5329643 27.2305
 2083 214.5668309 +36.5317823 26.4471
 2084 214.6501565 +36.5329491 24.4058
 2085 214.5519235 +36.5320241 23.5462
 2086 214.5896987 +36.5307270 24.5098
 2087 214.5793075 +36.5331814 25.6606
 2088 214.5757938 +36.5322761 24.7787
 2089 214.5966122 +36.5305277 25.6675
 2090 214.5789052 +36.5039442 27.6262
 2091 214.5516463 +36.5287091 26.4725
 2092 214.5718426 +36.5317269 24.7188
 2093 214.6180964 +36.5216494 24.5783
 2094 214.6362052 +36.4957345 26.7038
 2095 214.6423773 +36.5340959 27.2047
 2096 214.5812527 +36.5315015 24.3576
 2097 214.6086330 +36.5321093 27.0019
 2098 214.6628017 +36.5306663 27.0052
 2099 214.6321532 +36.5329887 26.3465
 2100 214.5704008 +36.5321279 25.3192
 2101 214.6549761 +36.5257356 26.1387
 2102 214.5984374 +36.5312356 27.2272
 2103 214.6207722 +36.5323579 24.4700
 2104 214.5755206 +36.4976249 22.6027
 2105 214.6041953 +36.5323250 27.2504
 2106 214.5532378 +36.5301206 26.1240
 2107 214.5812844 +36.5318177 26.4999
 2108 214.5603149 +36.5321531 23.1413
 2109 214.5906153 +36.4958127 26.1648
 2110 214.6616431 +36.5310800 22.6737
 2111 214.5588833 +36.5308146 26.3825
 2112 214.5862786 +36.5330129 26.8575
 2113 214.6017403 +36.5315981 27.1604
 2114 214.5565037 +36.4961273 27.9500
 2115 214.6513108 +36.5301164 26.9421
 2116 214.6437586 +36.4967099 25.4594
 2117 214.6036755 +36.5295057 23.2827
 2118 214.5647184 +36.5355308 25.0522
 2119 214.6243504 +36.5310209 24.5519
 2120 214.6048630 +36.5303206 24.6305
 2121 214.5668040 +36.5289074 26.6384
 2122 214.6188198 +36.4970706 24.8089
 2123 214.6534341 +36.5311045 27.3800
 2124 214.5927236 +36.4956267 26.8243
 2125 214.5798283 +36.5285585 27.3685
 2126 214.5908907 +36.5308083 24.7524
 2127 214.6218518 +36.4957619 26.9568
 2128 214.6627737 +36.5308658 26.7458
 2129 214.5985158 +36.5284787 23.5102
 2130 214.6254925 +36.5300625 22.8195
 2131 214.6642653 +36.5296799 27.1567
 2132 214.6317860 +36.5333424 25.5694
 2133 214.6271098 +36.5303979 25.1539
 2134 214.6124197 +36.5332417 26.2276
 2135 214.5609844 +36.5355914 24.9327
 2136 214.6347599 +36.5289140 25.4482
 2137 214.6099827 +36.5316211 27.0005
 2138 214.6229867 +36.4961202 27.1216
 2139 214.6558916 +36.5309540 24.0979
 2140 214.6227805 +36.4962083 25.8900
 2141 214.6431039 +36.5296132 24.1867
 2142 214.6013629 +36.5302980 25.6489
 2143 214.6435202 +36.5268276 24.4927
 2144 214.6124945 +36.5286297 22.2209
 2145 214.6397011 +36.4961193 26.5246
 2146 214.6387630 +36.5292935 28.6983
 2147 214.6264314 +36.5275396 24.2794
 2148 214.6182488 +36.5316201 26.4786
 2149 214.5673590 +36.5285422 27.4387
 2150 214.5841259 +36.5292836 28.3538
 2151 214.6213931 +36.4964868 26.0310
 2152 214.5623513 +36.4968266 25.7480
 2153 214.5549242 +36.4972358 24.2901
 2154 214.5701562 +36.5277774 25.6243
 2155 214.6206665 +36.5279963 24.1904
 2156 214.5950618 +36.5349590 29.1861
 2157 214.6261602 +36.4960270 25.3695
 2158 214.5968291 +36.5284249 24.3992
 2159 214.6613622 +36.4978462 24.5569
 2160 214.6594251 +36.5299844 23.1596
 2161 214.6079726 +36.5284895 26.8358
 2162 214.5825684 +36.5283514 25.3720
 2163 214.5776722 +36.5297410 26.4819
 2164 214.5744877 +36.4978256 26.3448
 2165 214.5956040 +36.5299181 24.3687
 2166 214.6212285 +36.5275260 23.1636
 2167 214.5951289 +36.4971014 26.8919
 2168 214.5694420 +36.4965221 27.3509
 2169 214.6197317 +36.4954525 26.2688
 2170 214.5618088 +36.4973397 25.4054
 2171 214.5508901 +36.4974315 22.8985
 2172 214.6599491 +36.5276253 24.9894
 2173 214.5952812 +36.4977107 26.9087
 2174 214.5642536 +36.4992690 26.9666
 2175 214.6645815 +36.5271974 23.4659
 2176 214.5825678 +36.4962307 26.4969
 2177 214.6287872 +36.5253512 28.7597
 2178 214.5960332 +36.5264498 22.4804
 2179 214.5866942 +36.5287531 25.3850
 2180 214.5873990 +36.5278494 25.0566
 2181 214.6026904 +36.5248709 25.1177
 2182 214.6483963 +36.5334486 27.3689
 2183 214.5949458 +36.4998471 27.7446
 2184 214.5555527 +36.4978981 26.7449
 2185 214.6344053 +36.5311710 26.0597
 2186 214.5985912 +36.5357779 28.7839
 2187 214.5737572 +36.5043185 24.8318
 2188 214.6399872 +36.5307877 29.1900
 2189 214.6457952 +36.4993499 25.1236
 2190 214.6334935 +36.5326676 23.9623
 2191 214.6284096 +36.5338482 24.4364
 2192 214.5916432 +36.5276865 24.3099
 2193 214.5638164 +36.5311945 27.4453
 2194 214.5910110 +36.4988342 25.9381
 2195 214.6220345 +36.4979856 27.3263
 2196 214.6625996 +36.5269198 25.2074
 2197 214.5908104 +36.4996375 26.6357