   1 214.5876560 +36.5028482  17.7907   0.0025
   2 214.5834722 +36.4806666  23.4311   0.0216
   3 214.5840944 +36.4803648  20.6395   0.0038
   4 214.5840734 +36.4830285  21.9843   0.0085
   5 214.5846462 +36.4899174  23.4641   0.0636
   6 214.5852441 +36.5024944  22.1123   0.0074
   7 214.5835240 +36.4827270  25.4151   0.0743
   8 214.6256611 +36.4859324  24.5683   0.0725
   9 214.6250840 +36.4790612  24.1552   0.0404
  10 214.6260444 +36.4932720  22.7755   0.0181
  11 214.6254600 +36.4841279  26.7360   0.1965
  12 214.6254171 +36.4837794  25.5366   0.1329
  13 214.6260372 +36.4926469  25.5822   0.1414
  14 214.6254862 +36.4854472  25.4399   0.0917
  15 214.6243213 +36.4743735  20.0128   0.0030
  16 214.6264782 +36.4998088  23.5145   0.0275
  17 214.6264260 +36.4982911  25.6841   0.1259
  18 214.6267505 +36.5067497  22.6046   0.0157
  19 214.6244596 +36.4731689  26.8529   0.1485
  20 214.6267041 +36.5040948  25.0539   0.0762
  21 214.6243123 +36.4729733  26.3969   0.1407
  22 214.6263341 +36.5000937  23.9009   0.0364
  23 214.6260328 +36.4962563  24.3037   0.0847
  24 214.6259542 +36.4957838  24.2940   0.0648
  25 214.6246713 +36.4777411  26.3899   0.1246
  26 214.6244901 +36.4758635  26.0582   0.1407
  27 214.6247305 +36.4795540  25.8058   0.1250
  28 214.6256658 +36.4926581  25.2024   0.1117
  29 214.6251545 +36.4856133  26.0903   0.1299
  30 214.6267139 +36.5081778  26.3309   0.1932
  31 214.6244097 +36.4792479  22.8392   0.0145
  32 214.6259270 +36.4992352  24.0693   0.0459
  33 214.6250603 +36.4825122  24.5590   0.0468
  34 214.6244436 +36.4818657  23.9226   0.0522
  35 214.6242896 +36.4769412  25.9884   0.1439
  36 214.6266957 +36.5091098  25.6512   0.1394
  37 214.6249142 +36.4851595  26.0449   0.1314
  38 214.6251531 +36.4889705  25.7573   0.1913
  39 214.6244448 +36.4806242  24.0675   0.0304
  40 214.6242293 +36.4773933  25.2763   0.1077
  41 214.6263249 +36.5052535  26.0487   0.1758
  42 214.6249535 +36.4820457  21.5570   0.0053
  43 214.6260017 +36.5018519  25.2698   0.0885
  44 214.6248002 +36.4857983  25.6531   0.1778
  45 214.6247078 +36.4847087  25.9835   0.1213
  46 214.6236428 +36.4731586  24.4233   0.0436
  47 214.6237312 +36.4755858  26.2838   0.1212
  48 214.6261253 +36.5076014  25.5513   0.1353
  49 214.6248721 +36.4937298  23.9656   0.0510
  50 214.6236409 +36.4761661  26.8558   0.2050
  51 214.6234783 +36.4762841  24.0661   0.0595
  52 214.6251400 +36.4966660  25.1315   0.1641
  53 214.6245566 +36.4894498  24.2147   0.1049
  54 214.6233633 +36.4746442  24.9092   0.0512
  55 214.6246904 +36.4920843  25.5331   0.1857
  56 214.6256690 +36.5064999  24.6514   0.1005
  57 214.6241003 +36.4849815  25.1491   0.0846
  58 214.6240895 +36.4845785  25.5728   0.1761
  59 214.6246317 +36.4923816  25.3645   0.1512
  60 214.6245587 +36.5009588  20.9137   0.0139
  61 214.6235027 +36.4802008  23.4100   0.0243
  62 214.6234580 +36.4804090  23.6888   0.0296
  63 214.6232545 +36.4758029  25.8648   0.1499
  64 214.6246527 +36.4928224  25.1001   0.1622
  65 214.6254668 +36.5071695  26.1709   0.1707
  66 214.6227385 +36.4777618  24.0520   0.0789
  67 214.6238816 +36.4902346  23.8770   0.0722
  68 214.6250229 +36.5045376  23.4592   0.0318
  69 214.6239346 +36.4893924  24.2571   0.0608
  70 214.6229650 +36.4765049  24.7045   0.0712
  71 214.6234999 +36.4834628  24.9617   0.1335
  72 214.6227900 +36.4736823  26.7363   0.1165
  73 214.6230636 +36.4784507  25.7575   0.1508
  74 214.6228332 +36.4750483  26.4472   0.1940
  75 214.6231335 +36.4774859  24.0245   0.0694
  76 214.6237850 +36.4880876  25.7675   0.2578
  77 214.6241623 +36.4994313  20.3642   0.0092
  78 214.6227616 +36.4790626  23.3410   0.0401
  79 214.6228252 +36.4783381  25.0086   0.1202
  80 214.6226973 +36.4760394  25.7517   0.1691
  81 214.6227178 +36.4772523  25.3305   0.1142
  82 214.6248033 +36.5061907  24.3230   0.0540
  83 214.6234117 +36.4874464  24.1302   0.0985
  84 214.6226260 +36.4770145  24.9052   0.1364
  85 214.6239052 +36.4945765  24.4822   0.0810
  86 214.6224711 +36.4750169  26.9781   0.2746
  87 214.6223004 +36.4732095  26.5457   0.1014
  88 214.6227820 +36.4803553  25.4343   0.1109
  89 214.6224463 +36.4757745  26.9624   0.2816
  90 214.6252788 +36.5099708  25.8742   0.1427
  91 214.6240715 +36.4985701  24.8321   0.1178
  92 214.6238567 +36.4975547  23.6669   0.0573
  93 214.6222382 +36.4756458  25.9276   0.1942
  94 214.6245444 +36.5094041  24.0061   0.0360
  95 214.6245753 +36.5074512  25.2854   0.1479
  96 214.6233765 +36.4899612  23.9157   0.0792
  97 214.6241534 +36.5035977  24.0838   0.0453
  98 214.6226136 +36.4848696  21.4575   0.0059
  99 214.6220326 +36.4752882  26.0605   0.2177
 100 214.6219566 +36.4742871  26.9090   0.2183
 101 214.6242245 +36.5054963  25.3169   0.1485
 102 214.6240323 +36.5029367  24.7570   0.1302
 103 214.6225494 +36.4843484  24.5317   0.0524
 104 214.6226332 +36.4852393  24.6876   0.1328
 105 214.6218307 +36.4749033  26.6939   0.1575
 106 214.6223819 +36.4822266  26.2939   0.1363
 107 214.6241032 +36.5068408  26.0559   0.1449
 108 214.6234423 +36.4979354  25.6039   0.1333
 109 214.6219523 +36.4780405  26.2535   0.1457
 110 214.6225005 +36.4866545  24.1815   0.0562
 111 214.6219192 +36.4783271  26.7035   0.1314
 112 214.6217298 +36.4768641  24.5946   0.0484
 113 214.6235412 +36.5008233  24.9303   0.1861
 114 214.6234086 +36.4995610  25.6137   0.2710
 115 214.6216081 +36.4752441  26.8489   0.3211
 116 214.6231627 +36.4972699  24.4149   0.0894
 117 214.6217877 +36.4790457  24.9497   0.0796
 118 214.6215915 +36.4757254  27.0096   0.2855
 119 214.6234420 +36.5015335  24.6702   0.1531
 120 214.6214629 +36.4755520  27.0451   0.3080
 121 214.6213940 +36.4750236  26.0525   0.1928
 122 214.6237408 +36.5074391  25.6695   0.1428
 123 214.6217333 +36.4808695  24.7366   0.0505
 124 214.6228532 +36.4969460  25.1089   0.1167
 125 214.6212307 +36.4753707  25.5521   0.1656
 126 214.6227677 +36.4964627  24.7717   0.0965
 127 214.6213231 +36.4768555  25.9465   0.1462
 128 214.6237492 +36.5097903  26.3850   0.1919
 129 214.6212157 +36.4761166  25.9738   0.1831
 130 214.6234133 +36.5057009  25.3539   0.1418
 131 214.6220062 +36.4880142  23.8955   0.0761
 132 214.6211543 +36.4764242  25.5275   0.0779
 133 214.6209593 +36.4829771  19.0032   0.0023
 134 214.6206939 +36.4750955  25.3788   0.1359
 135 214.6207704 +36.4739117  25.5064   0.1388
 136 214.6206782 +36.4730503  25.7756   0.1410
 137 214.6216672 +36.4882650  23.6583   0.0618
 138 214.6223595 +36.4990185  23.2161   0.0549
 139 214.6221358 +36.4944742  24.4706   0.1077
 140 214.6235316 +36.5093997  26.1631   0.1740
 141 214.6208338 +36.4789723  24.7238   0.0944
 142 214.6215290 +36.4894952  22.2063   0.0331
 143 214.6207269 +36.4760764  26.2901   0.2009
 144 214.6212672 +36.4870581  22.0093   0.0109
 145 214.6208511 +36.4782965  25.9760   0.1230
 146 214.6205948 +36.4748706  25.9540   0.2177
 147 214.6219986 +36.4941887  25.0459   0.1811
 148 214.6230044 +36.5092897  26.4602   0.2492
 149 214.6224367 +36.5027585  24.7500   0.1406
 150 214.6205138 +36.4766993  26.4294   0.1231
 151 214.6240852 +36.4949787  23.5890   0.0575
 152 214.6202715 +36.4747563  26.6946   0.2860
 153 214.6224621 +36.5046683  25.5096   0.1776
 154 214.6210177 +36.4857003  25.1309   0.1729
 155 214.6201915 +36.4755571  24.5792   0.0485
 156 214.6202727 +36.4763155  25.9761   0.1145
 157 214.6226406 +36.5081712  26.4143   0.1848
 158 214.6200156 +36.4743628  25.4164   0.1457
 159 214.6225065 +36.5077854  26.0652   0.1572
 160 214.6201539 +36.4787980  22.9694   0.0263
 161 214.6197006 +36.4732105  26.3534   0.1260
 162 214.6220728 +36.5046821  25.7781   0.2090
 163 214.6202192 +36.4812368  23.5391   0.0617
 164 214.6214292 +36.4967272  24.4510   0.1059
 165 214.6198105 +36.4770741  24.4419   0.0877
 166 214.6215176 +36.4917421  22.6068   0.0657
 167 214.6210033 +36.4920312  24.6908   0.1637
 168 214.6199176 +36.4773362  25.5619   0.0825
 169 214.6198512 +36.4764534  25.9812   0.1484
 170 214.6195962 +36.4736362  26.6544   0.2035
 171 214.6214691 +36.5001873  23.1348   0.0275
 172 214.6224777 +36.4958802  25.6022   0.1413
 173 214.6218778 +36.5062230  25.6035   0.1077
 174 214.6212229 +36.4971610  25.1638   0.1724
 175 214.6211626 +36.4974356  24.4969   0.0851
 176 214.6203402 +36.4876056  23.7867   0.0967
 177 214.6224575 +36.4955521  24.7865   0.1575
 178 214.6193309 +36.4743434  25.2017   0.1223
 179 214.6216886 +36.5047562  25.0239   0.1524
 180 214.6223652 +36.5092755  25.5889   0.1264
 181 214.6196077 +36.4772900  24.6558   0.0564
 182 214.6195924 +36.4766965  25.5992   0.1342
 183 214.6201255 +36.4849905  22.9571   0.0190
 184 214.6215555 +36.5041995  25.1023   0.1410
 185 214.6195660 +36.4784949  23.3267   0.0161
 186 214.6205159 +36.4907855  25.1070   0.2195
 187 214.6205581 +36.4929513  22.4300   0.0195
 188 214.6200466 +36.4859254  23.2955   0.0281
 189 214.6213905 +36.5043744  25.9964   0.2189
 190 214.6211501 +36.5024748  23.8308   0.0427
 191 214.6197090 +36.4821008  25.3704   0.1526
 192 214.6194616 +36.4795898  25.1942   0.0841
 193 214.6217094 +36.5092083  26.0035   0.1940
 194 214.6213187 +36.5055972  23.9922   0.0864
 195 214.6214019 +36.5053401  25.0249   0.1360
 196 214.6207065 +36.4976109  23.5480   0.0956
 197 214.6208098 +36.4987634  24.5033   0.0836
 198 214.6209855 +36.5016936  24.4155   0.1248
 199 214.6199411 +36.4756733  25.5236   0.1099
 200 214.6189706 +36.4745887  25.6843   0.1503
 201 214.6211654 +36.5064909  24.3304   0.0704
 202 214.6217440 +36.4992712  23.1255   0.0264
 203 214.6208307 +36.5014359  24.1249   0.0652
 204 214.6202717 +36.4940671  25.1940   0.1324
 205 214.6186889 +36.4733472  25.6505   0.1511
 206 214.6206195 +36.4998368  24.3897   0.0703
 207 214.6199552 +36.4913853  23.6868   0.1335
 208 214.6206268 +36.4968467  24.9052   0.1953
 209 214.6212387 +36.5085498  26.1354   0.1306
 210 214.6219418 +36.5038989  25.4030   0.1754
 211 214.6211432 +36.5089089  25.3486   0.1510
 212 214.6231399 +36.5055301  25.7699   0.1412
 213 214.6209213 +36.5054146  26.2716   0.2638
 214 214.6188566 +36.4785045  25.8336   0.1139
 215 214.6195877 +36.4894232  24.7277   0.1112
 216 214.6192372 +36.4847798  24.7076   0.0732
 217 214.6202883 +36.4989834  24.0347   0.0799
 218 214.6192880 +36.4862727  24.0366   0.0991
 219 214.6209742 +36.5091269  24.8875   0.0631
 220 214.6180017 +36.4726087  24.4401   0.0927
 221 214.6174632 +36.4726569  23.6013   0.0544
 222 214.6182028 +36.4753643  24.4610   0.0914
 223 214.6179668 +36.4766133  22.5465   0.0162
 224 214.6183230 +36.4750226  26.6208   0.1301
 225 214.6205086 +36.5064666  24.5339   0.0809
 226 214.6207473 +36.5100905  24.7568   0.1096
 227 214.6202207 +36.5022391  26.1658   0.2774
 228 214.6185449 +36.4808869  25.8636   0.2110
 229 214.6184814 +36.4800226  25.9118   0.1954
 230 214.6187032 +36.4835793  25.5198   0.1687
 231 214.6180030 +36.4741779  26.2991   0.1829
 232 214.6205404 +36.5089538  25.6171   0.1436
 233 214.6199973 +36.5018027  24.9776   0.1821
 234 214.6191455 +36.4908275  24.0711   0.1291
 235 214.6201046 +36.5048319  24.5394   0.0926
 236 214.6199706 +36.5044540  24.2185   0.0712
 237 214.6198973 +36.5024075  25.7268   0.2148
 238 214.6190451 +36.4933766  24.5874   0.0978
 239 214.6190474 +36.4842785  25.1638   0.1003
 240 214.6175408 +36.4749527  24.4283   0.0851
 241 214.6181756 +36.4835512  25.5150   0.1795
 242 214.6179683 +36.4804596  26.4960   0.2491
 243 214.6176527 +36.4775359  25.8171   0.1866
 244 214.6185689 +36.4898859  23.2869   0.0665
 245 214.6197435 +36.5055544  26.0549   0.1691
 246 214.6193151 +36.5007770  24.2038   0.0619
 247 214.6191232 +36.4992517  23.5031   0.1010
 248 214.6194957 +36.5035805  24.8575   0.1255
 249 214.6174253 +36.4765293  26.0060   0.1889
 250 214.6197863 +36.5082016  25.6221   0.1733
 251 214.6172734 +36.4769083  22.6191   0.0103
 252 214.6195213 +36.5067189  25.0554   0.1631
 253 214.6190421 +36.5014419  23.1681   0.0762
 254 214.6196410 +36.5090001  24.4230   0.0517
 255 214.6194445 +36.5053100  25.9428   0.1398
 256 214.6183420 +36.4911204  24.9918   0.2340
 257 214.6174142 +36.4792689  25.0727   0.0707
 258 214.6192042 +36.5037954  24.9213   0.0890
 259 214.6169507 +36.4734101  25.7227   0.1321
 260 214.6171287 +36.4763622  26.3337   0.1777
 261 214.6191915 +36.5064712  23.0600   0.0213
 262 214.6179369 +36.4882318  24.1064   0.1098
 263 214.6192562 +36.5075722  25.9121   0.2212
 264 214.6179977 +36.4908703  24.5319   0.1593
 265 214.6168552 +36.4765720  25.9106   0.1274
 266 214.6166073 +36.4737519  26.0406   0.1225
 267 214.6180517 +36.4942658  22.6245   0.0411
 268 214.6174652 +36.4864690  24.6251   0.1180
 269 214.6169440 +36.4801841  24.8001   0.1275
 270 214.6175799 +36.4900825  23.2869   0.0448
 271 214.6168894 +36.4806390  25.7044   0.2201
 272 214.6182080 +36.4993840  24.1566   0.1381
 273 214.6167347 +36.4795306  26.2049   0.1550
 274 214.6166229 +36.4774834  26.6367   0.1586
 275 214.6166959 +36.4754476  25.8171   0.1893
 276 214.6165758 +36.4783905  26.5163   0.2065
 277 214.6172822 +36.4888015  24.5883   0.1242
 278 214.6169922 +36.4842768  25.8166   0.2424
 279 214.6167907 +36.4831720  23.1495   0.0542
 280 214.6177039 +36.4953352  23.6022   0.1404
 281 214.6174629 +36.4914224  24.2607   0.1371
 282 214.6165212 +36.4785247  26.3172   0.1857
 283 214.6160306 +36.4734355  25.3883   0.0773
 284 214.6162749 +36.4763872  25.0244   0.0728
 285 214.6185639 +36.5076833  25.4142   0.1720
 286 214.6172409 +36.4896790  24.6276   0.1114
 287 214.6167430 +36.4826282  26.0147   0.1517
 288 214.6164046 +36.4800210  24.1891   0.0451
 289 214.6164130 +36.4789111  26.0235   0.2119
 290 214.6175734 +36.4956009  23.5217   0.1363
 291 214.6174597 +36.4946101  22.5645   0.0373
 292 214.6172518 +36.4930455  22.9168   0.0429
 293 214.6163625 +36.4805274  25.8457   0.2399
 294 214.6167060 +36.4809957  25.4169   0.2032
 295 214.6173348 +36.4953383  23.2237   0.0942
 296 214.6172553 +36.4954812  24.1538   0.1701
 297 214.6163260 +36.4754955  26.5305   0.1913
 298 214.6157187 +36.4741212  26.0094   0.1048
 299 214.6177424 +36.5019040  24.5684   0.1581
 300 214.6180959 +36.5069756  25.4863   0.1570
 301 214.6181694 +36.5090628  25.5484   0.0928
 302 214.6172151 +36.4962807  23.3301   0.1030
 303 214.6166109 +36.4890457  23.8359   0.0634
 304 214.6156338 +36.4755291  26.4805   0.1823
 305 214.6169466 +36.4932568  25.0428   0.1663
 306 214.6165941 +36.4903911  23.0834   0.0802
 307 214.6164498 +36.4877866  24.9266   0.1142
 308 214.6157523 +36.4791063  24.2108   0.0435
 309 214.6174687 +36.5042536  23.7521   0.0960
 310 214.6155634 +36.4798003  24.3609   0.1119
 311 214.6176519 +36.5085946  24.5541   0.0508
 312 214.6155948 +36.4803426  25.2881   0.1619
 313 214.6175105 +36.5076632  23.7983   0.0309
 314 214.6169030 +36.4992451  23.2625   0.0425
 315 214.6168533 +36.4975496  24.2305   0.1500
 316 214.6161330 +36.4889487  23.7104   0.0956
 317 214.6172410 +36.5082052  23.1884   0.0483
 318 214.6165266 +36.4968671  24.2171   0.1682
 319 214.6162264 +36.4865691  25.0704   0.2232
 320 214.6149539 +36.4760860  26.0620   0.1836
 321 214.6160736 +36.4921405  24.6612   0.1244
 322 214.6167157 +36.5025806  23.8183   0.0459
 323 214.6151025 +36.4814627  23.3637   0.0592
 324 214.6151432 +36.4803022  26.4309   0.2908
 325 214.6164592 +36.4999995  22.5859   0.0245
 326 214.6149913 +36.4796872  25.1445   0.1374
 327 214.6165690 +36.5020237  25.2310   0.1806
 328 214.6158050 +36.4914563  25.0578   0.1418
 329 214.6146199 +36.4760184  26.2701   0.1618
 330 214.6146193 +36.4756003  25.7852   0.1792
 331 214.6167658 +36.5058665  24.8187   0.1798
 332 214.6149994 +36.4855971  21.3586   0.0226
 333 214.6145550 +36.4763460  26.3783   0.1469
 334 214.6144270 +36.4755263  26.3875   0.1411
 335 214.6155416 +36.4910169  24.9733   0.1602
 336 214.6147060 +36.4794650  25.1326   0.1411
 337 214.6153485 +36.4904018  23.5103   0.0928
 338 214.6146363 +36.4812940  23.3754   0.0278
 339 214.6165456 +36.4960566  23.4318   0.0985
 340 214.6150968 +36.4884128  24.6985   0.1262
 341 214.6143934 +36.4789955  26.1842   0.1385
 342 214.6143122 +36.4781489  25.4382   0.0898
 343 214.6140410 +36.4742683  26.2381   0.1533
 344 214.6159267 +36.4874428  24.5412   0.0964
 345 214.6153949 +36.4935689  23.2525   0.0702
 346 214.6157688 +36.4990042  23.2011   0.0791
 347 214.6153874 +36.4941055  24.6694   0.1432
 348 214.6147130 +36.4863932  23.7646   0.0589
 349 214.6139097 +36.4752238  25.6947   0.1258
 350 214.6164216 +36.5095398  24.5391   0.0506
 351 214.6163089 +36.5079973  25.0519   0.1614
 352 214.6148155 +36.4880656  23.8989   0.0721
 353 214.6142446 +36.4799898  25.4219   0.1504
 354 214.6141444 +36.4792353  23.8510   0.0460
 355 214.6142482 +36.4811321  24.7105   0.0769
 356 214.6158564 +36.5031758  25.6160   0.1434
 357 214.6147236 +36.4885354  24.2916   0.1122
 358 214.6162125 +36.5089787  26.0728   0.1255
 359 214.6160081 +36.5070211  22.9384   0.0169
 360 214.6148822 +36.4908772  23.9785   0.1498
 361 214.6135396 +36.4750059  24.2399   0.0628
 362 214.6134377 +36.4730488  25.1301   0.0802
 363 214.6161805 +36.5092663  26.0660   0.1304
 364 214.6142427 +36.4832411  25.4824   0.2089
 365 214.6160144 +36.5079064  25.2100   0.1390
 366 214.6139424 +36.4797855  25.7107   0.1981
 367 214.6161579 +36.5102941  26.2607   0.1535
 368 214.6155441 +36.5043383  23.0371   0.0629
 369 214.6154263 +36.5011421  25.1534   0.1768
 370 214.6151314 +36.4970237  24.2160   0.0910
 371 214.6142189 +36.4922125  19.2349   0.0052
 372 214.6137523 +36.4802327  26.4372   0.1905
 373 214.6150096 +36.4978269  25.0243   0.1414
 374 214.6132767 +36.4757892  25.9394   0.1750
 375 214.6146298 +36.4998293  21.9388   0.0511
 376 214.6130830 +36.4750731  26.5881   0.1279
 377 214.6143977 +36.4869557  23.1553   0.0441
 378 214.6135705 +36.4839506  23.2425   0.0894
 379 214.6141974 +36.4912648  25.0714   0.1780
 380 214.6138347 +36.4868217  24.1481   0.0759
 381 214.6132695 +36.4792180  25.4830   0.2257
 382 214.6133525 +36.4808309  22.4531   0.0119
 383 214.6151888 +36.5060687  24.9996   0.1771
 384 214.6144470 +36.4963081  24.7483   0.2044
 385 214.6136033 +36.4863044  24.4352   0.1540
 386 214.6147859 +36.5021605  24.5118   0.1709
 387 214.6127642 +36.4752417  26.0747   0.1200
 388 214.6147687 +36.5038129  25.3809   0.1733
 389 214.6128918 +36.4786505  24.9610   0.1580
 390 214.6140599 +36.4958018  21.0601   0.0130
 391 214.6131908 +36.4831222  24.2997   0.1258
 392 214.6125503 +36.4764946  23.9732   0.0662
 393 214.6128206 +36.4792725  25.3090   0.1620
 394 214.6122431 +36.4771925  20.8593   0.0056
 395 214.6122981 +36.4745275  25.2621   0.1096
 396 214.6144264 +36.5043191  25.5695   0.2260
 397 214.6126496 +36.4800915  25.4474   0.1748
 398 214.6140690 +36.5006840  24.5351   0.1620
 399 214.6134263 +36.4923665  23.1667   0.0580
 400 214.6130858 +36.4881804  22.3492   0.0498
 401 214.6148721 +36.5079997  25.4193   0.1660
 402 214.6139139 +36.4992287  23.4736   0.0546
 403 214.6126691 +36.4797434  24.3904   0.1218
 404 214.6143185 +36.5034722  25.6230   0.2493
 405 214.6139412 +36.5004097  24.4317   0.1309
 406 214.6133238 +36.4926364  23.5638   0.1409
 407 214.6140361 +36.5023262  24.9472   0.1049
 408 214.6128223 +36.4871405  23.6416   0.0935
 409 214.6124997 +36.4835852  22.7334   0.0428
 410 214.6123256 +36.4742068  25.0870   0.1028
 411 214.6120628 +36.4755104  26.0899   0.1423
 412 214.6142761 +36.5070350  24.2257   0.0880
 413 214.6125273 +36.4827004  24.5973   0.1357
 414 214.6119161 +36.4744871  25.9475   0.1058
 415 214.6118228 +36.4737325  25.8857   0.0958
 416 214.6143691 +36.5101990  22.9287   0.0143
 417 214.6143164 +36.5090154  24.9718   0.1525
 418 214.6117421 +36.4734792  26.5551   0.1323
 419 214.6125960 +36.4861105  23.7987   0.0797
 420 214.6141678 +36.5080299  24.0499   0.0368
 421 214.6128629 +36.4925256  20.6882   0.0205
 422 214.6139257 +36.5053327  23.8454   0.1056
 423 214.6128508 +36.4916207  22.7459   0.0402
 424 214.6131337 +36.4953727  24.0026   0.0981
 425 214.6126467 +36.4894210  24.8364   0.1489
 426 214.6125626 +36.4887905  25.0627   0.2093
 427 214.6111588 +36.4729459  22.9737   0.0166
 428 214.6128380 +36.4947877  22.0454   0.0262
 429 214.6135077 +36.5036257  24.6496   0.1483
 430 214.6121545 +36.4862740  22.8994   0.0305
 431 214.6117414 +36.4809021  24.3703   0.0846
 432 214.6131879 +36.5006615  25.1984   0.2552
 433 214.6119896 +36.4851837  23.2748   0.0400
 434 214.6135855 +36.5072876  24.3494   0.0686
 435 214.6131247 +36.5002461  24.9406   0.1333
 436 214.6118867 +36.4841613  24.4714   0.0809
 437 214.6116692 +36.4805444  25.5349   0.1941
 438 214.6111262 +36.4740991  25.8846   0.0942
 439 214.6114546 +36.4795422  25.9981   0.3141
 440 214.6120093 +36.4899307  23.9476   0.1981
 441 214.6121247 +36.4912242  24.0921   0.1175
 442 214.6111589 +36.4800976  23.5782   0.0468
 443 214.6112327 +36.4792519  25.3945   0.1614
 444 214.6142374 +36.5094611  25.3520   0.1518
 445 214.6127167 +36.4995730  24.1853   0.1526
 446 214.6120645 +36.4916086  23.6370   0.0833
 447 214.6105830 +36.4735996  22.9525   0.0168
 448 214.6133646 +36.5086726  26.4042   0.2593
 449 214.6128723 +36.5024017  25.2523   0.1255
 450 214.6108242 +36.4762397  24.6376   0.0562
 451 214.6125957 +36.5011290  23.5487   0.1091
 452 214.6131405 +36.5086746  25.7939   0.2021
 453 214.6127069 +36.5033076  24.6048   0.1522
 454 214.6119076 +36.4926871  24.3347   0.2139
 455 214.6115293 +36.4886819  23.6017   0.1255
 456 214.6131209 +36.5098071  25.9215   0.1919
 457 214.6106255 +36.4773603  25.4278   0.1294
 458 214.6105928 +36.4854710  20.9747   0.0193
 459 214.6107946 +36.4807649  24.9649   0.1423
 460 214.6102736 +36.4744057  24.2959   0.0332
 461 214.6126160 +36.5068351  25.0305   0.1402
 462 214.6117358 +36.4964756  22.1166   0.0325
 463 214.6111061 +36.4880194  23.1037   0.0792
 464 214.6107365 +36.4824208  25.0602   0.1772
 465 214.6100306 +36.4747471  23.0534   0.0132
 466 214.6113632 +36.4917450  23.8625   0.1271
 467 214.6116450 +36.4959030  24.4533   0.2179
 468 214.6103505 +36.4788068  25.6609   0.2013
 469 214.6098971 +36.4742160  24.4222   0.0735
 470 214.6122289 +36.5061110  24.3313   0.1055
 471 214.6117742 +36.5000304  25.1835   0.2246
 472 214.6099157 +36.4752337  26.4853   0.1631
 473 214.6096994 +36.4731799  25.9512   0.1015
 474 214.6120050 +36.5042041  25.4101   0.1338
 475 214.6104718 +36.4843121  25.2769   0.2034
 476 214.6098177 +36.4757682  25.6094   0.1368
 477 214.6109069 +36.4909408  23.9235   0.1171
 478 214.6112741 +36.4973791  24.2658   0.1506
 479 214.6119764 +36.5075956  26.1676   0.1795
 480 214.6121348 +36.5103021  26.1648   0.1659
 481 214.6120961 +36.5099584  25.8195   0.1160
 482 214.6102851 +36.4863923  25.2599   0.2161
 483 214.6110558 +36.4970027  24.4784   0.1382
 484 214.6096677 +36.4792131  25.3769   0.1949
 485 214.6108215 +36.4957146  23.1982   0.0881
 486 214.6102068 +36.4870268  24.4073   0.1566
 487 214.6101786 +36.4877752  24.1652   0.1010
 488 214.6105317 +36.4941193  22.2026   0.0934
 489 214.6097598 +36.4843515  23.4707   0.0856
 490 214.6115887 +36.5099161  24.5252   0.0489
 491 214.6108155 +36.4987115  24.8403   0.1257
 492 214.6102767 +36.4923267  24.1210   0.1297
 493 214.6110757 +36.5041716  24.5778   0.1503
 494 214.6107469 +36.5016286  23.6002   0.1209
 495 214.6113562 +36.5104445  23.3915   0.0407
 496 214.6113859 +36.5102251  24.5819   0.0911
 497 214.6099799 +36.4906341  24.1556   0.1321
 498 214.6100641 +36.4941661  21.5186   0.0449
 499 214.6098159 +36.4852605  23.4115   0.0897
 500 214.6086120 +36.4741128  26.1728   0.1160
 501 214.6087060 +36.4807722  21.3383   0.0132
 502 214.6089522 +36.4798204  24.5627   0.1025
 503 214.6088841 +36.4787237  24.7958   0.1537
 504 214.6086651 +36.4767303  22.5330   0.0107
 505 214.6108184 +36.5067682  23.1325   0.0443
 506 214.6093980 +36.4883088  22.4230   0.0824
 507 214.6091822 +36.4878757  22.4208   0.0812
 508 214.6089237 +36.4813399  23.3313   0.0559
 509 214.6086302 +36.4812105  25.0202   0.1491
 510 214.6091005 +36.4826061  25.4478   0.2241
 511 214.6089555 +36.4821770  24.1288   0.1083
 512 214.6087142 +36.4785365  25.6981   0.2697
 513 214.6105982 +36.5052112  23.7610   0.0600
 514 214.6101845 +36.4986036  23.6201   0.0688
 515 214.6112054 +36.5043780  23.3262   0.0725
 516 214.6103384 +36.5017533  24.3297   0.1449
 517 214.6090653 +36.4847278  24.9925   0.1277
 518 214.6097524 +36.4941770  23.3719   0.1979
 519 214.6103827 +36.5034734  24.4353   0.1228
 520 214.6100469 +36.4999499  23.2874   0.0489
 521 214.6099698 +36.4989851  23.4985   0.0591
 522 214.6083974 +36.4777330  24.5903   0.1145
 523 214.6082381 +36.4778974  24.1369   0.0477
 524 214.6106547 +36.5091152  24.2032   0.0417
 525 214.6095787 +36.4948515  23.5860   0.1129
 526 214.6091721 +36.4899473  23.6115   0.1564
 527 214.6089630 +36.4889911  21.5074   0.0642
 528 214.6078849 +36.4757437  21.4303   0.0051
 529 214.6088208 +36.4872384  23.9831   0.0842
 530 214.6082590 +36.4799642  23.9278   0.0384
 531 214.6081418 +36.4782683  24.8054   0.1627
 532 214.6080934 +36.4784467  24.7946   0.1426
 533 214.6080314 +36.4765450  24.9138   0.1206
 534 214.6099046 +36.5048940  20.2964   0.0061
 535 214.6102749 +36.5080595  25.3816   0.1833
 536 214.6098425 +36.5021335  24.4166   0.1374
 537 214.6087105 +36.4864151  25.2556   0.1506
 538 214.6093098 +36.4969306  24.5056   0.1360
 539 214.6085746 +36.4877419  22.6153   0.0304
 540 214.6102815 +36.5106201  25.3163   0.1605
 541 214.6082552 +36.4830781  25.0394   0.1924
 542 214.6093477 +36.4987051  23.7326   0.0759
 543 214.6078548 +36.4790619  24.6743   0.1366
 544 214.6085664 +36.4890747  23.5223   0.1215
 545 214.6080755 +36.4820912  24.8364   0.0976
 546 214.6078010 +36.4787467  25.4292   0.1893
 547 214.6100117 +36.5090768  25.7720   0.1175
 548 214.6086132 +36.4914105  22.4546   0.1050
 549 214.6095661 +36.5040689  25.8726   0.3894
 550 214.6076891 +36.4792881  26.2075   0.2742
 551 214.6091002 +36.5014740  24.3580   0.1644
 552 214.6074476 +36.4784290  25.9352   0.3458
 553 214.6087067 +36.4960105  22.3575   0.0513
 554 214.6093761 +36.5054967  24.7226   0.0839
 555 214.6079391 +36.4859990  24.8565   0.2045
 556 214.6095543 +36.5082752  24.8523   0.1363
 557 214.6087721 +36.4997552  23.9215   0.1231
 558 214.6095435 +36.5091765  25.7715   0.1657
 559 214.6077909 +36.4869821  24.3143   0.1158
 560 214.6068252 +36.4752879  23.8248   0.0438
 561 214.6089552 +36.5046766  24.6823   0.1349
 562 214.6070067 +36.4788796  25.0005   0.1547
 563 214.6091958 +36.5091518  24.7385   0.0626
 564 214.6089700 +36.5077481  24.6882   0.1265
 565 214.6067806 +36.4788286  25.2624   0.2109
 566 214.6079015 +36.4944299  21.6983   0.1124
 567 214.6077992 +36.4930299  23.2632   0.1693
 568 214.6076598 +36.4914235  23.6868   0.1559
 569 214.6068135 +36.4812037  23.7090   0.0413
 570 214.6067540 +36.4801085  23.2998   0.0453
 571 214.6062995 +36.4802181  20.3974   0.0055
 572 214.6061859 +36.4731201  22.7231   0.0106
 573 214.6083140 +36.5004414  24.7944   0.1801
 574 214.6086472 +36.5052414  25.0926   0.1696
 575 214.6066261 +36.4784460  25.2890   0.1834
 576 214.6062357 +36.4768320  22.3598   0.0232
 577 214.6079456 +36.4969571  23.7656   0.1083
 578 214.6080367 +36.4984211  24.0841   0.1035
 579 214.6074665 +36.4907048  23.8667   0.1838
 580 214.6071690 +36.4876137  24.3735   0.1112
 581 214.6063622 +36.4773903  24.6125   0.0507
 582 214.6072376 +36.4899563  23.6111   0.1395
 583 214.6067023 +36.4839608  23.2308   0.0762
 584 214.6064438 +36.4838745  24.8402   0.1173
 585 214.6076340 +36.4961379  23.7803   0.1243
 586 214.6070024 +36.4878025  23.7510   0.0756
 587 214.6077447 +36.4978366  23.6751   0.1607
 588 214.6066533 +36.4835910  24.9549   0.1189
 589 214.6073983 +36.4967463  23.9693   0.2076
 590 214.6089243 +36.5097220  25.6486   0.1025
 591 214.6061773 +36.4814574  25.2728   0.1129
 592 214.6074666 +36.4989934  24.9083   0.2469
 593 214.6062233 +36.4831376  25.5291   0.2559
 594 214.6076711 +36.5096925  20.7816   0.0060
 595 214.6075394 +36.5037512  23.9801   0.1084
 596 214.6069304 +36.4953718  22.7899   0.0863
 597 214.6061414 +36.4850516  24.2981   0.1598
 598 214.6076611 +36.5058610  23.7659   0.0401
 599 214.6069796 +36.4963476  23.5238   0.2017
 600 214.6077933 +36.5082259  24.6562   0.1177
 601 214.6066260 +36.4930574  21.6041   0.0901
 602 214.6060262 +36.4860984  23.2749   0.1051
 603 214.6063498 +36.4907985  22.6025   0.0640
 604 214.6053513 +36.4760567  26.6110   0.1517
 605 214.6051224 +36.4746263  24.3925   0.0425
 606 214.6053587 +36.4769049  26.1269   0.1375
 607 214.6076402 +36.5088131  25.6214   0.1178
 608 214.6068469 +36.4986740  22.9515   0.1211
 609 214.6058266 +36.4851532  24.3411   0.1501
 610 214.6053214 +36.4829442  21.8275   0.0373
 611 214.6054158 +36.4807896  24.1587   0.0507
 612 214.6061855 +36.4925705  21.5127   0.0662
 613 214.6061498 +36.4927327  22.1533   0.1121
 614 214.6065995 +36.4982297  23.3722   0.0982
 615 214.6063840 +36.4954761  23.9665   0.1387
 616 214.6063538 +36.4951471  22.9549   0.0941
 617 214.6071926 +36.5067721  25.3172   0.1060
 618 214.6056488 +36.4868880  23.7955   0.1299
 619 214.6048713 +36.4776688  23.0080   0.0287
 620 214.6046283 +36.4777418  22.1675   0.0207
 621 214.6066021 +36.5001083  23.2046   0.0697
 622 214.6071188 +36.5072885  25.8541   0.1767
 623 214.6055055 +36.4862351  23.1019   0.0377
 624 214.6049251 +36.4795824  23.0541   0.0307
 625 214.6046517 +36.4752272  25.9708   0.1937
 626 214.6052958 +36.4844915  25.4015   0.1649
 627 214.6052084 +36.4880938  20.6923   0.0113
 628 214.6066633 +36.5067927  23.9625   0.0892
 629 214.6048511 +36.4822562  24.4822   0.1301
 630 214.6065854 +36.5076484  24.9112   0.1157
 631 214.6040656 +36.4738450  25.5117   0.0793
 632 214.6055453 +36.4949218  23.7977   0.1617
 633 214.6066402 +36.5004427  23.7314   0.0992
 634 214.6066091 +36.5049552  24.9136   0.1452
 635 214.6048810 +36.4863792  24.7749   0.1241
 636 214.6044339 +36.4810984  24.1406   0.0515
 637 214.6056583 +36.4973270  24.5944   0.1460
 638 214.6064377 +36.5084655  25.7524   0.1773
 639 214.6059567 +36.5035612  23.3903   0.0390
 640 214.6041110 +36.4791072  24.1394   0.0955
 641 214.6057162 +36.5003238  23.8008   0.0703
 642 214.6053609 +36.4958861  22.7891   0.0639
 643 214.6057511 +36.5025026  22.5645   0.0228
 644 214.6061380 +36.5074973  25.6691   0.2111
 645 214.6051130 +36.4952886  22.3524   0.0578
 646 214.6036956 +36.4755305  24.7566   0.0762
 647 214.6049019 +36.4923434  22.8760   0.1605
 648 214.6044996 +36.4868575  23.6423   0.0581
 649 214.6059163 +36.5061155  25.3289   0.1654
 650 214.6042790 +36.4853078  23.2171   0.0913
 651 214.6057864 +36.5053263  25.2989   0.1961
 652 214.6032797 +36.4738708  24.2318   0.0453
 653 214.6048039 +36.4944571  22.5216   0.1360
 654 214.6043795 +36.4889213  22.8550   0.0667
 655 214.6051670 +36.5005824  23.4009   0.0540
 656 214.6033337 +36.4768142  23.6596   0.0382
 657 214.6047530 +36.4951113  23.6369   0.1820
 658 214.6034421 +36.4778280  25.3593   0.1106
 659 214.6037294 +36.4841883  22.4011   0.0197
 660 214.6048032 +36.4978116  22.7850   0.0459
 661 214.6052283 +36.5038646  24.3123   0.0779
 662 214.6029667 +36.4732367  26.1936   0.1083
 663 214.6055713 +36.5098267  23.7399   0.0263
 664 214.6053274 +36.5060461  25.4237   0.1914
 665 214.6052667 +36.5050903  25.4793   0.1977
 666 214.6042233 +36.4918491  22.9477   0.1249
 667 214.6038993 +36.4883456  22.8826   0.0798
 668 214.6046695 +36.4997669  23.4043   0.0978
 669 214.6047617 +36.5021767  23.6176   0.1084
 670 214.6039503 +36.4914148  23.2196   0.1331
 671 214.6052087 +36.5105006  22.7265   0.0116
 672 214.6051683 +36.5091152  26.1387   0.1338
 673 214.6034310 +36.4870777  22.7291   0.0308
 674 214.6040659 +36.4969432  21.6819   0.0206
 675 214.6027515 +36.4792529  24.4299   0.0867
 676 214.6025995 +36.4779845  23.1980   0.0245
 677 214.6044797 +36.5021896  23.4903   0.0886
 678 214.6041762 +36.4931406  24.2478   0.1975
 679 214.6038184 +36.4935368  22.2788   0.0457
 680 214.6029194 +36.4815412  24.8172   0.0951
 681 214.6024846 +36.4733837  25.6733   0.1014
 682 214.6047246 +36.5069951  25.1147   0.1262
 683 214.6044240 +36.5028825  24.6810   0.0980
 684 214.6046920 +36.5081621  24.8136   0.1419
 685 214.6047996 +36.5101946  24.9106   0.0627
 686 214.6038948 +36.4978301  23.0647   0.1060
 687 214.6038034 +36.4968085  23.1890   0.0619
 688 214.6045287 +36.5079539  24.4229   0.1066
 689 214.6035580 +36.4938824  24.1674   0.1624
 690 214.6023266 +36.4805624  23.9351   0.0710
 691 214.6021831 +36.4794014  23.9684   0.1075
 692 214.6036172 +36.4963713  24.4776   0.2264
 693 214.6020047 +36.4752930  25.6955   0.0987
 694 214.6037700 +36.5000998  24.8618   0.2278
 695 214.6036358 +36.4989797  24.0139   0.0926
 696 214.6040783 +36.5060804  24.7886   0.0934
 697 214.6030741 +36.4924357  23.5160   0.1324
 698 214.6019785 +36.4802746  22.7730   0.0296
 699 214.6023278 +36.4830873  24.7675   0.1719
 700 214.6017355 +36.4772843  21.8906   0.0120
 701 214.6042453 +36.5095818  24.5493   0.0614
 702 214.6039149 +36.5069891  22.8381   0.0866
 703 214.6040560 +36.5074412  24.2531   0.1460
 704 214.6027686 +36.4892119  24.5345   0.1214
 705 214.6043305 +36.5104120  26.6665   0.1950
 706 214.6028187 +36.4907060  23.6069   0.0875
 707 214.6039279 +36.5078049  23.3072   0.0859
 708 214.6038274 +36.5048104  25.7432   0.2408
 709 214.6037033 +36.5041699  24.6148   0.1067
 710 214.6041159 +36.5099966  25.8258   0.1061
 711 214.6037581 +36.5054208  25.0854   0.1163
 712 214.6034286 +36.5021121  23.8190   0.1222
 713 214.6024331 +36.4897734  24.7659   0.2102
 714 214.6018080 +36.4824296  24.2001   0.0657
 715 214.6030986 +36.4995794  24.5909   0.1575
 716 214.6028095 +36.4956529  24.6236   0.1603
 717 214.6033662 +36.5048856  25.1016   0.1069
 718 214.6030296 +36.4941439  22.9973   0.0710
 719 214.6020174 +36.4870122  24.8950   0.1339
 720 214.6022711 +36.4910610  24.7367   0.2060
 721 214.6009974 +36.4749069  24.6076   0.0870
 722 214.6016181 +36.4839854  24.5706   0.1425
 723 214.6030728 +36.5046047  24.0268   0.1237
 724 214.6029405 +36.5023316  24.0346   0.0675
 725 214.6032737 +36.5079584  25.0411   0.1512
 726 214.6029190 +36.5032387  24.2999   0.1149
 727 214.6024035 +36.4969124  23.3186   0.0714
 728 214.6020449 +36.4925573  22.3610   0.0426
 729 214.6015021 +36.4872229  21.4591   0.0336
 730 214.6013037 +36.4869964  20.3244   0.0106
 731 214.6020885 +36.4942346  22.8365   0.0574
 732 214.6033325 +36.5108247  24.8455   0.0690
 733 214.6027014 +36.5054100  22.7986   0.0600
 734 214.6007738 +36.4784320  24.9451   0.0912
 735 214.6006736 +36.4771098  26.3757   0.1877
 736 214.6005535 +36.4764578  25.1192   0.1180
 737 214.6020348 +36.4949794  24.0512   0.2081
 738 214.6010449 +36.4859796  22.7612   0.0359
 739 214.6003831 +36.4767422  24.8924   0.0836
 740 214.6002959 +36.4771027  24.8985   0.1088
 741 214.6012444 +36.4907568  22.7735   0.1000
 742 214.6005888 +36.4814335  24.7883   0.0937
 743 214.6001043 +36.4749348  25.4508   0.1460
 744 214.6025537 +36.5082892  25.5489   0.1871
 745 214.6014261 +36.4928846  24.3577   0.1138
 746 214.6007849 +36.4856455  22.7033   0.0244
 747 214.6023358 +36.5058776  25.2401   0.1055
 748 214.6021561 +36.5035483  24.6403   0.0812
 749 214.6001034 +36.4768874  24.7421   0.1009
 750 214.6016735 +36.4979872  24.5790   0.1248
 751 214.6019869 +36.5027166  24.6431   0.1545
 752 214.6005277 +36.4844653  23.8830   0.0545
 753 214.5997713 +36.4802579  24.4559   0.1397
 754 214.6001127 +36.4782762  24.7762   0.1112
 755 214.6021168 +36.4959661  21.8035   0.0552
 756 214.6002603 +36.4813706  24.1554   0.1142
 757 214.6006753 +36.4883304  22.9216   0.0433
 758 214.6016455 +36.5021349  24.5221   0.0884
 759 214.5999568 +36.4790558  25.8454   0.2128
 760 214.6013691 +36.4993159  24.6446   0.2204
 761 214.6010693 +36.4952811  23.7261   0.1695
 762 214.5996023 +36.4765583  24.4574   0.0874
 763 214.6021522 +36.5106683  24.4677   0.0426
 764 214.5996846 +36.4776967  24.6397   0.0759
 765 214.6014074 +36.5016618  24.5895   0.1071
 766 214.6002783 +36.4865603  23.7000   0.0594
 767 214.6001547 +36.4802246  22.8832   0.0361
 768 214.6017803 +36.5081690  25.0246   0.1466
 769 214.6011271 +36.5033064  21.7664   0.0206
 770 214.6003463 +36.4904300  24.5272   0.1262
 771 214.5992312 +36.4752605  25.7198   0.1536
 772 214.6017979 +36.5106848  26.1531   0.1720
 773 214.6001769 +36.4888021  24.6463   0.1475
 774 214.5996145 +36.4819870  24.3152   0.1191
 775 214.6005628 +36.4948074  24.8438   0.2559
 776 214.6004540 +36.4938036  23.8099   0.0973
 777 214.6014413 +36.5040686  25.8312   0.1596
 778 214.6004733 +36.4951888  22.2875   0.0320
 779 214.6014736 +36.5083447  25.7926   0.2115
 780 214.6007557 +36.4995725  23.5715   0.1020
 781 214.6006316 +36.4982457  24.0555   0.1195
 782 214.6004301 +36.4968843  22.7825   0.1064
 783 214.5990453 +36.4770736  25.6644   0.1728
 784 214.5998985 +36.4895557  23.7044   0.0672
 785 214.5991887 +36.4805308  24.9897   0.1865
 786 214.6011670 +36.5075875  25.5307   0.1814
 787 214.6006066 +36.5010877  23.2645   0.0720
 788 214.5989602 +36.4797566  24.8915   0.1439
 789 214.6011475 +36.5100192  25.1118   0.0807
 790 214.5989734 +36.4742613  25.8858   0.1354
 791 214.6032971 +36.5101629  25.0105   0.0646
 792 214.6002491 +36.4986971  23.3113   0.0523
 793 214.5986802 +36.4784031  23.9968   0.0355
 794 214.6009332 +36.5076932  26.7789   0.4002
 795 214.6008163 +36.5065031  25.4300   0.2047
 796 214.6001101 +36.4972692  24.0527   0.1113
 797 214.6009190 +36.5087125  25.2269   0.0881
 798 214.5991840 +36.4861177  22.8934   0.0287
 799 214.5989328 +36.4815215  25.7348   0.2023
 800 214.6002774 +36.5003558  24.0360   0.1571
 801 214.5995191 +36.4903429  24.2883   0.1081
 802 214.5994958 +36.4897712  24.4766   0.1523
 803 214.5994056 +36.4911263  22.6144   0.0443
 804 214.5986966 +36.4804420  26.1883   0.2806
 805 214.5980835 +36.4744764  25.2187   0.1170
 806 214.5984668 +36.4808371  24.8608   0.1479
 807 214.6001422 +36.5038422  25.8892   0.2423
 808 214.5995154 +36.4956839  24.1619   0.1855
 809 214.5990700 +36.4895450  24.7021   0.1548
 810 214.5981331 +36.4771276  25.5729   0.1470
 811 214.6003536 +36.5075916  25.8783   0.2573
 812 214.5988999 +36.4888454  24.0873   0.1431
 813 214.5997780 +36.5012009  25.3699   0.1625
 814 214.5995679 +36.4988086  24.0207   0.1319
 815 214.5994836 +36.4974711  24.1986   0.0907
 816 214.5991114 +36.4942888  22.9465   0.0619
 817 214.5989688 +36.4919437  23.1319   0.0589
 818 214.5988619 +36.4898647  24.0071   0.0818
 819 214.5999776 +36.5054808  24.5137   0.1136
 820 214.5997338 +36.5040632  23.2328   0.0509
 821 214.5977889 +36.4793597  23.8559   0.1228
 822 214.5997569 +36.5031803  25.0055   0.1720
 823 214.5994085 +36.4993307  23.4175   0.0684
 824 214.5978815 +36.4805001  23.4349   0.0633
 825 214.5978500 +36.4799396  23.9794   0.1035
 826 214.5975454 +36.4799909  24.5834   0.1395
 827 214.5981411 +36.4833936  24.0294   0.0668
 828 214.5975420 +36.4748987  26.1382   0.1857
 829 214.5980368 +36.4822833  24.1756   0.0623
 830 214.5977156 +36.4777862  25.2914   0.1529
 831 214.5984418 +36.4881453  24.7178   0.1735
 832 214.5985472 +36.4926001  21.5184   0.0245
 833 214.5980788 +36.4815809  24.9408   0.1151
 834 214.5974547 +36.4784597  23.8530   0.0649
 835 214.5990992 +36.4985059  24.3687   0.1444
 836 214.5998198 +36.5078778  25.1501   0.1460
 837 214.5981919 +36.4873074  23.7685   0.1146
 838 214.5974113 +36.4763865  26.0027   0.1835
 839 214.5996304 +36.5065442  26.1583   0.2516
 840 214.5986740 +36.4942252  23.6031   0.1159
 841 214.5980636 +36.4866746  23.1853   0.0420
 842 214.5994981 +36.5057619  25.3289   0.1303
 843 214.5991405 +36.5013505  24.5884   0.1236
 844 214.5974621 +36.4796413  23.3886   0.0346
 845 214.5991962 +36.5026959  25.7192   0.1488
 846 214.5971734 +36.4752283  26.2446   0.1817
 847 214.5991560 +36.5035033  25.3347   0.2012
 848 214.5975882 +36.4827747  25.4694   0.1565
 849 214.5970860 +36.4762141  25.2487   0.1253
 850 214.5987514 +36.5000345  23.9458   0.1265
 851 214.5986878 +36.5006609  25.1012   0.1946
 852 214.5993839 +36.5108352  26.5609   0.2030
 853 214.5982818 +36.4961499  23.8205   0.1227
 854 214.5977607 +36.4903246  21.3405   0.0112
 855 214.5994462 +36.5093245  24.7766   0.0595
 856 214.5968065 +36.4773818  25.0192   0.1121
 857 214.5970093 +36.4807443  25.4135   0.2418
 858 214.5973793 +36.4858578  25.5743   0.2382
 859 214.5971716 +36.4836400  25.5153   0.1960
 860 214.5967741 +36.4797401  23.1273   0.0330
 861 214.5980664 +36.4979545  23.8446   0.0685
 862 214.5970439 +36.4837865  25.0356   0.1677
 863 214.5964729 +36.4747123  25.8735   0.1060
 864 214.5963135 +36.4776217  23.7333   0.0378
 865 214.5977711 +36.4970291  23.3787   0.0891
 866 214.5967699 +36.4846542  24.4618   0.1407
 867 214.5965979 +36.4846860  24.0804   0.1253
 868 214.5959778 +36.4741251  25.6559   0.1079
 869 214.5973671 +36.4932622  24.5896   0.1180
 870 214.5983081 +36.5082270  23.0899   0.0174
 871 214.5979109 +36.5024786  24.5223   0.1428
 872 214.5984216 +36.5089151  25.2763   0.1287
 873 214.5974271 +36.4968929  24.9285   0.2308
 874 214.5981015 +36.5070075  24.0318   0.0961
 875 214.5974821 +36.4995199  23.9591   0.0876
 876 214.5966029 +36.4873450  24.3873   0.0875
 877 214.5966252 +36.4868900  25.0509   0.1983
 878 214.5960754 +36.4803802  25.1054   0.2415
 879 214.5982564 +36.5098224  26.1496   0.1425
 880 214.5971274 +36.4957699  23.8051   0.1451
 881 214.5977499 +36.5060114  24.2652   0.0665
 882 214.5967078 +36.4912529  24.4448   0.1663
 883 214.5956058 +36.4776828  25.3718   0.1304
 884 214.5975601 +36.5046041  24.6462   0.1098
 885 214.5967735 +36.4932572  23.5646   0.1152
 886 214.5959838 +36.4842725  23.3728   0.0475
 887 214.5980163 +36.5055803  24.8645   0.0986
 888 214.5968200 +36.4961504  22.7320   0.0507
 889 214.5966580 +36.4963255  23.8419   0.1580
 890 214.5967945 +36.4956371  25.0417   0.1523
 891 214.5955926 +36.4785965  24.1323   0.0344
 892 214.5968751 +36.4971118  24.9574   0.2116
 893 214.5953324 +36.4776134  25.4971   0.1188
 894 214.5954518 +36.4787979  25.7654   0.1307
 895 214.5967111 +36.4966633  24.6852   0.1517
 896 214.5973687 +36.5075391  25.1394   0.1522
 897 214.5973534 +36.5064166  25.8224   0.2398
 898 214.5953531 +36.4796815  25.8141   0.2260
 899 214.5958097 +36.4866753  23.9363   0.0821
 900 214.5962272 +36.4930183  23.4841   0.0666
 901 214.5964672 +36.4977163  23.8796   0.0816
 902 214.5959929 +36.4910848  24.4838   0.1745
 903 214.5971229 +36.5065167  26.0746   0.2069
 904 214.5951751 +36.4802292  25.8488   0.2942
 905 214.5968198 +36.5032566  24.8490   0.1033
 906 214.5964214 +36.4989568  22.7707   0.0627
 907 214.5961476 +36.4987685  23.3024   0.0589
 908 214.5952166 +36.4810863  25.8832   0.2403
 909 214.5947597 +36.4749411  26.3076   0.1261
 910 214.5970846 +36.5086673  24.8946   0.1278
 911 214.5950672 +36.4827192  23.4425   0.0503
 912 214.5945486 +36.4744966  26.7279   0.1473
 913 214.5949461 +36.4808040  25.0240   0.2075
 914 214.5945906 +36.4764322  23.7377   0.0261
 915 214.5970044 +36.5090291  25.7714   0.1748
 916 214.5970721 +36.5112328  25.7230   0.0949
 917 214.5955679 +36.4906933  24.7819   0.1226
 918 214.5949324 +36.4831899  24.0798   0.0468
 919 214.5946187 +36.4795085  24.4631   0.0972
 920 214.5968409 +36.5097477  25.0594   0.1430
 921 214.5966844 +36.5073153  26.1503   0.2063
 922 214.5957444 +36.4954944  24.8981   0.1294
 923 214.5950067 +36.4850189  25.4661   0.2257
 924 214.5968396 +36.5110652  25.5264   0.0904
 925 214.5946123 +36.4808014  24.2773   0.1387
 926 214.5946439 +36.4815816  25.8392   0.1510
 927 214.5945767 +36.4811528  24.3275   0.1284
 928 214.5956110 +36.4952854  23.8534   0.0609
 929 214.5952520 +36.4913539  21.8355   0.0434
 930 214.5963972 +36.5091706  23.1664   0.0446
 931 214.5967229 +36.5107311  25.2838   0.1232
 932 214.5965483 +36.5098330  25.6058   0.1411
 933 214.5954334 +36.4954674  24.2978   0.1192
 934 214.5948531 +36.4869098  25.4362   0.1975
 935 214.5941477 +36.4785664  26.2454   0.1815
 936 214.5957713 +36.5013505  24.7385   0.1495
 937 214.5947013 +36.4874613  23.1237   0.0278
 938 214.5944711 +36.4843307  23.6449   0.0347
 939 214.5941368 +36.4754227  25.3546   0.0836
 940 214.5942033 +36.4822645  25.0753   0.0918
 941 214.5956532 +36.5029997  24.6967   0.0804
 942 214.5954724 +36.5006234  24.8500   0.1978
 943 214.5956781 +36.5082390  24.4440   0.0961
 944 214.5955394 +36.5083778  25.4223   0.1119
 945 214.5936381 +36.4771442  26.2153   0.1435
 946 214.5936095 +36.4774388  26.0858   0.1193
 947 214.5955392 +36.5040879  24.9892   0.0898
 948 214.5943729 +36.4901740  23.2956   0.1163
 949 214.5954312 +36.5031828  25.6706   0.1696
 950 214.5933975 +36.4761540  25.8073   0.1714
 951 214.5945938 +36.4926011  24.9567   0.1186
 952 214.5956332 +36.5072418  25.9318   0.1884
 953 214.5935565 +36.4793686  25.9698   0.1300
 954 214.5947222 +36.4964456  23.5555   0.0615
 955 214.5944209 +36.4917601  24.4830   0.1261
 956 214.5940646 +36.4879801  23.8402   0.1160
 957 214.5940572 +36.4865134  25.0828   0.1769
 958 214.5931667 +36.4746688  26.3450   0.1499
 959 214.5933384 +36.4772834  26.3108   0.1254
 960 214.5938409 +36.4855914  24.0010   0.0445
 961 214.5943858 +36.4927233  24.6093   0.0972
 962 214.5930796 +36.4749189  26.0017   0.1557
 963 214.5949439 +36.5005142  25.0610   0.1945
 964 214.5956475 +36.5110798  26.1537   0.1132
 965 214.5938385 +36.4906660  21.4841   0.0167
 966 214.5927088 +36.4739503  24.2174   0.0367
 967 214.5932048 +36.4802587  25.7103   0.1735
 968 214.5930599 +36.4791837  24.7752   0.0834
 969 214.5949011 +36.5080688  23.2835   0.0502
 970 214.5931830 +36.4805611  25.6805   0.2037
 971 214.5928017 +36.4764666  24.9721   0.1009
 972 214.5948779 +36.5083210  23.6492   0.0360
 973 214.5947065 +36.5026246  23.4069   0.0657
 974 214.5933290 +36.4837788  24.8086   0.0882
 975 214.5932561 +36.4823785  25.2402   0.1530
 976 214.5927536 +36.4796352  22.9552   0.0412
 977 214.5942969 +36.4978505  24.8910   0.1150
 978 214.5948800 +36.5065682  25.4707   0.1422
 979 214.5930314 +36.4817892  24.7651   0.1714
 980 214.5930303 +36.4809683  25.9041   0.2338
 981 214.5928129 +36.4788368  24.9915   0.1138
 982 214.5945110 +36.5042863  22.7965   0.0402
 983 214.5925153 +36.4755175  25.3986   0.1288
 984 214.5943123 +36.5004471  24.5028   0.1472
 985 214.5930658 +36.4838243  24.8243   0.0971
 986 214.5934966 +36.4904063  24.1902   0.0968
 987 214.5924782 +36.4764969  25.5593   0.1770
 988 214.5927593 +36.4823055  23.2077   0.0202
 989 214.5925762 +36.4820905  24.7620   0.1456
 990 214.5931021 +36.4874906  24.4818   0.1074
 991 214.5930029 +36.4862070  25.3041   0.1709
 992 214.5935993 +36.4969692  22.3312   0.0254
 993 214.5931122 +36.4880246  24.8280   0.1442
 994 214.5946806 +36.5104605  25.6792   0.0928
 995 214.5935115 +36.4946017  24.2709   0.1661
 996 214.5923759 +36.4790217  26.4613   0.1538
 997 214.5933805 +36.4940641  23.6846   0.0696
 998 214.5943703 +36.5086307  24.4916   0.1049
 999 214.5924147 +36.4826149  26.4304   0.1749
1000 214.5942676 +36.5093285  24.4006   0.0446
1001 214.5925068 +36.4853447  23.6444   0.0829
1002 214.5935177 +36.4995265  24.3134   0.1037
1003 214.5926590 +36.4843264  23.0412   0.0496
1004 214.5924528 +36.4772073  26.6951   0.1731
1005 214.5940688 +36.5075317  26.0857   0.1611
1006 214.5922501 +36.4832540  25.6320   0.1353
1007 214.5939226 +36.5072260  25.8029   0.1597
1008 214.5931198 +36.5055135  19.1499   0.0020
1009 214.5928135 +36.4860200  25.7666   0.2200
1010 214.5939788 +36.5078485  26.4336   0.1361
1011 214.5935819 +36.5029494  25.1612   0.1635
1012 214.5932349 +36.4986709  23.3627   0.0337
1013 214.5921634 +36.4865276  22.9317   0.0775
1014 214.5915681 +36.4769694  25.3058   0.1645
1015 214.5923705 +36.4973007  20.2084   0.0094
1016 214.5924166 +36.4894545  23.8824   0.1284
1017 214.5915037 +36.4767780  26.4835   0.2426
1018 214.5937239 +36.5077127  26.4098   0.1332
1019 214.5931786 +36.5009168  24.8111   0.1360
1020 214.5931428 +36.5006212  24.3108   0.0629
1021 214.5920466 +36.4860877  24.4835   0.0836
1022 214.5914576 +36.4775793  25.7508   0.1555
1023 214.5934356 +36.5067776  23.9455   0.0406
1024 214.5925342 +36.4931736  24.0823   0.0652
1025 214.5922062 +36.4889003  24.1975   0.0782
1026 214.5918659 +36.4846436  25.4184   0.1125
1027 214.5935461 +36.5090643  24.3030   0.0757
1028 214.5932845 +36.5088407  24.4134   0.1084
1029 214.5910425 +36.4751404  23.9371   0.0240
1030 214.5921193 +36.4905321  24.4049   0.0900
1031 214.5914362 +36.4810453  25.0402   0.1203
1032 214.5923503 +36.4939237  25.5049   0.2949
1033 214.5917382 +36.4865041  25.3452   0.1171
1034 214.5913099 +36.4817477  24.1008   0.0386
1035 214.5926417 +36.4997714  24.3528   0.1466
1036 214.5921674 +36.4937332  24.0235   0.1320
1037 214.5915332 +36.4859998  23.8152   0.1071
1038 214.5915370 +36.4861855  24.5439   0.1234
1039 214.5933423 +36.5102678  25.7145   0.0974
1040 214.5926886 +36.5014921  23.9740   0.0581
1041 214.5913126 +36.4838982  26.0539   0.2270
1042 214.5921107 +36.4960970  23.9154   0.0537
1043 214.5917571 +36.4925639  22.1366   0.0157
1044 214.5929113 +36.5082034  23.0451   0.0198
1045 214.5907039 +36.4779486  23.9486   0.0288
1046 214.5927994 +36.5065682  26.0839   0.2084
1047 214.5903566 +36.4754136  23.2241   0.0145
1048 214.5927864 +36.5067450  26.2654   0.1884
1049 214.5910012 +36.4807818  24.8349   0.0783
1050 214.5928909 +36.5095346  25.6945   0.1223
1051 214.5925220 +36.5045747  25.9918   0.1965
1052 214.5914685 +36.4899657  25.4442   0.2354
1053 214.5906277 +36.4787791  25.8549   0.1629
1054 214.5928276 +36.5089752  25.4842   0.1556
1055 214.5918349 +36.4956911  25.1638   0.1123
1056 214.5908187 +36.4817398  25.6507   0.1579
1057 214.5926819 +36.5074137  26.6580   0.1801
1058 214.5913869 +36.4911017  23.4569   0.0922
1059 214.5915651 +36.4934784  24.4138   0.1430
1060 214.5905105 +36.4795104  24.4068   0.0516
1061 214.5924899 +36.5079446  23.6825   0.0316
1062 214.5904372 +36.4834679  23.2670   0.0491
1063 214.5920410 +36.5028809  25.5318   0.1606
1064 214.5900144 +36.4767385  24.4774   0.0550
1065 214.5916198 +36.4995749  23.7107   0.0583
1066 214.5914190 +36.4997293  23.8277   0.0661
1067 214.5903917 +36.4849383  23.0114   0.0585
1068 214.5915451 +36.5062452  21.8634   0.0105
1069 214.5910799 +36.4976737  23.1819   0.0508
1070 214.5907966 +36.4931121  22.5041   0.0160
1071 214.5915926 +36.5041027  24.5243   0.1037
1072 214.5916257 +36.5011235  25.8585   0.1909
1073 214.5895217 +36.4750563  26.0560   0.1434
1074 214.5911569 +36.4999995  25.1924   0.1858
1075 214.5906069 +36.4938773  24.8244   0.1028
1076 214.5900206 +36.4855518  25.6060   0.2143
1077 214.5917868 +36.5107376  24.7738   0.0443
1078 214.5915732 +36.5070068  25.3662   0.1546
1079 214.5896056 +36.4804194  25.7833   0.1854
1080 214.5893195 +36.4768561  26.2432   0.1447
1081 214.5908931 +36.4992388  24.9775   0.1098
1082 214.5894603 +36.4793478  25.9474   0.1662
1083 214.5915144 +36.5079599  26.1360   0.1977
1084 214.5903473 +36.4933378  23.5458   0.0351
1085 214.5907132 +36.5000564  23.6180   0.0864
1086 214.5889922 +36.4777997  23.5007   0.0316
1087 214.5898557 +36.4887604  24.5953   0.1346
1088 214.5901077 +36.4930119  23.8777   0.0639
1089 214.5888781 +36.4749260  26.1843   0.1341
1090 214.5910193 +36.5057456  25.6860   0.0978
1091 214.5891976 +36.4814723  25.3172   0.1510
1092 214.5888140 +36.4755391  26.2571   0.1749
1093 214.5900098 +36.4923668  25.6700   0.2153
1094 214.5883327 +36.4785732  20.9931   0.0060
1095 214.5903961 +36.4989565  23.6755   0.0650
1096 214.5895875 +36.4872371  25.1661   0.1508
1097 214.5912562 +36.5108925  26.1180   0.1320
1098 214.5905622 +36.5018743  24.4733   0.0649
1099 214.5897687 +36.4901800  25.5627   0.1606
1100 214.5904316 +36.4997422  25.9006   0.2255
1101 214.5921344 +36.5093819  25.9548   0.1322
1102 214.5883499 +36.4810345  20.3571   0.0040
1103 214.5905999 +36.5037377  24.7299   0.1150
1104 214.5894046 +36.4913739  22.6188   0.0449
1105 214.5902978 +36.5008574  25.1871   0.0928
1106 214.5900728 +36.4974581  25.6735   0.2492
1107 214.5900891 +36.4985136  25.5866   0.2266
1108 214.5893561 +36.4886611  24.9913   0.1486
1109 214.5896695 +36.4937251  24.6146   0.1422
1110 214.5881561 +36.4739441  24.7379   0.0417
1111 214.5906651 +36.5076085  25.7727   0.1457
1112 214.5902364 +36.5028983  25.6815   0.1255
1113 214.5901149 +36.5019271  23.5157   0.0272
1114 214.5878179 +36.4775325  21.1486   0.0057
1115 214.5897537 +36.4979057  25.1364   0.2298
1116 214.5895688 +36.4943490  25.3697   0.2174
1117 214.5895473 +36.4951523  24.4543   0.1237
1118 214.5893883 +36.4950277  24.1604   0.1269
1119 214.5892797 +36.4918987  24.0971   0.0530
1120 214.5903967 +36.5070133  26.3699   0.1377
1121 214.5903579 +36.5061216  25.8745   0.1762
1122 214.5902465 +36.5066549  26.2112   0.1257
1123 214.5889895 +36.4894213  25.4334   0.2081
1124 214.5889344 +36.4904987  24.2753   0.0564
1125 214.5896344 +36.5006679  25.6612   0.1481
1126 214.5896580 +36.5019899  25.9173   0.1691
1127 214.5900617 +36.5091218  23.9707   0.0439
1128 214.5891663 +36.4973308  23.9094   0.0955
1129 214.5889495 +36.4937713  24.8556   0.0989
1130 214.5884004 +36.4863028  23.5267   0.0254
1131 214.5898072 +36.5057687  26.0094   0.2096
1132 214.5895708 +36.5031074  25.2797   0.1143
1133 214.5883694 +36.4896825  21.9203   0.0167
1134 214.5893262 +36.5012425  25.2307   0.1869
1135 214.5888853 +36.4958417  23.6578   0.0477
1136 214.5880067 +36.4838331  25.8001   0.1127
1137 214.5879397 +36.4787534  23.9615   0.0298
1138 214.5896308 +36.5060589  26.0820   0.2327
1139 214.5881602 +36.4919087  22.8279   0.0611
1140 214.5901372 +36.5103040  25.8810   0.1006
1141 214.5876287 +36.4791318  25.7393   0.1420
1142 214.5889114 +36.4974724  24.4426   0.1298
1143 214.5872663 +36.4821231  20.9540   0.0064
1144 214.5895442 +36.5089684  22.7385   0.0103
1145 214.5896951 +36.5099898  26.1374   0.1700
1146 214.5893758 +36.5067183  25.0847   0.1369
1147 214.5880956 +36.4914091  22.7094   0.0331
1148 214.5892626 +36.5055286  25.6372   0.1744
1149 214.5873191 +36.4793223  26.7692   0.1752
1150 214.5868547 +36.4750670  24.5222   0.0551
1151 214.5887245 +36.4814526  23.8214   0.0292
1152 214.5886665 +36.4988346  24.8740   0.1296
1153 214.5870220 +36.4768485  25.8549   0.0995
1154 214.5893493 +36.5049587  26.1932   0.2305
1155 214.5890794 +36.5057293  24.9043   0.1551
1156 214.5878694 +36.4892768  24.3663   0.0837
1157 214.5891045 +36.5063791  25.3109   0.1395
1158 214.5877252 +36.4879555  24.4705   0.0749
1159 214.5870260 +36.4783540  25.7357   0.1634
1160 214.5886485 +36.5022694  24.3530   0.0599
1161 214.5884587 +36.5024767  23.1311   0.0192
1162 214.5882524 +36.4963668  24.6184   0.0684
1163 214.5905432 +36.5040775  22.7915   0.0182
1164 214.5866246 +36.4762289  24.4787   0.0759
1165 214.5864814 +36.4761280  26.0267   0.1383
1166 214.5891605 +36.5095430  25.6788   0.0820
1167 214.5888182 +36.5046039  26.0287   0.2026
1168 214.5890369 +36.5084840  25.4417   0.0778
1169 214.5890427 +36.5082175  26.2715   0.2229
1170 214.5876608 +36.4912153  23.4307   0.0362
1171 214.5874889 +36.4914002  24.3230   0.1010
1172 214.5875442 +36.4885541  26.0670   0.1617
1173 214.5870371 +36.4843926  23.0527   0.0295
1174 214.5882694 +36.4994593  25.9311   0.1965
1175 214.5881883 +36.4944119  23.5254   0.0317
1176 214.5885363 +36.5045688  25.1697   0.1445
1177 214.5882903 +36.5004974  25.9832   0.1475
1178 214.5881420 +36.4987730  25.2599   0.1703
1179 214.5887193 +36.4829732  25.0399   0.1278
1180 214.5885104 +36.5048249  26.2022   0.1880
1181 214.5880921 +36.4999632  25.5398   0.1773
1182 214.5887267 +36.5089643  25.9653   0.1394
1183 214.5883903 +36.5081022  23.1260   0.0205
1184 214.5882317 +36.5017998  26.1517   0.1425
1185 214.5862901 +36.4756312  26.6171   0.1778
1186 214.5887237 +36.5092868  26.6122   0.2029
1187 214.6274522 +36.5084198  25.7135   0.1439
1188 214.5884491 +36.5111684  22.1077   0.0136
1189 214.5884293 +36.5072506  26.0651   0.1549
1190 214.5884869 +36.5085412  26.0562   0.1820
1191 214.5884642 +36.5091466  26.0630   0.1660
1192 214.5882168 +36.5060071  26.0193   0.2404
1193 214.5870467 +36.4900644  24.7818   0.1305
1194 214.5864597 +36.4745397  25.9618   0.0887
1195 214.5858929 +36.4748175  25.8218   0.1227
1196 214.5880282 +36.5049837  25.4698   0.1134
1197 214.5878565 +36.5018195  25.9033   0.1671
1198 214.5876978 +36.5001043  24.9299   0.1139
1199 214.5858511 +36.4750946  25.7571   0.1188
1200 214.5881439 +36.5068334  26.0640   0.2020
1201 214.5871373 +36.4934898  25.2940   0.1453
1202 214.5869365 +36.4904097  26.0279   0.2105
1203 214.5866320 +36.4881545  23.3928   0.0225
1204 214.5879360 +36.5053654  26.1158   0.1954
1205 214.5868544 +36.4916905  24.7720   0.1179
1206 214.5881199 +36.5087652  26.5021   0.1781
1207 214.5878960 +36.5060400  25.4096   0.1357
1208 214.5865008 +36.4885584  23.6794   0.0358
1209 214.5862867 +36.4859713  23.4799   0.0272
1210 214.5858578 +36.4809356  24.1388   0.0737
1211 214.5855006 +36.4763385  22.5450   0.0086
1212 214.5877065 +36.5049176  26.4883   0.1507
1213 214.5872947 +36.4997150  25.4564   0.1624
1214 214.5866641 +36.4928396  22.9170   0.0182
1215 214.5859676 +36.4826225  23.7088   0.0240
1216 214.5859626 +36.4823480  25.6674   0.1500
1217 214.5876810 +36.5065231  25.2016   0.1157
1218 214.5874638 +36.5052732  24.1230   0.0777
1219 214.5857795 +36.4789714  25.7282   0.1275
1220 214.5852432 +36.4781066  22.4265   0.0241
1221 214.5878020 +36.5094210  24.3986   0.0335
1222 214.5852976 +36.4754307  26.2474   0.1015
1223 214.5878812 +36.5112448  26.8475   0.1272
1224 214.5876269 +36.5088484  25.1033   0.1057
1225 214.5873197 +36.5054745  25.4626   0.1609
1226 214.5861372 +36.4904689  24.4979   0.0758
1227 214.5852672 +36.4800341  23.3879   0.0166
1228 214.5872910 +36.5082437  26.4938   0.1166
1229 214.5861117 +36.4927918  25.5464   0.1307
1230 214.5872792 +36.5100242  25.8120   0.0863
1231 214.5871045 +36.5077832  26.6647   0.1380
1232 214.5880788 +36.5010396  25.8808   0.1328
1233 214.5866256 +36.5025431  24.3258   0.0397
1234 214.5854656 +36.4860040  26.7531   0.2069
1235 214.5846885 +36.4761160  26.4718   0.1251
1236 214.5846427 +36.4768366  25.9957   0.0993
1237 214.5872697 +36.5049457  25.5423   0.1429
1238 214.5856427 +36.4904165  26.0961   0.1507
1239 214.5862722 +36.4976533  25.3149   0.1382
1240 214.5862461 +36.5000686  26.1615   0.1251
1241 214.5855420 +36.4916624  24.5608   0.1098
1242 214.5854361 +36.4910722  23.6559   0.0284
1243 214.5860541 +36.4992146  24.7542   0.1180
1244 214.5858389 +36.4976114  24.3860   0.0581
1245 214.5858153 +36.4957685  25.6983   0.1986
1246 214.5857365 +36.4953088  25.0718   0.0827
1247 214.5875679 +36.5061057  25.2268   0.1251
1248 214.5848846 +36.4850330  24.5933   0.0845
1249 214.5847748 +36.4848193  23.1146   0.0183
1250 214.5850800 +36.4885832  26.1554   0.1598
1251 214.6273620 +36.5074072  26.2487   0.1420
1252 214.6257780 +36.4864298  25.8790   0.1369
1253 214.5837488 +36.4798338  23.5800   0.0192
1254 214.5866911 +36.5112882  27.1404   0.1702
1255 214.5847066 +36.4856564  23.1055   0.0153
1256 214.5844915 +36.4816810  26.4686   0.1210
1257 214.5866397 +36.5109356  26.7078   0.1342
1258 214.5848198 +36.4866458  26.3451   0.1628
1259 214.5859807 +36.5039460  25.3980   0.0901
1260 214.5850852 +36.4913917  25.2233   0.1102
1261 214.5848295 +36.4889591  23.6912   0.0320
1262 214.5860263 +36.5049429  25.4739   0.1660
1263 214.5847258 +36.4877860  25.5518   0.1606
1264 214.6249639 +36.4829069  21.0620   0.0076
1265 214.5840233 +36.4781542  25.7500   0.1106
1266 214.5857796 +36.5032971  24.1431   0.0831
1267 214.5849726 +36.4921611  25.1318   0.1312
1268 214.5845838 +36.4871088  24.9646   0.0635
1269 214.5840449 +36.4793144  26.6306   0.1386
1270 214.6266567 +36.4991143  24.8819   0.1185
1271 214.5856307 +36.5046697  25.6993   0.1648
1272 214.5860504 +36.5108939  26.1669   0.1646
1273 214.6262202 +36.4928656  26.1408   0.1540
1274 214.5841674 +36.4861093  24.5279   0.0858
1275 214.5836564 +36.4788525  25.6477   0.0748
1276 214.5840597 +36.4848144  25.4743   0.0855
1277 214.5859797 +36.5104311  26.3700   0.1542
1278 214.5859395 +36.5062597  25.9169   0.1737
1279 214.5837581 +36.4822506  26.3468   0.1895
1280 214.5857007 +36.5095696  26.8593   0.1593
1281 214.5852128 +36.5029888  26.1899   0.2087
1282 214.5845668 +36.4946687  25.5885   0.0997
1283 214.5831959 +36.4763698  27.0792   0.1835
1284 214.5841221 +36.4898098  26.0906   0.1585
1285 214.5841089 +36.4790106  26.4239   0.1095
1286 214.5856458 +36.5110452  26.8692   0.1444