# col1     col2    col3    col4    col5    col6   col7 col8 col9 col10 col11  col12 col13 col14 col15 col16
  137.7997 60.0146 93.71   185.81  275.78  1309.0 0.94 0.01 0.0  0.59  -4.78  0.0   0.0   0.0   3.0   1.0  
  137.8468 60.0402 -3.73   107.42  159.43  1014.0 1.0  0.0  0.0  0.44  -10.33 0.0   0.0   0.0   3.0   2.0  
  137.9498 60.012  85.4    -84.06  -124.76 1088.0 0.98 0.0  0.0  0.36  -7.5   0.0   0.0   0.0   3.0   3.0  
  137.8677 59.983  199.48  56.44   83.76   1189.0 1.0  0.0  0.0  0.25  -5.78  0.0   0.0   0.0   3.0   4.0  
  137.8295 60.0331 23.98   136.69  202.87  1266.0 0.4  0.0  0.0  0.69  -4.86  0.0   0.0   0.0   3.0   5.0  
  137.8473 60.0664 -97.72  112.57  167.07  1260.0 1.0  0.01 0.0  0.45  -5.09  0.0   0.0   0.0   3.0   6.0  
  137.7931 60.0314 34.15   201.65  299.28  1303.0 0.51 0.01 0.01 0.61  -4.58  0.0   0.0   0.0   3.0   7.0  
  137.6984 60.0499 -20.96  375.83  557.79  1379.0 0.86 0.01 0.0  0.47  -4.69  0.0   0.0   0.0   3.0   8.0  
  137.9881 60.0432 -31.16  -145.43 -215.84 1371.0 0.39 0.0  0.01 0.67  -4.4   0.0   0.0   0.0   3.0   9.0  
  137.7608 60.0011 146.98  252.49  374.73  1308.0 1.0  0.01 0.0  0.58  -4.81  0.0   0.0   0.0   3.0   10.0 
  137.9121 59.9871 179.33  -22.31  -33.11  1566.0 1.0  0.0  0.0  0.35  -6.46  0.0   0.0   0.0   2.0   11.0 
  137.9032 60.0711 -121.51 13.43   19.94   1194.0 1.0  0.0  0.0  0.64  -5.71  0.0   0.0   0.0   2.0   12.0 
  138.0192 60.104  -253.16 -186.93 -277.43 1607.0 1.0  0.0  0.0  0.29  -7.25  0.0   0.0   0.0   3.0   13.0 
  137.9762 60.0671 -115.45 -118.55 -175.94 1411.0 0.98 0.01 0.0  0.89  -4.85  0.0   0.0   0.0   3.0   14.0 
  137.9626 60.0487 -48.03  -98.33  -145.94 1542.0 0.82 0.0  0.0  0.57  -6.27  0.0   0.0   0.0   3.0   15.0 
  137.9616 60.0442 -31.53  -97.63  -144.9  1535.0 0.77 0.0  0.0  0.92  -6.39  0.0   0.0   0.0   3.0   16.0 
  137.9544 60.0629 -97.94  -80.36  -119.26 1138.0 1.0  0.0  0.0  0.53  -6.56  0.0   0.0   0.0   3.0   17.0 
  137.9544 60.1015 -236.46 -71.26  -105.76 1283.0 1.0  0.01 0.0  0.49  -4.92  0.0   0.0   0.0   3.0   18.0 
  137.7829 60.0276 49.14   219.0   325.03  1198.0 0.9  0.0  0.0  0.49  -5.79  0.0   0.0   0.0   3.0   19.0 
  137.7746 59.9978 157.1   227.0   336.9   1444.0 1.0  0.01 0.0  0.61  -5.05  0.0   0.0   0.0   3.0   20.0 
  137.9209 60.0265 36.66   -28.81  -42.76  984.0  0.06 0.0  0.0  0.63  -8.84  0.0   0.0   0.0   1.0   21.0 
  137.878  60.0247 48.46   47.75   70.87   1228.0 0.67 0.0  0.0  0.45  -5.21  0.0   0.0   0.0   1.0   22.0 
  137.8451 60.0248 51.75   106.71  158.37  1352.0 0.71 0.01 0.0  0.4   -4.65  0.0   0.0   0.0   3.0   23.0 
  137.8305 60.0284 40.44   133.83  198.62  1282.0 0.49 0.0  0.0  0.8   -4.66  0.0   0.0   0.0   3.0   24.0 
  137.8727 60.0354 10.52   59.78   88.72   1072.0 0.29 0.0  0.0  0.48  -7.38  0.0   0.0   0.0   2.0   25.0 
  138.0304 59.9603 261.66  -240.84 -357.44 1486.0 1.0  0.0  0.0  0.54  -5.42  0.0   0.0   0.0   3.0   26.0 
  137.9894 59.9666 244.05  -165.81 -246.09 1493.0 1.0  0.0  0.0  0.42  -5.49  0.0   0.0   0.0   3.0   27.0 
  137.9552 60.0253 36.9    -90.65  -134.53 1300.0 0.44 0.0  0.01 0.44  -4.5   0.0   0.0   0.0   3.0   28.0 
  137.8885 60.0599 -79.26  37.1    55.06   1386.0 0.97 0.01 0.0  0.63  -4.69  0.0   0.0   0.0   1.0   29.0 
  137.7978 60.0927 -186.44 207.67  308.22  1335.0 1.0  0.01 0.0  0.64  -4.74  0.0   0.0   0.0   3.0   30.0 
  137.7113 60.0758 -115.81 358.89  532.64  1201.0 1.0  0.0  0.0  0.61  -5.63  0.0   0.0   0.0   3.0   31.0 
  137.9087 60.0142 82.37   -9.85   -14.61  1729.0 1.0  0.0  0.0  0.5   -11.59 0.0   0.0   0.0   1.0   32.0 
  137.9297 60.0163 72.54   -47.0   -69.75  1166.0 0.79 0.0  0.0  1.02  -5.91  0.0   0.0   0.0   2.0   33.0 
  137.8997 60.0189 66.57   7.42    11.01   1005.0 0.08 0.0  0.0  0.73  -8.16  0.0   0.0   0.0   1.0   34.0 
  137.8692 60.0366 6.74    66.39   98.53   1077.0 0.28 0.0  0.0  0.33  -7.35  0.0   0.0   0.0   2.0   35.0 
  137.8482 60.0398 -2.57   104.77  155.5   1363.0 0.21 0.0  0.01 0.38  -4.28  0.0   0.0   0.0   3.0   36.0 
  137.8468 60.0503 -40.13  109.69  162.8   1392.0 0.46 0.01 0.01 0.35  -4.47  0.0   0.0   0.0   3.0   37.0 
  137.9716 60.0592 -86.67  -112.02 -166.25 1296.0 0.99 0.01 0.0  0.65  -4.89  0.0   0.0   0.0   3.0   38.0 
  137.9469 60.0522 -58.5   -69.39  -102.99 1534.0 0.7  0.0  0.0  0.63  -5.8   0.0   0.0   0.0   2.0   39.0 
  137.7762 60.0455 -14.59  235.31  349.24  1324.0 0.49 0.01 0.01 0.56  -4.54  0.0   0.0   0.0   3.0   40.0 
  137.7544 60.0405 6.01    273.18  405.43  1189.0 0.94 0.0  0.0  0.65  -6.08  0.0   0.0   0.0   3.0   41.0 
  137.6008 60.0311 57.94   546.58  811.2   1386.0 0.4  0.0  0.01 0.52  -4.55  0.0   0.0   0.0   3.0   42.0 
  137.8654 60.0228 56.65   69.96   103.84  1145.0 0.66 0.0  0.0  0.77  -6.15  0.0   0.0   0.0   2.0   43.0 
  137.8618 60.0426 -14.25  81.05   120.29  1494.0 0.35 0.0  0.0  0.32  -5.39  0.0   0.0   0.0   2.0   44.0 
  137.9149 60.0496 -45.34  -12.66  -18.8   1581.0 0.24 0.0  0.0  0.57  -5.96  0.0   0.0   0.0   1.0   45.0 
  137.9161 60.0496 -45.5   -14.72  -21.85  1534.0 0.42 0.0  0.0  0.62  -5.58  0.0   0.0   0.0   1.0   46.0 
  137.9075 60.0495 -44.33  0.71    1.06    1366.0 0.98 0.01 0.0  0.53  -4.84  0.0   0.0   0.0   1.0   47.0 
  137.8578 60.0547 -56.93  90.99   135.04  1407.0 0.68 0.01 0.0  0.28  -4.66  0.0   0.0   0.0   3.0   48.0 
  137.8765 60.0449 -24.02  55.14   81.83   1404.0 0.53 0.0  0.0  -0.44 -4.82  0.0   0.0   0.0   2.0   49.0 
  137.9059 60.0258 41.1    -2.05   -3.04   1347.0 0.98 0.01 0.0  0.69  -4.84  0.0   0.0   0.0   1.0   50.0 
  137.8303 60.0512 -41.39  139.58  207.16  1428.0 0.5  0.0  0.0  0.54  -4.69  0.0   0.0   0.0   3.0   51.0 
  137.8524 59.999  143.64  87.63   130.05  1477.0 1.0  0.0  0.0  0.69  -5.33  0.0   0.0   0.0   3.0   52.0 
  138.044  60.0277 17.94   -249.37 -370.11 1444.0 0.75 0.0  0.0  0.37  -5.16  0.0   0.0   0.0   3.0   53.0 
  138.0113 59.992  149.97  -199.04 -295.4  1469.0 1.0  0.01 0.0  0.73  -5.26  0.0   0.0   0.0   3.0   54.0 
  137.999  60.0179 58.54   -170.87 -253.59 1356.0 0.77 0.01 0.0  0.51  -4.65  0.0   0.0   0.0   3.0   55.0 
  137.9913 60.0318 9.48    -153.95 -228.49 1330.0 0.28 0.0  0.01 0.38  -4.35  0.0   0.0   0.0   3.0   56.0 
  137.9852 60.0469 -44.01  -139.39 -206.88 1419.0 0.52 0.01 0.0  0.74  -4.63  0.0   0.0   0.0   3.0   57.0 
  137.9723 60.0361 -3.91   -118.8  -176.32 1191.0 0.81 0.0  0.0  0.81  -6.6   0.0   0.0   0.0   3.0   58.0 
  137.9613 60.0355 -0.26   -99.26  -147.31 1456.0 0.43 0.0  0.0  0.64  -5.39  0.0   0.0   0.0   3.0   59.0 
  137.9556 60.0275 29.15   -90.85  -134.84 1231.0 0.49 0.0  0.0  0.47  -5.24  0.0   0.0   0.0   3.0   60.0 
  137.9522 60.0348 3.3     -83.08  -123.31 1432.0 0.35 0.0  0.0  0.68  -5.01  0.0   0.0   0.0   2.0   61.0 
  137.9438 60.0312 17.09   -68.7   -101.97 1611.0 0.51 0.0  0.0  0.62  -7.38  0.0   0.0   0.0   2.0   62.0 
  137.937  60.0387 -9.02   -54.83  -81.38  1457.0 0.38 0.0  0.0  0.61  -5.1   0.0   0.0   0.0   2.0   63.0 
  137.8211 60.0541 -50.75  156.73  232.62  1067.0 1.0  0.0  0.0  0.65  -8.22  0.0   0.0   0.0   3.0   64.0 
  137.8096 60.0386 6.48    173.68  257.76  1153.0 0.94 0.0  0.0  0.94  -7.08  0.0   0.0   0.0   3.0   65.0 
  137.7969 60.0337 25.64   195.32  289.89  1328.0 0.42 0.0  0.01 0.6   -4.43  0.0   0.0   0.0   3.0   66.0 
  137.7576 60.0107 112.65  260.52  386.65  1370.0 0.99 0.01 0.0  0.36  -4.74  0.0   0.0   0.0   3.0   67.0 
  137.7528 60.0296 45.44   273.49  405.89  1493.0 0.98 0.0  0.0  0.69  -5.64  0.0   0.0   0.0   3.0   68.0 
  137.7849 60.0487 -27.05  220.37  327.07  1185.0 0.96 0.0  0.0  0.4   -6.26  0.0   0.0   0.0   3.0   69.0 
  137.8832 60.0274 37.99   39.04   57.94   1521.0 0.9  0.0  0.0  0.64  -6.23  0.0   0.0   0.0   1.0   70.0 
  137.8686 60.0476 -32.95  69.95   103.82  1095.0 0.74 0.0  0.0  0.47  -7.48  0.0   0.0   0.0   2.0   71.0 
  137.9113 60.0493 -43.9   -6.14   -9.11   1414.0 0.91 0.01 0.0  0.78  -4.94  0.0   0.0   0.0   1.0   72.0 
  137.8859 60.0532 -54.98  40.18   59.64   1020.0 0.99 0.0  0.0  0.5   -10.22 0.0   0.0   0.0   1.0   73.0 
  137.8887 60.0217 57.71   27.92   41.43   1184.0 0.62 0.0  0.0  0.36  -5.69  0.0   0.0   0.0   1.0   74.0 
  137.8764 60.0197 66.29   49.39   73.3    1505.0 0.98 0.0  0.0  0.59  -5.71  0.0   0.0   0.0   2.0   75.0 
  137.8702 60.0328 20.01   63.71   94.55   1211.0 0.41 0.0  0.0  0.7   -5.36  0.0   0.0   0.0   2.0   76.0 
  137.9516 60.0561 -73.3   -76.82  -114.01 1035.0 0.99 0.0  0.0  0.35  -8.65  0.0   0.0   0.0   2.0   77.0 
  137.9458 60.0589 -82.5   -65.78  -97.63  1214.0 0.99 0.0  0.0  0.7   -5.52  0.0   0.0   0.0   2.0   78.0 
  137.9266 60.1673 -469.61 -5.95   -8.82   1334.0 1.0  0.0  0.0  0.55  -5.43  0.0   0.0   0.0   3.0   79.0 
  137.9223 59.9998 132.58  -37.57  -55.76  1353.0 1.0  0.01 0.0  0.78  -4.75  0.0   0.0   0.0   2.0   80.0 
  137.8682 59.9916 168.3   57.55   85.42   1387.0 1.0  0.01 0.0  0.57  -4.77  0.0   0.0   0.0   3.0   81.0 
  137.8556 59.9717 241.49  75.37   111.87  1281.0 1.0  0.01 0.0  0.48  -4.93  0.0   0.0   0.0   3.0   82.0 
  137.8531 59.9938 162.27  85.05   126.23  1393.0 1.0  0.01 0.0  0.3   -4.79  0.0   0.0   0.0   3.0   83.0 
  137.8459 59.9964 153.89  98.56   146.28  1072.0 1.0  0.0  0.0  0.63  -7.82  0.0   0.0   0.0   3.0   84.0 
  137.8979 60.0413 -13.58  15.99   23.73   1254.0 0.83 0.0  0.0  0.61  -5.3   0.0   0.0   0.0   1.0   85.0 
  137.8934 60.0411 -12.44  23.95   35.55   1391.0 0.63 0.01 0.0  1.12  -4.71  0.0   0.0   0.0   1.0   86.0 
  137.9072 60.0446 -26.66  0.13    0.19    1151.0 1.0  0.0  0.0  0.43  -6.95  0.0   0.0   0.0   1.0   87.0 
  137.9238 60.0306 21.86   -33.14  -49.19  1654.0 0.76 0.0  0.0  0.67  -9.27  0.0   0.0   0.0   1.0   88.0 
  137.9023 60.0304 24.97   5.46    8.1     1127.0 0.17 0.0  0.0  0.57  -5.67  0.0   0.0   0.0   1.0   89.0 
  137.9138 60.0328 14.96   -14.66  -21.76  1420.0 0.84 0.01 0.0  0.96  -5.03  0.0   0.0   0.0   1.0   90.0 
  137.8872 60.0385 -2.31   34.54   51.27   1334.0 0.52 0.0  0.0  0.94  -4.71  0.0   0.0   0.0   1.0   91.0 
  137.9108 60.031  21.91   -9.7    -14.4   1280.0 0.72 0.01 0.0  0.51  -4.89  0.0   0.0   0.0   1.0   92.0 
  137.8867 60.0304 26.92   33.51   49.74   1200.0 0.46 0.0  0.0  1.17  -5.42  0.0   0.0   0.0   1.0   93.0 
  137.8942 60.0321 19.97   20.31   30.15   1253.0 0.58 0.0  0.0  0.51  -4.96  0.0   0.0   0.0   1.0   94.0 
  137.8967 60.038  -1.72   17.38   25.79   1253.0 0.69 0.0  0.0  0.87  -5.14  0.0   0.0   0.0   1.0   95.0 
  137.9119 60.0354 5.85    -10.55  -15.66  1373.0 0.8  0.01 0.0  0.62  -4.7   0.0   0.0   0.0   1.0   96.0 
  137.9212 60.0328 14.06   -27.92  -41.44  1741.0 0.57 0.0  0.0  0.87  -11.95 0.0   0.0   0.0   1.0   97.0 
  137.893  60.0318 20.99   22.54   33.46   1250.0 0.56 0.0  0.0  0.92  -4.98  0.0   0.0   0.0   1.0   98.0 
  137.8794 60.042  -13.94  49.35   73.25   1214.0 0.52 0.0  0.0  1.12  -5.67  0.0   0.0   0.0   1.0   99.0 
  137.9031 60.0273 36.08   3.25    4.83    1510.0 1.0  0.0  0.0  1.05  -6.1   0.0   0.0   0.0   1.0   100.0
  137.9144 60.0298 25.85   -16.44  -24.4   1313.0 0.76 0.01 0.0  0.61  -4.77  0.0   0.0   0.0   1.0   101.0
  137.9044 60.0313 21.5    1.89    2.8     1588.0 1.0  0.0  0.0  0.79  -7.65  0.0   0.0   0.0   1.0   102.0
  137.9193 60.0359 3.13    -23.79  -35.31  1254.0 0.55 0.0  0.0  0.72  -5.07  0.0   0.0   0.0   1.0   103.0
  137.8966 60.038  -1.66   17.47   25.92   1446.0 0.66 0.0  0.0  0.87  -5.03  0.0   0.0   0.0   1.0   104.0
  137.9011 60.0426 -18.62  10.51   15.59   1507.0 0.43 0.0  0.0  0.89  -5.3   0.0   0.0   0.0   1.0   105.0
  137.8388 60.0006 139.46  112.34  166.72  1442.0 1.0  0.01 0.0  0.33  -5.04  0.0   0.0   0.0   3.0   106.0
