#  Table 3115.tab  Fri 16:12:25 15-Jan-2016

# row     SMA     INTENS    INT_ERR   PIX_VAR       RMS  ELLIP ELLIP_ERR      PA
#       pixel                                                            degrees

    1    0.00      2342.      INDEF     INDEF     INDEF  INDEF     INDEF   INDEF
    2    0.52      2287.       2.11      10.7      7.59 0.3832    0.0545   75.61
    3    0.57      2286.       2.23      11.4      8.05 0.4057    0.0517   75.18
    4    0.63      2283.       1.95      9.92      7.01 0.4224    0.0334   71.11
    5    0.69      2275.       3.89      19.8       14. 0.3385    0.0590   56.32
    6    0.76      2256.       4.94      25.2      17.8 0.2691    0.0628   43.50
    7    0.84      2226.       6.47       33.      23.3 0.2111    0.0633   42.19
    8    0.92      2199.       6.59      33.6      23.8 0.2098    0.0549   41.73
    9    1.02      2167.       5.97      30.4      21.5 0.2106    0.0442   41.43
   10    1.12      2129.        5.2      26.5      18.7 0.2067    0.0353   41.80
   11    1.23      2090.       4.72      24.1       17. 0.2091    0.0288   42.12
   12    1.35      2049.       4.44      22.6       16. 0.2211    0.0246   42.35
   13    1.49      2007.       4.52       23.      16.3 0.2345    0.0215   41.88
   14    1.64      1959.       4.37      22.3      15.7 0.2490    0.0182   42.74
   15    1.80      1906.       4.46      22.7      16.1 0.2636    0.0167   43.78
   16    1.98      1847.       4.51       23.      16.3 0.2761    0.0142   44.21
   17    2.18      1772.       3.06      15.6       11. 0.2808    0.0096   44.52
   18    2.39      1697.       1.57      8.29      5.87 0.2878    0.0044   44.93
   19    2.63      1622.       2.41      12.7      9.01 0.2997    0.0067   46.32
   20    2.90      1545.       2.65      14.5      10.3 0.3086    0.0068   46.07
   21    3.19      1464.       1.89       11.      7.79 0.3206    0.0046   46.81
   22    3.50      1386.       1.46      8.79      6.21 0.3341    0.0035   47.03
   23    3.86      1304.       1.69      10.7      7.58 0.3442    0.0040   46.45
   24    4.24      1225.       1.83      11.8      8.38 0.3542    0.0048   46.27
   25    4.67      1160.       1.48       10.       7.1 0.3718    0.0039   46.57
   26    5.13      1102.       1.45      10.2      7.24 0.3917    0.0039   46.32
   27    5.64      1043.       1.67      12.3      8.67 0.4072    0.0050   45.98
   28    6.21       995.       1.75      13.3      9.42 0.4264    0.0055   46.06
   29    6.83       952.       1.71      13.5      9.53 0.4456    0.0059   45.77
   30    7.51       914.       1.75      14.4      10.2 0.4644    0.0063   45.77
   31    8.26       880.        1.8      15.3      10.8 0.4841    0.0069   45.47
   32    9.09       848.       1.82       16.      11.3 0.4990    0.0075   45.47
   33   10.00       819.       1.85       17.       12. 0.5141    0.0084   45.29
   34   11.00       794.       1.89      18.2      12.8 0.5298    0.0088   45.13
   35   12.10       771.       1.88      18.6      13.2 0.5449    0.0097   44.97
   36   13.31       750.        1.9      19.6      13.8 0.5558    0.0109   44.84
   37   14.64       732.       1.97      21.2       15. 0.5689    0.0113   44.84
   38   16.11       714.       1.82      20.3      14.3 0.5794    0.0116   44.62
   39   17.72       698.       1.73      20.2      14.3 0.5883    0.0109   44.55
   40   19.49       679.       1.43      17.6      12.4 0.5874    0.0104   44.60
   41   21.44       663.       1.12      14.4      10.2 0.5859    0.0101   44.60
   42   23.58       649.      0.924      12.4      8.77 0.5863    0.0099   44.60
   43   25.94       638.      0.794      11.2       7.9 0.5895    0.0093   44.75
   44   28.53       629.      0.632      9.29      6.57 0.5932    0.0085   44.70
   45   31.38       621.      0.527      8.06       5.7 0.6019    0.0082   44.46
   46   34.52       615.      0.415      6.62      4.68 0.6114    0.0071   44.36
   47   37.97       610.      0.326      5.39      3.81 0.6225    0.0066   44.48
   48   41.77       605.      0.286      4.93      3.48 0.6339    0.0060   44.39
   49   45.95       601.      0.203      3.66      2.59 0.6384    0.0053   44.57
   50   50.54       597.      0.169      3.17      2.24 0.6438    0.0050   44.51
   51   55.60       594.       0.14      2.75      1.94 0.6506    0.0053   44.33
   52   61.16       593.      0.125      2.54       1.8 0.6656    0.0047   44.58
   53   67.28       590.     0.0934      1.99      1.41 0.6644    0.0040   44.49
   54   74.00       588.     0.0807      1.81      1.28 0.6607    0.0041   44.44
   55   81.40       586.     0.0595      1.38     0.979 0.6711    0.0032   44.49
   56   89.54       584.     0.0582      1.44      1.02 0.6558    0.0049   43.63
   57   98.50       583.     0.0497       1.3     0.921 0.6451    0.0040   43.94
   58  108.35       582.     0.0485      1.33     0.941 0.6462    0.0055   44.49
   59  119.18       581.     0.0473      1.39     0.986 0.6196    0.0093   44.49
   60  131.10       580.     0.0483      1.49      1.05 0.6196    0.0002   43.72
   61  144.21       580.     0.0465      1.51      1.07 0.6196    0.0005   42.14
   62  158.63       579.     0.0482      1.58      1.12 0.6196    0.0005   42.14
   63  174.49       579.     0.0902      2.94      2.08 0.6363    0.0010   42.14

# row  PA_ERR      X0 X0_ERR      Y0 Y0_ERR     GRAD GRAD_ERR GRAD_R_ERR
#     degrees   pixel  pixel   pixel  pixel                             

    1   INDEF  199.34  INDEF  198.79  INDEF    -105.    INDEF      INDEF
    2    5.21  199.34   0.02  198.79   0.02    -156.     70.4      0.451
    3    4.74  199.39   0.02  198.77   0.02    -152.     65.6      0.431
    4    2.97  199.43   0.02  198.74   0.01    -181.     58.9      0.326
    5    6.21  199.44   0.03  198.66   0.02    -214.     90.2      0.421
    6    7.99  199.47   0.03  198.60   0.03    -257.     105.      0.408
    7    9.92  199.47   0.03  198.60   0.03    -328.     110.      0.336
    8    8.66  199.46   0.03  198.61   0.03    -351.     96.8      0.276
    9    6.96  199.45   0.03  198.61   0.03    -358.     78.9      0.221
   10    5.64  199.44   0.02  198.62   0.02    -357.     63.9      0.179
   11    4.55  199.43   0.02  198.63   0.02    -360.     54.4      0.151
   12    3.70  199.42   0.02  198.64   0.02    -355.     48.6      0.137
   13    3.08  199.42   0.02  198.65   0.02    -369.     44.5      0.121
   14    2.47  199.41   0.02  198.66   0.02    -376.     38.6      0.103
   15    2.16  199.41   0.02  198.66   0.02    -373.     35.9     0.0962
   16    1.77  199.40   0.02  198.67   0.02    -397.     27.8       0.07
   17    1.17  199.40   0.01  198.67   0.01    -362.     17.5     0.0483
   18    0.54  199.39   0.01  198.68   0.01    -351.     15.5     0.0441
   19    0.77  199.40   0.01  198.67   0.01    -322.     14.6     0.0453
   20    0.75  199.39   0.01  198.67   0.01    -311.     14.3      0.046
   21    0.52  199.37   0.01  198.69   0.01    -277.     9.93     0.0358
   22    0.37  199.38   0.01  198.68   0.01    -256.     8.14     0.0318
   23    0.42  199.40   0.01  198.67   0.01    -223.     7.86     0.0352
   24    0.48  199.41   0.01  198.65   0.01    -182.     7.76     0.0426
   25    0.38  199.41   0.01  198.66   0.01    -158.     6.07     0.0385
   26    0.36  199.41   0.01  198.66   0.01    -135.     5.21     0.0385
   27    0.46  199.41   0.02  198.66   0.02    -105.     5.33     0.0507
   28    0.48  199.42   0.02  198.66   0.02    -88.2     4.67     0.0529
   29    0.50  199.42   0.03  198.66   0.03    -69.8     4.24     0.0608
   30    0.53  199.42   0.04  198.66   0.03    -58.5     3.76     0.0643
   31    0.56  199.43   0.04  198.65   0.04    -47.7     3.36     0.0704
   32    0.59  199.43   0.05  198.65   0.05    -39.3     3.06      0.078
   33    0.65  199.43   0.07  198.65   0.07    -31.4     2.81     0.0895
   34    0.69  199.41   0.08  198.66   0.08    -26.5     2.52     0.0951
   35    0.73  199.43   0.10  198.64   0.10     -21.     2.28      0.108
   36    0.82  199.46   0.12  198.61   0.12    -16.7     2.11      0.126
   37    0.85  199.41   0.14  198.66   0.14    -14.6     1.86      0.128
   38    0.85  199.43   0.17  198.64   0.17    -11.7     1.58      0.136
   39    0.80  199.36   0.17  198.73   0.18    -10.5     1.25       0.12
   40    0.76  199.42   0.18  198.68   0.18    -8.26    0.937      0.113
   41    0.74  199.45   0.19  198.66   0.19    -6.07    0.984      0.162
   42    0.72  199.52   0.21  198.59   0.21    -4.62    0.717      0.155
   43    0.68  199.50   0.22  198.57   0.22    -3.79     0.56      0.148
   44    0.62  199.52   0.22  198.55   0.22    -2.96    0.401      0.135
   45    0.60  199.58   0.24  198.49   0.24    -2.27    0.289      0.128
   46    0.51  199.52   0.23  198.54   0.23    -1.82    0.209      0.115
   47    0.47  199.44   0.24  198.62   0.24    -1.37    0.161      0.118
   48    0.43  199.47   0.25  198.61   0.25    -1.15    0.113     0.0986
   49    0.38  199.51   0.24  198.64   0.25   -0.833   0.0741     0.0889
   50    0.36  199.39   0.26  198.81   0.26   -0.655   0.0559     0.0853
   51    0.38  199.49   0.31  198.91   0.31   -0.452   0.0434     0.0961
   52    0.33  199.33   0.31  199.09   0.31     -0.4   0.0333     0.0833
   53    0.28  199.23   0.28  199.84   0.29   -0.322   0.0238      0.074
   54    0.29  199.60   0.32  199.15   0.32   -0.246   0.0174     0.0705
   55    0.23  199.31   0.28  199.10   0.29   -0.205   0.0133     0.0651
   56    0.34  199.46   0.45  199.25   0.46   -0.125   0.0114     0.0917
   57    0.28  199.66   0.40  198.56   0.41   -0.122   0.0101     0.0822
   58    0.39  200.54   0.60  198.82   0.61    -0.08   0.0085      0.106
   59    0.67  200.54   1.07  198.82   1.08  -0.0442   0.0074      0.167
   60    0.01  200.54   0.03  198.82   0.03    -1.89    0.547       0.29
   61    0.03  197.01   0.06  202.14   0.06   -0.733    0.217      0.297
   62    0.04  188.67   0.08  211.36   0.08   -0.608    0.195      0.321
   63    0.07  178.87   0.17  222.19   0.18   -0.538    0.179      0.332

# row       RSMA     MAG MAG_LERR MAG_UERR      TFLUX_E      TFLUX_C  TMAG_E
#     pixel**1/4                                                            

    1    0.00000   -8.42    INDEF    INDEF        INDEF        INDEF   INDEF
    2    0.84958    -8.4    0.001  9.99E-4        2342.        2342.   -8.42
    3    0.87007    -8.4  0.00106  0.00106        2342.        2342.   -8.42
    4    0.89105    -8.4  9.25E-4  9.25E-4        2342.        2342.   -8.42
    5    0.91254   -8.39  0.00186  0.00185        2342.        2342.   -8.42
    6    0.93454   -8.38  0.00238  0.00238        2342.        2342.   -8.42
    7    0.95708   -8.37  0.00316  0.00315        2342.        2342.   -8.42
    8    0.98016   -8.36  0.00326  0.00325        2342.        2342.   -8.42
    9    1.00379   -8.34  0.00299  0.00299        2342.       10898.   -8.42
   10    1.02800   -8.32  0.00266  0.00265        2342.       10898.   -8.42
   11    1.05279    -8.3  0.00246  0.00245       10898.       10898.   -10.1
   12    1.07817   -8.28  0.00235  0.00235       10898.       10898.   -10.1
   13    1.10417   -8.26  0.00245  0.00244       15072.       18774.   -10.4
   14    1.13080   -8.23  0.00242  0.00242       15072.       18774.   -10.4
   15    1.15806    -8.2  0.00254  0.00254       15072.       18774.   -10.4
   16    1.18599   -8.17  0.00265  0.00265       18774.       18774.   -10.7
   17    1.21459   -8.12  0.00188  0.00188       18774.       25514.   -10.7
   18    1.24388   -8.07    0.001    0.001       25768.       38281.    -11.
   19    1.27387   -8.03  0.00161  0.00161       32508.       38281.   -11.3
   20    1.30459   -7.97  0.00187  0.00186       35691.       43824.   -11.4
   21    1.33605   -7.91   0.0014   0.0014       38585.       58995.   -11.5
   22    1.36826   -7.85  0.00115  0.00115       44249.       58995.   -11.6
   23    1.40126   -7.79  0.00141  0.00141       54982.       68375.   -11.9
   24    1.43505   -7.72  0.00162  0.00162       57522.       80810.   -11.9
   25    1.46965   -7.66  0.00139  0.00139       62386.       93167.    -12.
   26    1.50509   -7.61  0.00143  0.00142       80450.      111750.   -12.3
   27    1.54138   -7.55  0.00174  0.00173       84615.      118936.   -12.3
   28    1.57855   -7.49  0.00191  0.00191       92750.      139541.   -12.4
   29    1.61662   -7.45  0.00195  0.00195      110291.      159600.   -12.6
   30    1.65560    -7.4  0.00208  0.00207      117709.      184812.   -12.7
   31    1.69552   -7.36  0.00222  0.00222      132141.      218195.   -12.8
   32    1.73641   -7.32  0.00233  0.00232      152838.      247705.    -13.
   33    1.77828   -7.28  0.00246  0.00245      166220.      288307.   -13.1
   34    1.82116   -7.25  0.00259  0.00258      192074.      330151.   -13.2
   35    1.86508   -7.22  0.00265  0.00265      215428.      390152.   -13.3
   36    1.91005   -7.19  0.00276  0.00275      245928.      448820.   -13.5
   37    1.95611   -7.16  0.00292  0.00292      274154.      527548.   -13.6
   38    2.00328   -7.13  0.00277  0.00277      316144.      612601.   -13.7
   39    2.05158   -7.11   0.0027  0.00269      358520.      724382.   -13.9
   40    2.10105   -7.08   0.0023  0.00229      415056.      861619.    -14.
   41    2.15172   -7.05  0.00184  0.00184      487576.     1014594.   -14.2
   42    2.20360   -7.03  0.00155  0.00154      567511.     1197547.   -14.4
   43    2.25674   -7.01  0.00135  0.00135      659246.     1405807.   -14.5
   44    2.31116     -7.  0.00109  0.00109      770788.     1686871.   -14.7
   45    2.36689   -6.98  9.21E-4  9.20E-4      891052.     2004315.   -14.9
   46    2.42396   -6.97  7.33E-4  7.33E-4     1023370.     2391633.    -15.
   47    2.48241   -6.96  5.80E-4  5.80E-4     1186650.     2843468.   -15.2
   48    2.54228   -6.96  5.14E-4  5.14E-4     1367927.     3411608.   -15.3
   49    2.60358   -6.95  3.67E-4  3.67E-4     1604440.     4081127.   -15.5
   50    2.66636   -6.94  3.06E-4  3.07E-4     1882621.     4910338.   -15.7
   51    2.73066   -6.94  2.56E-4  2.56E-4     2199793.     5898983.   -15.9
   52    2.79650   -6.93  2.29E-4  2.29E-4     2509823.     7088479.    -16.
   53    2.86394   -6.93  1.72E-4  1.72E-4     3009155.     8536830.   -16.2
   54    2.93300   -6.92  1.49E-4  1.49E-4     3641885.     1.0248E7   -16.4
   55    3.00372   -6.92  1.10E-4  1.10E-4     4230398.     1.2367E7   -16.6
   56    3.07615   -6.92  1.08E-4  1.08E-4     5301670.     1.4891E7   -16.8
   57    3.15033   -6.91  9.28E-5  9.24E-5     6558987.     1.7979E7    -17.
   58    3.22630   -6.91  9.06E-5  9.03E-5     7860198.     2.1584E7   -17.2
   59    3.30409   -6.91  8.88E-5  8.83E-5     1.0142E7     2.5478E7   -17.5
   60    3.38377   -6.91  9.02E-5  9.05E-5     1.2211E7     2.9900E7   -17.7
   61    3.46536   -6.91  8.69E-5  8.74E-5     1.4713E7     3.4759E7   -17.9
   62    3.54893   -6.91  9.05E-5  9.01E-5     1.7690E7     3.9442E7   -18.1
   63    3.63450   -6.91  1.69E-4  1.69E-4     1.9503E7     4.4119E7   -18.2

# row  TMAG_C NPIX_E NPIX_C        A3  A3_ERR        B3  B3_ERR        A4
#                                                                        

    1   INDEF  INDEF  INDEF     INDEF   INDEF     INDEF   INDEF     INDEF
    2   -8.42      1      1   -0.0779  0.0478   -0.0159  0.0319   -0.0638
    3   -8.42      1      1   -0.0636  0.0444   -0.0052  0.0336   -0.0644
    4   -8.42      1      1   -0.0316  0.0269   0.00439  0.0239   -0.0546
    5   -8.42      1      1    0.0175  0.0394    0.0409   0.041   -0.0941
    6   -8.42      1      1     0.037  0.0403    0.0241  0.0372   -0.0121
    7   -8.42      1      1    0.0237  0.0364    0.0244  0.0351  -0.00105
    8   -8.42      1      1    0.0192  0.0316    0.0171  0.0303   0.00138
    9   -10.1      1      5    0.0102  0.0255    0.0143  0.0246   0.00921
   10   -10.1      1      5   0.00335  0.0204   0.00897  0.0197     0.018
   11   -10.1      5      5  -0.00102  0.0168   0.00519  0.0161     0.025
   12   -10.1      5      5  -1.57E-4  0.0146   0.00342   0.014    0.0313
   13   -10.7      7      9  -0.00352   0.013   0.00237  0.0125    0.0336
   14   -10.7      7      9  -0.00147  0.0112   0.00122  0.0108    0.0327
   15   -10.7      7      9   7.84E-4  0.0105   0.00204  0.0101     0.032
   16   -10.7      9      9   0.00428 0.00895   0.00228  0.0086    0.0257
   17    -11.      9     13   0.00725 0.00565   8.61E-4 0.00552    0.0156
   18   -11.5     13     21   0.00255 0.00284    0.0012 0.00266   0.00773
   19   -11.5     17     21   7.16E-4 0.00434    -0.002 0.00432    0.0106
   20   -11.6     19     25   0.00306 0.00435    0.0026 0.00434   0.00663
   21   -11.9     21     37   0.00252 0.00324   2.29E-4  0.0031   0.00617
   22   -11.9     25     37   0.00413 0.00219  -0.00183 0.00215    0.0045
   23   -12.1     33     45   0.00161 0.00288   -0.0029 0.00278   0.00136
   24   -12.3     35     57   0.00262 0.00345   -0.0017 0.00346  -0.00142
   25   -12.4     39     69   2.54E-4   0.003  -1.82E-4 0.00298   1.05E-4
   26   -12.6     55     89   0.00144 0.00309  -3.87E-4 0.00304  -0.00101
   27   -12.7     59     97  -4.97E-5 0.00413   0.00229 0.00408  -6.28E-4
   28   -12.9     67    121  -5.08E-4  0.0047   0.00112 0.00467   5.49E-4
   29    -13.     85    145   0.00205 0.00519   5.29E-4  0.0052  -2.48E-4
   30   -13.2     93    177   6.58E-4 0.00584    0.0021 0.00574  -4.57E-4
   31   -13.3    109    221   0.00197 0.00662   2.85E-4  0.0066   6.86E-4
   32   -13.5    133    261   0.00193 0.00741   1.66E-4 0.00737  -2.55E-4
   33   -13.6    149    317   0.00298 0.00855   2.90E-5 0.00851  -2.27E-4
   34   -13.8    181    377   0.00426 0.00949   7.45E-4 0.00929   7.46E-5
   35    -14.    211    465   0.00476  0.0107  -0.00351  0.0106   6.25E-4
   36   -14.1    251    553   0.00573  0.0124  -0.00353  0.0123   0.00195
   37   -14.3    289    673   0.00519  0.0134   0.00183  0.0131   8.23E-4
   38   -14.5    347    805   0.00436   0.014   3.26E-5  0.0138   0.00221
   39   -14.6    407    981   0.00205  0.0136   0.00567  0.0133   0.00135
   40   -14.8    489   1201   0.00225  0.0129   0.00344  0.0126   0.00136
   41    -15.    597   1449   0.00297  0.0124   0.00106  0.0122  -7.19E-4
   42   -15.2    719   1749   0.00375  0.0122   0.00121   0.012  -0.00284
   43   -15.4    861   2093   7.11E-4  0.0116   0.00183  0.0114  -0.00479
   44   -15.6   1037   2561  -0.00314  0.0108   0.00144  0.0106  -0.00469
   45   -15.8   1229   3093  -0.00413  0.0107   0.00119  0.0105  -0.00114
   46   -15.9   1443   3745  -0.00207 0.00947   0.00664 0.00931   0.00187
   47   -16.1   1709   4509  -0.00442 0.00904   0.00277 0.00885   0.00542
   48   -16.3   2007   5473  -0.00841 0.00862  -0.00483 0.00839   0.00583
   49   -16.5   2399   6613  -0.00774 0.00766   0.00156 0.00742   0.00265
   50   -16.7   2863   8029   0.00263 0.00734   0.00779 0.00714  -8.96E-4
   51   -16.9   3395   9721  -9.58E-4 0.00804  -0.00492 0.00781   0.00791
   52   -17.1   3917  11761   2.31E-4 0.00741   0.00433 0.00714   0.00296
   53   -17.3   4761  14249   0.00402 0.00626  -0.00186 0.00602   0.00428
   54   -17.5   5835  17193   0.00924 0.00638  -0.00844 0.00616   0.00195
   55   -17.7   6837  20841   0.00729 0.00521   0.00441   0.005  -0.00464
   56   -17.9   8667  25193    -0.014 0.00752  -5.73E-5 0.00718   0.00779
   57   -18.1  10821  30525    0.0047 0.00585    0.0169 0.00584    0.0107
   58   -18.3  13055  36905    0.0141 0.00801    -0.036 0.00853  -0.00321
   59   -18.5  16981  43912    0.0489   0.015   0.00108  0.0123   3.21E-4
   60   -18.7  20545  51752   5.98E-5 2.77E-4   2.76E-4 2.82E-4  -5.93E-4
   61   -18.9  24859  60287  -0.00173 8.02E-4  -0.00116 6.93E-4   0.00159
   62    -19.  30000  68494  -1.96E-5 6.85E-4  -0.00268 0.00111   6.66E-4
   63   -19.1  33132  76663  -4.65E-4 0.00135   2.90E-4 0.00138  -0.00174

# row  A4_ERR        B4  B4_ERR NDATA NFLAG NITER  STOP     A_BIG SAREA
#                                                                 pixel

    1   INDEF     INDEF   INDEF     1     0 INDEF INDEF     INDEF INDEF
    2  0.0346   -0.0531  0.0302    13     0    10     0     0.105   2.0
    3  0.0362   -0.0528  0.0318    13     0    10     0     0.472   2.0
    4  0.0245   -0.0217  0.0175    13     0    18     0     0.538   2.0
    5  0.0429    0.0528  0.0272    13     0    14     0     0.747   2.0
    6  0.0162     0.102  0.0441    13     0    10     0     0.317   2.0
    7  0.0146    0.0982  0.0358    13     0    10     0   0.00259   2.0
    8   0.015    0.0829   0.027    13     0    10     0    0.0265   2.0
    9  0.0144    0.0634  0.0195    13     0    10     0    0.0141   2.0
   10  0.0126    0.0473  0.0144    13     0    10     0    0.0159   2.0
   11  0.0113    0.0325  0.0112    13     0    10     0   0.00623   2.0
   12  0.0103    0.0174 0.00928    13     0    10     0    0.0225   2.0
   13 0.00823   0.00818  0.0069    13     0    10     0    0.0679   2.0
   14 0.00553    0.0023  0.0042    13     0    10     0    0.0116   2.0
   15 0.00426   2.69E-4 0.00282    13     0    10     0    0.0379   2.0
   16 0.00426   9.41E-4 0.00368    13     0    10     0   0.00762   2.0
   17 0.00249   0.00453 0.00235    13     0    10     0     0.011   2.0
   18 0.00165   8.37E-4  0.0015    14     0    10     0     0.017   2.0
   19 0.00283   0.00325 0.00277    14     0    10     0    0.0111   2.0
   20 0.00391  -5.23E-4 0.00389    15     0    10     0    0.0882   2.0
   21 0.00235   0.00545 0.00224    17     0    10     0    0.0744   2.0
   22 9.13E-4   0.00619 9.10E-4    18     0    10     0    0.0984   2.0
   23 0.00231   0.00668 0.00225    20     0    10     0    0.0254   2.0
   24 0.00276   0.00867  0.0028    21     0    10     0     0.213   2.0
   25 0.00132     0.012 0.00139    23     0    10     0     0.157   2.0
   26 0.00173    0.0118 0.00177    25     0    10     0    0.0844   2.0
   27  0.0024    0.0163 0.00252    27     0    10     0    0.0507   2.0
   28 0.00239    0.0205 0.00262    29     0    10     0     0.129   2.0
   29 0.00283    0.0231 0.00317    31     0    50     2      1.21   2.0
   30 0.00316    0.0269 0.00357    34     0    10     0    0.0155   2.0
   31 0.00371    0.0315 0.00433    36     0    50     2      1.07   2.0
   32 0.00443    0.0355 0.00524    39     0    10     0   0.00843   2.0
   33  0.0054    0.0413 0.00657    42     0    20     0    0.0674   2.0
   34 0.00629    0.0456 0.00759    46     0    10     0    0.0376   2.0
   35 0.00746    0.0512 0.00931    49     0    11     0     0.923   2.0
   36 0.00887    0.0605  0.0117    53     0    10     0    0.0445   2.0
   37    0.01    0.0642  0.0129    58     0    10     0     0.887   2.0
   38  0.0109    0.0662  0.0142    62     0    10     0    0.0268   2.0
   39   0.011    0.0623  0.0132    68     0    10     0    0.0244   2.0
   40  0.0105    0.0614  0.0126    75     0    10     0     0.058   2.0
   41  0.0103    0.0609  0.0142    82     0    10     0     0.355   2.0
   42  0.0102    0.0606  0.0139    90     0    10     0     0.331   2.0
   43 0.00983    0.0595  0.0131    99     0    10     0    0.0242   2.0
   44 0.00916    0.0565  0.0119   108     0    10     0   0.00841   2.0
   45 0.00917    0.0558  0.0116   117     0    10     0     0.188   2.0
   46 0.00797    0.0551  0.0101   127     0    10     0    0.0105   2.0
   47 0.00752    0.0561 0.00997   137     0    10     0    0.0137   2.0
   48 0.00742    0.0497 0.00884   148     0    10     0   0.00494   2.0
   49 0.00669    0.0438  0.0077   162     0    10     0   0.00713   2.0
   50 0.00642    0.0441 0.00738   177     0    10     0    0.0363   2.0
   51 0.00749    0.0371 0.00819   192     0    10     0    0.0454   2.0
   52   0.007      0.03 0.00733   206     0    10     0    0.0152   2.0
   53 0.00612    0.0125  0.0061   227     0    10     0      0.02   2.0
   54 0.00626   0.00658  0.0062   251     0    10     0    0.0168   2.0
   55 0.00512   0.00191 0.00504   271     0    10     0   9.82E-4   2.0
   56 0.00735   9.03E-4 0.00724   306     0    10     0    0.0132   2.0
   57 0.00579  -0.00797 0.00572   343     0    10     0    0.0235   2.0
   58 0.00776    0.0132 0.00781   377     0    10     0   0.00638   2.0
   59  0.0125   -0.0215  0.0129   434     0    50     2     0.154   2.0
   60 3.22E-4   1.98E-4 2.77E-4   477     0    50     2     0.152   2.0
   61 7.68E-4  -0.00103 6.75E-4   525     0    50     2     0.152   2.0
   62 7.16E-4  -3.55E-4 7.06E-4   541    36    50     2     0.156   2.0
   63 0.00146  -0.00184 0.00149   530    87    39     1     0.289   2.0
