#  Table ellipse_skysub.fits[1]  Wed 15:43:31 26-Oct-2016

# row     SMA     INTENS    INT_ERR   PIX_VAR       RMS  ELLIP ELLIP_ERR      PA
#       pixel                                                            degrees

    1    0.00     16120.      INDEF     INDEF     INDEF  INDEF     INDEF   INDEF
    2    0.50     16192.       10.8      54.9      38.8 0.7299     INDEF   40.26
    3    0.56     16197.        11.      56.2      39.7 0.7299     INDEF   40.26
    4    0.61     16201.       11.4      58.1      41.1 0.7299     INDEF   40.26
    5    0.67     16207.        12.      61.3      43.3 0.7299     INDEF   40.26
    6    0.74     16213.       12.8       65.       46. 0.7299     INDEF   40.26
    7    0.81     16220.       13.7       70.      49.5 0.7299     INDEF   40.26
    8    0.89     16228.       15.8      80.7       57. 0.7299     INDEF   40.26
    9    0.98     16239.       19.2      98.1      69.3 0.7299     INDEF   40.26
   10    1.08     16252.        23.      117.       83. 0.7299     INDEF   40.26
   11    1.19     16265.       27.4      140.      98.7 0.7299     INDEF   40.26
   12    1.31     16278.       32.5      165.      117. 0.7299     INDEF   40.26
   13    1.44     16291.       38.3      195.      138. 0.7299     INDEF   40.26
   14    1.58     16303.       42.2      215.      152. 0.7299     INDEF   40.26
   15    1.74     16313.       45.9      234.      165. 0.7299     INDEF   40.26
   16    1.92     16330.       46.8      239.      169. 0.7299     INDEF   40.26
   17    2.11     16356.       48.8      249.      176. 0.7299     INDEF   40.26
   18    2.32     16380.       47.2      241.      170. 0.7299     INDEF   40.26
   19    2.55     16394.       41.4      211.      149. 0.7299     INDEF   40.26
   20    2.81     16403.       35.2      179.      127. 0.7299     INDEF   40.26
   21    3.09     16397.       31.1      164.      116. 0.7299     INDEF   40.26
   22    3.39     16408.       36.2      192.      136. 0.7299     INDEF   40.26
   23    3.73     16461.       39.7      210.      149. 0.7299     INDEF   40.26
   24    4.11     16439.       49.5      271.      192. 0.7299     INDEF   40.26
   25    4.52     16423.       41.3      234.      165. 0.7299     INDEF   40.26
   26    4.97     16367.       70.2      397.      281. 0.7299     INDEF   40.26
   27    5.47     16386.       64.1      374.      264. 0.7299     INDEF   40.26
   28    6.01     16312.       54.2      334.      236. 0.7299     INDEF   40.26
   29    6.62     16267.        48.      304.      215. 0.7299     INDEF   40.26
   30    7.28     16193.        58.      376.      266. 0.7299     INDEF   40.26
   31    8.00     16180.       46.5      322.      228. 0.7299     INDEF   40.26
   32    8.80     16246.       47.9      345.      244. 0.7299     INDEF   40.26
   33    9.69     16285.       54.4      407.      288. 0.7299     INDEF   40.26
   34   10.65     16265.       42.5      334.      236. 0.7299     INDEF   40.26
   35   11.72     16262.        42.      346.      245. 0.7299     INDEF   40.26
   36   12.89     16316.       42.4      370.      262. 0.7299     INDEF   40.26
   37   14.18     16328.       41.8      383.      271. 0.7299     INDEF   40.26
   38   15.60     16319.       33.6      323.      228. 0.7299     INDEF   40.26
   39   17.16     16381.       27.4      274.      194. 0.7299     INDEF   40.26
   40   18.87     16343.       29.7      312.      220. 0.7299     INDEF   40.26
   41   20.76     16342.       32.3      357.      252. 0.7299     INDEF   40.26
   42   22.84     16328.       29.6      342.      242. 0.7299     INDEF   40.26
   43   25.12     16315.        33.      399.      282. 0.7299    0.3129   40.26
   44   27.63     16352.       25.2      303.      214. 0.7711    0.0200   55.30
   45   30.40     16306.       21.4      332.      235. 0.5647    0.0412   48.31
   46   33.44     16280.       22.8      370.      262. 0.5647    0.0308   43.96
   47   36.78     16228.        21.      358.      253. 0.5647    0.0265   39.86
   48   40.46     16167.       20.3      363.      257. 0.5690    0.0226   43.33
   49   44.50     16140.       18.7      341.      241. 0.6052    0.0151   44.67
   50   48.95     16116.       17.6      324.      229. 0.6461    0.0090   46.91
   51   53.85     16013.       16.7      322.      228. 0.6461    0.0060   44.05
   52   59.23     15805.       18.5      370.      262. 0.6626    0.0055   44.05
   53   65.16     15503.       20.6      435.      307. 0.6585    0.0041   44.23
   54   71.67     15061.       22.3      492.      348. 0.6605    0.0029   44.33
   55   78.84     14371.       25.6      592.      419. 0.6610    0.0025   44.90
   56   86.72     13455.       25.9      629.      445. 0.6599    0.0021   44.57
   57   95.40     12105.       24.9      638.      451. 0.6505    0.0017   43.97
   58  104.94     10715.       23.1      620.      439. 0.6514    0.0015   44.26
   59  115.43      8904.       26.3      752.      532. 0.6368    0.0017   44.26
   60  126.97      7337.       23.4      701.      496. 0.6364    0.0019   44.51
   61  139.67      5898.       51.6     1635.     1156. 0.6276    0.0038   43.43
   62  153.64      4459.        22.      738.      522. 0.6180    0.0022   44.03
   63  169.00      3132.       17.5      622.      439. 0.6002    0.0026   43.78
   64  185.90      2256.       14.1      532.      376. 0.5890    0.0031   43.78
   65  204.49      1712.       33.8     1333.      943. 0.5890    0.0088   43.78
   66  224.94      1135.       15.6      652.      461. 0.5733    0.0049   43.78
   67  247.43       619.       14.9      672.      475. 0.5335    0.0081   43.54
   68  272.18       371.       11.7      554.      392. 0.5335    0.0105   43.54
   69  299.39       203.       15.8      785.      555. 0.5335    0.0146   37.28
   70  329.33       65.6        12.      627.      443. 0.5335    0.0118   40.85
   71  362.27      -22.8       23.1     1349.      954. 0.4109    0.0191   22.54
   72  398.49      -137.       14.3      859.      607. 0.4553    0.0357   34.06
   73  438.34      -195.       14.1      908.      642. 0.4015    0.0225   34.06

# row  PA_ERR      X0 X0_ERR      Y0 Y0_ERR     GRAD GRAD_ERR GRAD_R_ERR
#     degrees   pixel  pixel   pixel  pixel                             

    1   INDEF  677.20  INDEF  673.66  INDEF     144.    INDEF      INDEF
    2   INDEF  677.20  INDEF  673.66  INDEF    -0.37    INDEF      INDEF
    3   INDEF  677.20  INDEF  673.66  INDEF   -0.462    INDEF      INDEF
    4   INDEF  677.20  INDEF  673.66  INDEF   -0.578    INDEF      INDEF
    5   INDEF  677.20  INDEF  673.66  INDEF   -0.722    INDEF      INDEF
    6   INDEF  677.20  INDEF  673.66  INDEF   -0.903    INDEF      INDEF
    7   INDEF  677.20  INDEF  673.66  INDEF    -1.13    INDEF      INDEF
    8   INDEF  677.20  INDEF  673.66  INDEF    -1.41    INDEF      INDEF
    9   INDEF  677.20  INDEF  673.66  INDEF    -1.76    INDEF      INDEF
   10   INDEF  677.20  INDEF  673.66  INDEF     -2.2    INDEF      INDEF
   11   INDEF  677.20  INDEF  673.66  INDEF    -2.76    INDEF      INDEF
   12   INDEF  677.20  INDEF  673.66  INDEF    -3.44    INDEF      INDEF
   13   INDEF  677.20  INDEF  673.66  INDEF    -4.31    INDEF      INDEF
   14   INDEF  677.20  INDEF  673.66  INDEF    -5.38    INDEF      INDEF
   15   INDEF  677.20  INDEF  673.66  INDEF    -6.73    INDEF      INDEF
   16   INDEF  677.20  INDEF  673.66  INDEF    -8.41    INDEF      INDEF
   17   INDEF  677.20  INDEF  673.66  INDEF    -10.5    INDEF      INDEF
   18   INDEF  677.20  INDEF  673.66  INDEF    -13.1    INDEF      INDEF
   19   INDEF  677.20  INDEF  673.66  INDEF    -16.4    INDEF      INDEF
   20   INDEF  677.20  INDEF  673.66  INDEF    -20.5     167.       8.15
   21   INDEF  677.20  INDEF  673.66  INDEF    -37.2    INDEF      INDEF
   22   INDEF  677.20  INDEF  673.66  INDEF    -46.5    INDEF      INDEF
   23   INDEF  677.20  INDEF  673.66  INDEF    -58.1     170.       2.92
   24   INDEF  677.20  INDEF  673.66  INDEF    -71.4     103.       1.44
   25   INDEF  677.20  INDEF  673.66  INDEF    -123.     180.       1.46
   26   INDEF  677.20  INDEF  673.66  INDEF    -60.7     88.7       1.46
   27   INDEF  677.20  INDEF  673.66  INDEF    -135.     154.       1.13
   28   INDEF  677.20  INDEF  673.66  INDEF     -74.     120.       1.63
   29   INDEF  677.20  INDEF  673.66  INDEF    -112.     114.       1.01
   30   INDEF  677.20  INDEF  673.66  INDEF    -17.1     102.       5.96
   31   INDEF  677.20  INDEF  673.66  INDEF    -13.3    INDEF      INDEF
   32   INDEF  677.20  INDEF  673.66  INDEF    -16.7    INDEF      INDEF
   33   INDEF  677.20  INDEF  673.66  INDEF    -20.8     71.3       3.42
   34   INDEF  677.20  INDEF  673.66  INDEF     -7.3    INDEF      INDEF
   35   INDEF  677.20  INDEF  673.66  INDEF    -9.12    INDEF      INDEF
   36   INDEF  677.20  INDEF  673.66  INDEF    -11.4    INDEF      INDEF
   37   INDEF  677.20  INDEF  673.66  INDEF    -14.3    INDEF      INDEF
   38   INDEF  677.20  INDEF  673.66  INDEF    -17.8    INDEF      INDEF
   39   INDEF  677.20  INDEF  673.66  INDEF    -22.3     23.6       1.06
   40   INDEF  677.20  INDEF  673.66  INDEF    -6.88     11.4       1.66
   41   INDEF  677.20  INDEF  673.66  INDEF    -6.63     21.1       3.18
   42   INDEF  677.20  INDEF  673.66  INDEF      -6.     19.4       3.23
   43   21.82  677.20   9.54  673.66  10.83    -3.12    INDEF      INDEF
   44    1.40  676.69   0.95  672.11   0.71    -28.2     13.9      0.493
   45    3.07  678.32   1.12  673.94   1.05    -20.5     9.82      0.479
   46    2.30  680.52   0.88  670.58   0.90    -26.6     9.16      0.344
   47    1.97  682.61   0.80  668.42   0.88    -26.2     7.86        0.3
   48    1.68  682.77   0.78  668.35   0.81    -26.7     6.78      0.254
   49    1.10  681.95   0.63  668.82   0.63    -30.5     9.16        0.3
   50    0.64  683.56   0.46  667.17   0.44    -38.4      8.7      0.226
   51    0.43  684.87   0.33  665.95   0.34    -49.2     7.82      0.159
   52    0.39  684.68   0.34  665.76   0.35    -52.4     6.81       0.13
   53    0.29  684.27   0.28  666.47   0.28    -72.9     7.03     0.0963
   54    0.21  683.61   0.22  666.90   0.22    -99.9     6.67     0.0668
   55    0.18  684.01   0.21  666.23   0.21    -118.     6.61     0.0558
   56    0.15  684.07   0.19  666.45   0.19    -133.      5.9     0.0443
   57    0.12  683.95   0.17  666.25   0.17    -147.     5.01      0.034
   58    0.11  684.21   0.17  666.32   0.17    -136.     5.01     0.0369
   59    0.12  683.57   0.20  666.97   0.20    -130.     4.17      0.032
   60    0.14  683.29   0.24  667.33   0.24     -96.     6.75     0.0703
   61    0.27  684.35   0.52  664.55   0.53    -98.4     4.54     0.0462
   62    0.16  684.50   0.32  666.78   0.33     -68.     2.37     0.0349
   63    0.19  683.27   0.40  666.61   0.41    -44.1     1.67     0.0379
   64    0.23  683.58   0.51  666.91   0.53    -27.7     3.01      0.109
   65    0.64  681.96   1.60  668.59   1.64    -21.1      3.1      0.147
   66    0.36  678.52   0.95  672.18   0.98    -16.6     1.15     0.0693
   67    0.62  680.92   1.62  670.21   1.66    -9.54     1.02      0.107
   68    0.80  680.92   2.30  670.21   2.36    -5.29    0.363     0.0686
   69    1.12  680.92   3.32  670.21   3.82    -4.64    0.774      0.167
   70    0.91  685.01   3.06  665.59   3.30    -3.99     0.52       0.13
   71    1.71  684.07   4.05  674.14   5.35    -5.51    0.661       0.12
   72    2.99  684.07   9.48  674.14  11.15    -1.53    0.498      0.326
   73    2.05  662.47   6.23  728.73   7.16    -2.39    INDEF      INDEF

# row       RSMA     MAG MAG_LERR MAG_UERR      TFLUX_E      TFLUX_C  TMAG_E
#     pixel**1/4                                                            

    1    0.00000   -10.5    INDEF    INDEF        INDEF        INDEF   INDEF
    2    0.84282   -10.5  7.23E-4  7.22E-4       16120.       16120.   -10.5
    3    0.86314   -10.5  7.39E-4  7.38E-4       16120.       16120.   -10.5
    4    0.88395   -10.5  7.64E-4  7.64E-4       16120.       16120.   -10.5
    5    0.90527   -10.5  8.05E-4  8.05E-4       16120.       16120.   -10.5
    6    0.92710   -10.5  8.54E-4  8.54E-4       16120.       16120.   -10.5
    7    0.94945   -10.5  9.18E-4  9.18E-4       16120.       16120.   -10.5
    8    0.97235   -10.5  0.00106  0.00106       16120.       16120.   -10.5
    9    0.99580   -10.5  0.00129  0.00129       16120.       16120.   -10.5
   10    1.01981   -10.5  0.00154  0.00154       16120.       81600.   -10.5
   11    1.04440   -10.5  0.00183  0.00183       16120.       81600.   -10.5
   12    1.06958   -10.5  0.00217  0.00216       16120.       81600.   -10.5
   13    1.09538   -10.5  0.00255  0.00255       16120.      146988.   -10.5
   14    1.12179   -10.5  0.00282  0.00281       48632.      146988.   -11.7
   15    1.14884   -10.5  0.00306  0.00305       48632.      146988.   -11.7
   16    1.17654   -10.5  0.00312  0.00311       48632.      146988.   -11.7
   17    1.20491   -10.5  0.00325  0.00324       48632.      213785.   -11.7
   18    1.23397   -10.5  0.00313  0.00313       48632.      345017.   -11.7
   19    1.26372   -10.5  0.00275  0.00274       81327.      345017.   -12.3
   20    1.29420   -10.5  0.00233  0.00233       81327.      345017.   -12.3
   21    1.32540   -10.5  0.00206  0.00205      180092.      476201.   -13.1
   22    1.35736   -10.5   0.0024  0.00239      180092.      604343.   -13.1
   23    1.39010   -10.5  0.00262  0.00262      180092.      734755.   -13.1
   24    1.42362   -10.5  0.00327  0.00326      245753.      799529.   -13.5
   25    1.45794   -10.5  0.00274  0.00273      279038.     1127651.   -13.6
   26    1.49310   -10.5  0.00467  0.00465      279038.     1127651.   -13.6
   27    1.52911   -10.5  0.00426  0.00424      442759.     1583029.   -14.1
   28    1.56598   -10.5  0.00361   0.0036      540113.     1841558.   -14.3
   29    1.60374   -10.5  0.00321   0.0032      605162.     2230796.   -14.5
   30    1.64241   -10.5  0.00389  0.00388      668573.     2750513.   -14.6
   31    1.68202   -10.5  0.00312  0.00312      927193.     3205165.   -14.9
   32    1.72258   -10.5   0.0032  0.00319     1057924.     3929068.   -15.1
   33    1.76411   -10.5  0.00364  0.00362     1286305.     4773340.   -15.3
   34    1.80665   -10.5  0.00284  0.00283     1678246.     5818511.   -15.6
   35    1.85022   -10.5  0.00281   0.0028     1935822.     7125471.   -15.7
   36    1.89483   -10.5  0.00283  0.00282     2361867.     8433554.   -15.9
   37    1.94052   -10.5  0.00279  0.00278     2784707.     1.0323E7   -16.1
   38    1.98732   -10.5  0.00224  0.00224     3435355.     1.2414E7   -16.3
   39    2.03524   -10.5  0.00182  0.00182     4055775.     1.5208E7   -16.5
   40    2.08432   -10.5  0.00198  0.00197     4874169.     1.8203E7   -16.7
   41    2.13458   -10.5  0.00215  0.00214     6020005.     2.2032E7   -16.9
   42    2.18605   -10.5  0.00197  0.00196     7261990.     2.6658E7   -17.2
   43    2.23876   -10.5   0.0022   0.0022     8663423.     3.2242E7   -17.3
   44    2.29275   -10.5  0.00168  0.00167     9003290.     3.8490E7   -17.4
   45    2.34803   -10.5  0.00143  0.00143     2.0554E7     4.6083E7   -18.3
   46    2.40465   -10.5  0.00152  0.00152     2.5013E7     5.5395E7   -18.5
   47    2.46264   -10.5  0.00141  0.00141     3.0081E7     6.5750E7   -18.7
   48    2.52202   -10.5  0.00137  0.00137     3.6115E7     7.7762E7   -18.9
   49    2.58284   -10.5  0.00126  0.00126     3.9777E7     9.1291E7    -19.
   50    2.64512   -10.5  0.00119  0.00118     4.3394E7     1.0643E8   -19.1
   51    2.70890   -10.5  0.00113  0.00113     5.2163E7     1.2326E8   -19.3
   52    2.77423   -10.5  0.00127  0.00127     6.0252E7     1.4185E8   -19.4
   53    2.84112   -10.5  0.00145  0.00144     7.3437E7     1.6166E8   -19.7
   54    2.90963   -10.4  0.00161  0.00161     8.7541E7     1.8298E8   -19.9
   55    2.97979   -10.4  0.00194  0.00193     1.0422E8     2.0582E8    -20.
   56    3.05165   -10.3   0.0021  0.00209     1.2406E8     2.2950E8   -20.2
   57    3.12523   -10.2  0.00223  0.00223     1.4921E8     2.5327E8   -20.4
   58    3.20060   -10.1  0.00234  0.00233     1.7280E8     2.7692E8   -20.6
   59    3.27777   -9.87  0.00322  0.00321     2.0348E8     2.9963E8   -20.8
   60    3.35681   -9.66  0.00347  0.00345     2.2954E8     3.2100E8   -20.9
   61    3.43776   -9.43  0.00954  0.00946     2.5888E8     3.4049E8    -21.
   62    3.52066   -9.12  0.00538  0.00535     2.8681E8     3.5847E8   -21.1
   63    3.60555   -8.74  0.00607  0.00603     3.1499E8     3.7412E8   -21.2
   64    3.69249   -8.38  0.00682  0.00677     3.3839E8     3.8607E8   -21.3
   65    3.78153   -8.08   0.0216   0.0212     3.5671E8     3.9680E8   -21.4
   66    3.87272   -7.64    0.015   0.0148     3.7588E8     4.0346E8   -21.4
   67    3.96611   -6.98   0.0264   0.0258     3.9479E8     4.0787E8   -21.5
   68    4.06174   -6.42   0.0348   0.0337     4.0399E8     4.0623E8   -21.5
   69    4.15969   -5.77    0.088   0.0814     4.1189E8     4.0133E8   -21.5
   70    4.25999   -4.54     0.22    0.183     4.1664E8     3.9127E8   -21.5
   71    4.36272      0.    INDEF    -1.56     4.1113E8     3.7800E8   -21.5
   72    4.46792      0.    INDEF    INDEF     4.0929E8     3.5734E8   -21.5
   73    4.57566      0.    INDEF    INDEF     3.9506E8     3.4144E8   -21.5

# row  TMAG_C NPIX_E NPIX_C        A3  A3_ERR        B3  B3_ERR        A4
#                                                                        

    1   INDEF  INDEF  INDEF     INDEF   INDEF     INDEF   INDEF     INDEF
    2   -10.5      1      1      15.9    89.7     -61.6    98.6      29.8
    3   -10.5      1      1      16.2    67.9     -31.9     69.       26.
    4   -10.5      1      1      14.2     52.     -12.6    49.8      20.9
    5   -10.5      1      1      11.1     40.    -0.238    37.5      15.1
    6   -10.5      1      1      8.67    30.8      3.63     29.      8.67
    7   -10.5      1      1      6.87    24.1      4.79    22.9      4.41
    8   -10.5      1      1      5.81    20.3      1.98     19.     0.766
    9   -10.5      1      1      4.72    17.8     -2.82    16.9      -2.3
   10   -12.3      1      5      3.21    15.3     -6.08    15.3     -3.96
   11   -12.3      1      5      2.21     13.     -8.11     14.     -4.68
   12   -12.3      1      5      1.55     11.     -9.27    12.9     -4.81
   13   -12.9      1      9      1.19    9.24     -9.92    11.9     -4.45
   14   -12.9      3      9      1.37    7.27     -9.38    10.2     -4.08
   15   -12.9      3      9      1.69    5.66     -8.45    8.58     -3.81
   16   -12.9      3      9      1.97    4.34     -6.36     6.4     -2.95
   17   -13.3      3     13      2.08    3.51      -4.4    4.62     -2.58
   18   -13.8      3     21      1.65    2.56     -2.77    3.08     -2.09
   19   -13.8      5     21        1.    1.64     -1.59    1.89     -1.66
   20   -13.8      5     21     0.606    5.02    -0.755    6.21     -1.38
   21   -14.2     11     29     0.304   0.468    -0.433   0.509      -0.4
   22   -14.5     11     37     0.428   0.464     -0.43   0.454    0.0649
   23   -14.7     11     45     0.183   0.602   -0.0149    0.28    -0.231
   24   -14.8     15     49    0.0289   0.269    -0.117     0.3   -0.0797
   25   -15.1     17     69    0.0411   0.125     0.139   0.227   0.00807
   26   -15.1     17     69   0.00788   0.364     0.132   0.392     0.363
   27   -15.5     27     97    -0.123    0.19    0.0435   0.133     0.018
   28   -15.7     33    113     -0.22   0.402  -4.71E-4   0.167     0.149
   29   -15.9     37    137   -0.0573   0.114   -0.0566   0.108    0.0534
   30   -16.1     41    169    -0.424    2.62    -0.342    2.15     0.291
   31   -16.3     57    197    0.0308   0.672    -0.257    0.65     0.128
   32   -16.5     65    241     0.325   0.556    -0.212   0.489    -0.164
   33   -16.7     79    293     0.253   0.956   -0.0469   0.416    -0.269
   34   -16.9    103    357     0.104   0.824    -0.315   0.816    -0.481
   35   -17.1    119    437     0.141   0.597      -0.2    0.58    -0.221
   36   -17.3    145    517     0.446   0.556    -0.206   0.432    0.0215
   37   -17.5    171    633     0.284   0.383    0.0501    0.29    -0.347
   38   -17.7    211    761     0.153   0.217   -0.0452   0.172    -0.382
   39    -18.    249    933     0.159   0.198    0.0372   0.106    -0.064
   40   -18.2    299   1117     0.542   0.959    0.0553   0.326     0.388
   41   -18.4    369   1353     0.332    1.11    0.0252   0.335     0.452
   42   -18.6    445   1641    -0.645    2.11     0.109   0.448     0.833
   43   -18.8    531   1993     -1.95    1.66     0.202   0.569      0.24
   44    -19.    551   2393   -0.0936   0.065     0.063  0.0527   -0.0243
   45   -19.2   1259   2893     0.104  0.0689   0.00681   0.047    0.0513
   46   -19.4   1533   3521   0.00359  0.0358    0.0673  0.0422   0.00801
   47   -19.5   1845   4249   0.00506  0.0312   3.51E-4  0.0308    0.0901
   48   -19.7   2217   5145   -0.0345  0.0282   0.00403  0.0264    0.0369
   49   -19.9   2443   6221   0.00684  0.0199  -1.88E-4  0.0194    0.0343
   50   -20.1   2667   7521   -0.0106  0.0135    -0.017  0.0135   0.00509
   51   -20.2   3213   9101   0.00532 0.00898  -0.00185  0.0087   -0.0035
   52   -20.4   3721  11041   0.00637 0.00865  -0.00264 0.00833   0.00666
   53   -20.5   4561  13341   0.00557 0.00627  -0.00523 0.00606  -0.00771
   54   -20.7   5483  16141   0.00535  0.0045  -0.00327 0.00434   0.00116
   55   -20.8   6613  19525  -0.00563 0.00396   6.84E-4 0.00382  -0.00756
   56   -20.9   8035  23621  -0.00138 0.00323  -0.00199 0.00313  -9.15E-4
   57    -21.   9997  28593  -0.00225 0.00253  -0.00588 0.00246  -0.00132
   58   -21.1  12063  34577   0.00216 0.00233  -2.09E-5 0.00225  -0.00691
   59   -21.2  15197  41857  -0.00374 0.00251   0.00118 0.00244   0.00346
   60   -21.3  18415  50613  -0.00303 0.00273  -0.00886 0.00272   -0.0149
   61   -21.3  22831  61293     0.012 0.00535    0.0137 0.00523  -0.00236
   62   -21.4  28331  74157    0.0119   0.003  -0.00637 0.00291   1.66E-4
   63   -21.4  35869  89673  -0.00806 0.00334   0.00144 0.00326  -0.00411
   64   -21.5  44627 108529  -0.00265 0.00389    0.0118 0.00402   -0.0117
   65   -21.5  53973 131417    0.0255  0.0117  -0.00907  0.0109    0.0246
   66   -21.5  67833 158917   0.00701 0.00594   0.00544 0.00584   -0.0082
   67   -21.5  89731 192381  -0.00854 0.00898  -0.00837 0.00889   0.00721
   68   -21.5 108555 232737     0.026  0.0116   -0.0379  0.0116   -0.0511
   69   -21.5 131371 281641    0.0387  0.0173   -0.0284  0.0166   -0.0156
   70   -21.5 158983 340773   -0.0131  0.0131   -0.0168  0.0131     0.025
   71   -21.4 242917 412329    -0.053  0.0174     0.068  0.0181    0.0202
   72   -21.4 271731 498853    0.0062  0.0333   -0.0517  0.0372     0.034
   73   -21.3 361255 603677   -0.0443  0.0402   -0.0419  0.0385    -0.054

# row  A4_ERR        B4  B4_ERR NDATA NFLAG NITER  STOP     A_BIG SAREA
#                                                                 pixel

    1   INDEF     INDEF   INDEF     1     0 INDEF INDEF     INDEF INDEF
    2    91.2      35.4    88.6    13     0     1     4      71.5   2.0
    3    68.5      39.6    69.8    13     0     1     4      71.5   2.0
    4    51.6      39.8    56.4    13     0     1     4      71.5   2.0
    5    38.8      37.7    46.4    13     0     1     4      71.5   2.0
    6    28.9      32.6    37.4    13     0     1     4      71.5   2.0
    7    22.1      27.1     30.    13     0     1     4      71.5   2.0
    8    18.2      23.6    25.6    13     0     1     4      71.5   2.0
    9    16.2      20.9    22.7    13     0     1     4      71.5   2.0
   10    14.2      18.3    19.7    13     0     1     4      71.5   2.0
   11    12.4      15.4    16.7    13     0     1     4      71.5   2.0
   12    10.8      12.5    13.9    13     0     1     4      71.5   2.0
   13     9.2      9.91    11.3    13     0     1     4      71.5   2.0
   14    7.48      6.63    8.33    13     0     1     4      71.5   2.0
   15    6.06      3.69     5.8    13     0     1     4      71.5   2.0
   16    4.52      2.39    4.15    13     0     1     4      71.5   2.0
   17    3.57       1.8    3.17    13     0     1     4      71.5   2.0
   18    2.65      1.07     2.2    13     0     1     4      71.5   2.0
   19    1.86     0.429    1.35    13     0     1     4      79.2   2.0
   20    11.2     -0.21    1.88    13     0     1     4      71.5   2.0
   21   0.463    -0.532   0.531    14     0     1     4      71.5   2.0
   22   0.284    -0.423   0.434    14     0     1     4      71.5   2.0
   23   0.725    -0.123   0.449    14     0     1     4      119.   2.0
   24   0.256    -0.406   0.624    15     0     1     4      71.5   2.0
   25   0.104    -0.101   0.177    16     0     1     4      132.   2.0
   26   0.622    -0.436   0.706    16     0     1     4      112.   2.0
   27   0.123    -0.152   0.208    17     0     1     4      71.5   2.0
   28   0.299    -0.076   0.207    19     0     1     4      71.5   2.0
   29    0.11  -0.00545  0.0918    20     0     1     4      102.   2.0
   30    1.86     -0.82    4.93    21     0     1     4      71.5   2.0
   31   0.666    -0.225   0.649    24     0     1     4      121.   2.0
   32   0.467     0.825   0.788    26     0     1     4      113.   2.0
   33   0.995     0.558    1.94    28     0     1     4       96.   2.0
   34   0.856      1.23    1.24    31     0     1     4      71.5   2.0
   35   0.592     0.599   0.733    34     0     1     4      71.5   2.0
   36   0.412     0.441   0.532    38     0     1     4      71.5   2.0
   37   0.404     0.279    0.36    42     0     1     4      106.   2.0
   38   0.348   -0.0253   0.162    46     0     1     4      71.5   2.0
   39    0.12     0.139   0.176    50     0     1     4      71.5   2.0
   40   0.721   -0.0452   0.322    55     0     1     4      71.5   2.0
   41    1.48    -0.205   0.728    61     0     1     4      114.   2.0
   42    2.71    -0.777    2.52    67     0     2     4      71.5   2.0
   43   0.583     -1.01   0.969    73     0    15     0      8.56   2.0
   44  0.0461     0.044  0.0482    72     0    50     2      25.7   2.0
   45   0.053    0.0126  0.0473   120     0    50     2      41.5   2.0
   46  0.0356   -0.0113  0.0357   132     0    50     2       37.   2.0
   47  0.0399    0.0757  0.0371   145     0    12     0      16.7   2.0
   48   0.028    0.0324  0.0275   159     0    15     0       18.   2.0
   49   0.022    0.0232  0.0205   166     0    11     0      10.3   2.0
   50  0.0131    0.0186  0.0136   170     0    50     2      26.1   2.0
   51 0.00885   0.00666 0.00883   187     0    50     2      29.6   2.0
   52 0.00849    0.0131 0.00852   200     0    10     0      2.75   2.0
   53 0.00614    0.0126 0.00615   222     0    10     0      6.54   2.0
   54 0.00438    0.0106 0.00439   243     0    10     0     0.883   2.0
   55 0.00385    0.0095 0.00383   267     0    10     0      1.69   2.0
   56 0.00319    0.0043 0.00316   294     0    10     0        6.   2.0
   57 0.00247   0.00683 0.00246   329     0    10     0      0.52   2.0
   58 0.00229  -8.79E-4 0.00225   362     0    10     0     0.937   2.0
   59 0.00247  -0.00434 0.00245   408     0    10     0      1.96   2.0
   60 0.00276  -0.00949 0.00263   449     0    10     0      7.16   2.0
   61 0.00517   -0.0237 0.00524   502     0    10     0      41.4   2.0
   62 0.00294   0.00487 0.00292   561     0    10     0      1.88   2.0
   63 0.00326    0.0127 0.00328   634     0    35     0      29.8   2.0
   64 0.00402   0.00673 0.00387   709     0    50     2      39.8   2.0
   65  0.0115  -0.00989   0.011   780     0    50     2      83.5   2.0
   66 0.00589    0.0107  0.0059   878     0    50     2      42.2   2.0
   67 0.00888    0.0253 0.00925  1019     0    50     2       55.   2.0
   68  0.0118  -0.00761  0.0113  1121     0    50     2      37.3   2.0
   69  0.0161   -0.0229  0.0164  1233     0    50     2      53.4   2.0
   70  0.0133   -0.0225  0.0132  1356     0    13     0      21.3   2.0
   71  0.0162   -0.0737  0.0184  1708     0    46     0      43.9   2.0
   72  0.0349    0.0939  0.0451  1797     0    50     2      34.7   2.0
   73  0.0472   -0.0376  0.0355  2086     0    14     0      40.8   2.0
