632.094  702.116  0.  111765.9  111765.9  10.33066  1
595.082  1024.514  0.  1.857800E-24  1.857800E-24  10.53245  2
546.270  770.675  0.  14985.82  14985.82  10.43499  3
340.044  600.647  0.  0.  0.  10.51279  4
842.534  929.928  0.  0.  0.  10.5335  5
539.225  669.752  0.  17.53671  17.53671  10.43699  6
715.018  750.702  0.  1674.643  1674.643  10.49099  7
652.465  607.447  0.  13924.51  13924.51  10.45868  8
864.212  756.973  0.  1.185492E-15  1.185492E-15  10.43739  9
602.975  644.016  0.  4590.574  4590.574  10.25279  10
445.532  636.830  0.  9.255925E-17  9.255925E-17  10.49848  11
540.107  750.446  0.  7971.443  7971.443  10.52206  12
678.238  918.271  0.  1.683839E-13  1.683839E-13  10.44594  13
462.917  683.684  0.  1.043449E-6  1.043449E-6  10.4896  14
1121.429  724.094  0.  0.  0.  10.52311  15
658.166  520.468  0.  0.1029564  0.1029564  10.50024  16
643.601  824.484  0.  158.5151  158.5151  10.44729  17
875.152  793.610  0.  1.361555E-26  1.361555E-26  10.48967  18
390.513  501.899  0.  0.  0.  10.52721  19
499.961  616.246  0.  1.597074E-9  1.597074E-9  10.45937  20
498.668  825.071  0.  841.8601  841.8601  10.49956  21
428.634  522.808  0.  0.  0.  10.44874  22
683.201  638.198  0.  115862.7  115862.7  10.4118  23
628.315  618.373  0.  5308.147  5308.147  10.42031  24
548.902  836.360  0.  2728.775  2728.775  10.50375  25
761.975  692.782  0.  4556.738  4556.738  10.44217  26
734.549  715.775  0.  7603.123  7603.123  10.42352  27
674.581  914.203  0.  3.829654E-12  3.829653E-12  10.44717  28
598.132  700.486  0.  52516.77  52516.77  10.51639  29
680.600  603.556  0.  44581.25  44581.25  10.44281  30
942.399  872.116  0.  0.  0.  10.50991  31
478.830  924.352  0.  0.5152769  0.5152769  10.45942  32
537.243  572.898  0.  6.794752E-10  6.794752E-10  10.43985  33
750.760  710.530  0.  2822.375  2822.375  10.38917  34
770.238  754.961  0.  0.1922122  0.1922122  10.45415  35
608.900  654.938  0.  15667.23  15667.23  10.31502  36
596.395  861.845  0.  38.46597  38.46597  10.4887  37
651.640  742.724  0.  70679.59  70679.58  10.4237  38
690.050  614.046  0.  81241.05  81241.06  10.24629  39
429.464  641.129  0.  1.130526E-19  1.130527E-19  10.51635  40
656.999  601.176  0.  11908.24  11908.24  10.41072  41
729.040  600.913  0.  93457.18  93457.18  10.2779  42
738.204  746.753  0.  191.8129  191.8129  10.4295  43
636.061  520.133  0.  7.499726E-4  7.499727E-4  10.35218  44
739.063  944.130  0.  5.018455E-33  5.018455E-33  10.3491  45
578.978  317.636  0.  0.  0.  10.51863  46
611.863  800.677  0.  11383.87  11383.87  10.46712  47
705.904  778.998  0.  123.1272  123.1272  10.28006  48
714.531  781.554  0.  25.91078  25.91078  10.45892  49
621.516  874.841  0.  0.2495145  0.2495145  10.5046  50
690.919  717.690  0.  65966.  65966.  10.48744  51
757.523  810.192  0.  1.917284E-6  1.917284E-6  10.48554  52
649.311  349.860  0.  0.  0.  10.46071  53
528.866  783.174  0.  6305.469  6305.469  10.37785  54
442.977  401.290  0.  0.  0.  10.48638  55
923.609  549.134  0.  0.1467426  0.1467426  10.50081  56
356.971  471.691  0.  0.  0.  10.49556  57
542.554  620.040  0.  0.004473357  0.004473357  10.53666  58
623.404  710.760  0.  104910.3  104910.3  10.43186  59
477.574  579.860  0.  7.830624E-21  7.830624E-21  10.5068  60
550.806  650.208  0.  8.404108  8.404108  10.41258  61
702.161  774.350  0.  370.9998  370.9998  10.46371  62
828.399  675.451  0.  2.987062  2.987062  10.44362  63
776.096  814.022  0.  9.680506E-10  9.680507E-10  10.28  64
846.068  618.776  0.  146.1453  146.1453  10.43322  65
716.159  619.853  0.  113937.9  113937.9  10.36598  66
778.517  883.196  0.  3.112846E-25  3.112846E-25  10.48149  67
415.148  557.850  0.  0.  0.  10.36139  68
596.921  325.668  0.  0.  0.  10.49802  69
519.260  506.363  0.  2.826269E-28  2.826269E-28  10.43318  70
596.490  566.137  0.  0.00866029  0.00866029  10.51448  71
505.489  461.122  0.  0.  0.  10.52047  72
565.309  630.876  0.  5.872267  5.872267  10.46676  73
717.156  780.006  0.  22.49003  22.49003  10.37734  74
796.964  850.026  0.  4.135570E-21  4.135570E-21  10.2504  75
880.304  675.347  0.  4.315993E-6  4.315993E-6  10.42639  76
790.943  696.824  0.  90.40137  90.40138  10.3946  77
775.385  752.124  0.  0.1174702  0.1174702  10.50323  78
777.983  758.701  0.  0.01469636  0.01469636  10.4915  79
572.262  618.517  0.  2.657158  2.657158  10.37374  80
762.726  1004.916  0.  0.  0.  10.46429  81
663.966  591.838  0.  9206.394  9206.393  10.38323  82
671.604  715.001  0.  102717.6  102717.6  10.52906  83
625.065  611.371  0.  2073.298  2073.298  10.51552  84
872.815  405.620  0.  0.1811715  0.1811715  10.45586  85
857.852  823.145  0.  8.729627E-30  8.729627E-30  10.35823  86
714.210  999.725  0.  0.  0.  10.4379  87
742.423  592.367  0.  84796.52  84796.51  10.4246  88
751.485  792.376  0.  0.001931769  0.001931769  10.43834  89
716.678  764.879  0.  245.9653  245.9653  10.47347  90
495.454  439.982  0.  0.  0.  10.53953  91
699.184  711.185  0.  63763.19  63763.19  10.3986  92
587.164  803.226  0.  15169.89  15169.89  10.40706  93
894.996  843.618  0.  0.  0.  10.52519  94
767.800  331.910  0.  9.007610E-20  9.007610E-20  10.41088  95
561.611  662.621  0.  240.8032  240.8032  10.41886  96
727.181  673.774  0.  81060.45  81060.46  10.41347  97
586.925  514.402  0.  2.018637E-11  2.018637E-11  10.52223  98
769.772  679.080  0.  6430.546  6430.546  10.4345  99
533.409  642.032  0.  0.05284226  0.05284226  10.53074  100
631.554  443.316  0.  9.226128E-18  9.226128E-18  10.40172  101
744.158  737.443  0.  308.1502  308.1502  10.50159  102
608.613  525.169  0.  1.890026E-6  1.890026E-6  10.46695  103
563.225  807.661  0.  12469.55  12469.55  10.44008  104
671.923  897.319  0.  8.744606E-9  8.744606E-9  10.49269  105
625.088  552.680  0.  0.2086723  0.2086723  10.4902  106
632.187  520.439  0.  3.110796E-4  3.110795E-4  10.47237  107
598.002  731.453  0.  73963.84  73963.84  10.53988  108
699.403  609.413  0.  86218.5  86218.5  10.43611  109
207.221  685.528  0.  0.  0.  10.42998  110
795.449  786.104  0.  2.901028E-8  2.901028E-8  10.52316  111
575.228  715.588  0.  26571.71  26571.71  10.43234  112
647.518  567.296  0.  120.4242  120.4242  10.39302  113
1012.447  859.051  0.  0.  0.  10.53531  114
681.699  611.555  0.  63126.9  63126.9  10.39462  115
732.321  822.468  0.  5.196994E-5  5.196994E-5  10.408  116
762.161  765.289  0.  0.1158409  0.1158409  10.44503  117
349.538  574.460  0.  0.  0.  10.46039  118
560.026  726.992  0.  15037.6  15037.6  10.25303  119
678.739  342.786  0.  4.190778E-35  4.190778E-35  10.43656  120
528.857  601.640  0.  5.194065E-7  5.194065E-7  10.47736  121
803.966  801.329  0.  3.212102E-12  3.212102E-12  10.5042  122
666.060  613.711  0.  40809.72  40809.72  10.48187  123
669.767  847.834  0.  0.05797202  0.05797202  10.41049  124
825.420  605.784  0.  3694.714  3694.714  10.43766  125
598.535  626.678  0.  539.0336  539.0336  10.4082  126
739.389  468.469  0.  0.6131902  0.6131902  10.44241  127
721.310  997.687  0.  0.  0.  10.42986  128
405.161  870.949  0.  0.02128828  0.02128828  10.38087  129
633.667  543.454  0.  0.1522609  0.1522609  10.41332  130
646.425  685.697  0.  120766.5  120766.5  10.40359  131
537.406  799.090  0.  8791.473  8791.473  10.51954  132
806.830  793.394  0.  2.582213E-11  2.582213E-11  10.46872  133
726.521  604.214  0.  98944.14  98944.14  10.44666  134
547.012  637.939  0.  0.5029644  0.5029644  10.24655  135
724.405  851.034  0.  3.746340E-8  3.746340E-8  10.52964  136
570.180  372.101  0.  0.  0.  10.39184  137
416.243  647.774  0.  1.278174E-21  1.278174E-21  10.43585  138
896.083  909.628  0.  0.  0.  10.51194  139
832.307  760.084  0.  3.967271E-10  3.967271E-10  10.48553  140
948.383  820.434  0.  0.  0.  10.43439  141
615.258  637.396  0.  8082.363  8082.363  10.42067  142
762.810  760.584  0.  0.2819862  0.2819862  10.45647  143
595.306  471.734  0.  1.406649E-18  1.406649E-18  10.44264  144
584.082  723.029  0.  45592.69  45592.69  10.2612  145
686.475  820.279  0.  1.46569  1.46569  10.37979  146
552.673  831.454  0.  3674.939  3674.939  10.40981  147
738.435  590.444  0.  81978.38  81978.37  10.45293  148
607.979  378.401  0.  0.  0.  10.5297  149
