      1  151.31569  -07.71432 9999.  18.394   17.375  
      2  151.29079  -07.72055 9999.  19.989   18.992  
      3  151.30457  -07.73273   494  19.915   18.941  
      4  151.32600  -07.73550  1123  20.021   18.968  
      5  151.33399  -07.69550   682  20.091   19.062  
      6  151.33824  -07.69362  1028  19.858   19.012  
      7  151.28997  -07.70015   697  20.263   19.174  
      8  151.30495  -07.70476 9999.  20.209   19.217  
      9  151.34854  -07.69828   736  19.909   19.159  
     10  151.29516  -07.72877 9999.  20.138   19.205  
     11  151.31777  -07.70977 9999. 999.999  999.999  
     12  151.32141  -07.71324   813  20.520   19.466  
     13  151.29757  -07.74981   426  20.394   19.513  
     14  151.31993  -07.77963 9999.  20.623   19.660  
     15  151.32146  -07.72199   696  20.672   19.644  
     16  151.30476  -07.73963 9999. 999.999  999.999  
     17  151.27533  -07.74115   439  20.767   19.692  
     18  151.31145  -07.64939   881  20.877   19.805  
     19  151.29709  -07.70590   740  20.675   19.875  
     20  151.32934  -07.73932   925  20.591   19.821  
     21  151.31001  -07.72605   590  20.744   19.913  
     22  151.30355  -07.71287  1035  21.224   20.128  
     23  151.25209  -07.71343   499  20.780   19.965  
     24  151.34531  -07.68497   809  20.913   20.113  
     25  151.29960  -07.69867   930  21.169   20.153  
     26  151.28990  -07.74084   564  21.333   20.193  
     27  151.29268  -07.73268 9999.  21.062   20.177  
     28  151.31986  -07.71875   739  21.024   20.161  
     29  151.31859  -07.71638 9999.  21.044   20.225  
     30  151.29952  -07.70349   750  21.246   20.255  
     31  151.31060  -07.70473   586  21.484   20.352  
     32  151.33969  -07.69441   706  21.235   20.297  
     33  151.33092  -07.69849   949  21.074   20.252  
     34  151.31785  -07.71313 9999.  21.240   20.210  
     35  151.31601  -07.70399   821  21.546   20.336  
     36  151.33046  -07.73878   580  21.057   20.263  
     37  151.27674  -07.72272   480  21.626   20.498  
     38  151.31318  -07.72569   546  21.294   20.408  
     39  151.29658  -07.66032   547  21.551   20.459  
     40  151.29137  -07.72444   480  21.207   20.388  
     41  151.30399  -07.72770   456  21.085   20.274  
     42  151.30523  -07.73458   531  21.547   20.502  
     43  151.31516  -07.71330 9999.  20.800   19.934  
     44  151.30996  -07.70172   724  21.161   20.434  
     45  151.30725  -07.73709 9999.  21.562   20.484  
     46  151.31406  -07.71562 9999.  20.628   19.854  
     47  151.33598  -07.69075   910  21.676   20.588  
     48  151.29737  -07.73460   684  21.609   20.509  
     49  151.31834  -07.70579   959  21.437   20.336  
     50  151.30069  -07.75947   569  21.741   20.631  
     51  151.28257  -07.79812   492  21.202   20.403  
     52  151.32188  -07.73340 9999.  21.420   20.561  
     53  151.35951  -07.73145   592  21.301   20.525  
     54  151.32618  -07.71618   407  21.406   20.633  
     55  151.28081  -07.72809   597  21.743   20.601  
     56  151.31108  -07.73175   702  21.892   20.762  
     57  151.28358  -07.70455   798  22.024   20.875  
     58  151.33394  -07.70400   846  21.438   20.647  
     59  151.31760  -07.70407 9999.  21.855   20.757  
     60  151.30442  -07.72723 9999.  21.446   20.631  
     61  151.24250  -07.75812   711  21.883   20.826  
     62  151.31036  -07.72183 9999. 999.999  999.999  
     63  151.29295  -07.75745   441  21.584   20.745  
     64  151.29448  -07.74017   364  21.880   20.775  
     65  151.34455  -07.68674   814  21.719   20.725  
     66  151.32309  -07.73116   782  21.640   20.771  
     67  151.30501  -07.69702   895  21.860   20.866  
     68  151.32670  -07.73641   702  21.676   20.865  
     69  151.31042  -07.72338 9999.  22.142   21.411  
     70  151.29846  -07.73156   510  21.938   20.917  
     71  151.27717  -07.74974   403  21.962   20.817  
     72  151.35380  -07.72102 9999.  21.945   20.913  
     73  151.28218  -07.79997   753  22.068   20.970  
     74  151.32764  -07.67487   573  22.038   20.950  
     75  151.32500  -07.72054   599  21.560   20.839  
     76  151.31950  -07.70111   876  22.313   21.100  
     77  151.33814  -07.71467   980  21.645   20.846  
     78  151.30553  -07.70735 9999.  22.059   21.035  
     79  151.24296  -07.75534   654  21.741   20.966  
     80  151.29952  -07.70830   689  22.167   20.997  
     81  151.30065  -07.75885   770  22.166   21.049  
     82  151.26983  -07.77811 9999.  22.269   21.080  
     83  151.27250  -07.72914   723  21.596   20.896  
     84  151.31571  -07.71719 9999.  22.088   21.189  
     85  151.33278  -07.70597   879  22.316   21.099  
     86  151.30651  -07.73635   596  21.875   21.023  
     87  151.31129  -07.72228 9999.  22.464   21.388  
     88  151.29302  -07.72139   525  22.349   21.183  
     89  151.34406  -07.70977  1192  21.979   21.005  
     90  151.29390  -07.73616 9999.  22.192   21.122  
     91  151.31461  -07.71361 9999.  19.606   18.981  
     92  151.27959  -07.75338   814  22.386   21.303  
     93  151.32753  -07.69945 9999.  22.417   21.293  
     94  151.32023  -07.68695   805  22.358   21.215  
     95  151.26404  -07.77524   396  21.873   21.041  
     96  151.32824  -07.70451   924  21.846   21.077  
     97  151.30643  -07.71357 9999.  21.114   20.418  
     98  151.32930  -07.69590   660  21.913   21.090  
     99  151.29998  -07.75237   609  22.525   21.292  
    100  151.32168  -07.70400 9999. 999.999  999.999  
    101  151.30278  -07.67432   859  22.036   21.178  
    102  151.36416  -07.72114 9999.  21.838   21.111  
    103  151.35456  -07.71571  1056  21.844   21.159  
    104  151.31244  -07.69549 9999.  21.840   21.110  
    105  151.29923  -07.72550 9999.  21.112   20.343  
    106  151.30674  -07.72592 9999.  21.527   20.708  
    107  151.32333  -07.69882   661  21.957   21.198  
    108  151.30290  -07.72955   649 999.999    2.667  
    109  151.30057  -07.73230 9999.  22.172   21.268  
    110  151.33005  -07.69855 9999.  22.307   21.314  
    111  151.33310  -07.69467   796  22.061   21.275  
    112  151.34456  -07.72370 9999.  22.507   21.387  
    113  151.29385  -07.68092   463  22.361   21.321  
    114  151.31683  -07.70996 9999. 999.999  999.999  
    115  151.34202  -07.64173 9999.  22.375   21.333  
    116  151.35372  -07.73506   650  22.608   21.389  
    117  151.25620  -07.74228   711  21.980   21.241  
    118  151.27446  -07.78026 9999.  22.070   21.237  
    119  151.32265  -07.68624   809  22.202   21.364  
    120  151.33616  -07.69208   886  22.016   21.222  
    121  151.29001  -07.70874   437  22.528   21.449  
    122  151.30089  -07.72051 9999.  21.381   20.671  
    123  151.29481  -07.72627   610  22.585   21.543  
    124  151.32542  -07.66694  1033  21.986   21.324  
    125  151.23902  -07.72341   579  22.133   21.315  
    126  151.31380  -07.64910 9999.  21.957   21.260  
    127  151.31344  -07.73347   841  22.449   21.459  
    128  151.30844  -07.73893   601  22.505   21.450  
    129  151.29606  -07.76474 9999.  22.879   21.632  
    130  151.30453  -07.79350   528  22.142   21.369  
    131  151.33990  -07.67722   887  22.863   21.549  
    132  151.28665  -07.78976 9999.  22.748   21.608  
    133  151.29012  -07.72928   673  22.630   21.533  
    134  151.32255  -07.62564   773  22.581   21.474  
    135  151.32359  -07.70407 9999.  22.254   21.358  
    136  151.30088  -07.72655 9999. 999.999  999.999  
    137  151.30274  -07.72625 9999.  20.965   20.388  
    138  151.26789  -07.76267   471  22.735   21.547  
    139  151.34301  -07.67890 9999.  22.380   21.382  
    140  151.32200  -07.70178   736  21.913   21.274  
    141  151.31010  -07.66781   794  22.750   21.636  
    142  151.31316  -07.76240 9999.  22.578   21.493  
    143  151.34301  -07.70015 9999.  22.738   21.659  
    144  151.27810  -07.71564 9999.  22.127   21.454  
    145  151.30327  -07.73499 9999.  22.287   21.461  
    146  151.33593  -07.71089   810  22.753   21.659  
    147  151.26123  -07.78111   637  22.242   21.490  
    148  151.33470  -07.67828   879  22.365   21.495  
    149  151.32760  -07.70070 9999.  22.279   21.616  
    150  151.30977  -07.76002 9999.  22.328   21.496  
    151  151.25646  -07.75180 9999.  22.218   21.502  
    152  151.23955  -07.73024 9999.  22.271   21.530  
    153  151.31200  -07.75132 9999.  22.828   21.641  
    154  151.30022  -07.72266 9999.  21.519   20.779  
    155  151.29957  -07.75877   582  22.774   21.620  
    156  151.28955  -07.74607   471  22.359   21.587  
    157  151.28969  -07.81287   658  22.316   21.566  
    158  151.32279  -07.69481   997  22.857   21.746  
    159  151.30684  -07.75876   510  22.376   21.570  
    160  151.31311  -07.73569   525  22.661   21.648  
    161  151.32326  -07.69087   539  22.345   21.583  
    162  151.30532  -07.72836 9999. 999.999  999.999  
    163  151.31357  -07.70863 9999.  21.691   21.080  
    164  151.30139  -07.73703 9999.  22.475   21.665  
    165  151.33301  -07.68322   603  22.804   21.761  
    166  151.37296  -07.71161 9999.  22.858   21.772  
    167  151.27350  -07.71728   750  22.969   21.843  
    168  151.30385  -07.74574   428  22.909   21.754  
    169  151.29379  -07.73432 9999.  22.722   21.516  
    170  151.29497  -07.69207 9999.  22.361   21.631  
    171  151.29385  -07.72198 9999.  23.067   21.821  
    172  151.30643  -07.71025 9999.  22.740   21.747  
    173  151.34850  -07.68295   939  22.765   21.710  
    174  151.33225  -07.69399 9999.  22.975   21.808  
    175  151.24723  -07.72644   678  22.575   21.706  
    176  151.27568  -07.72614   575  22.920   21.770  
    177  151.30902  -07.73288   729  22.550   21.676  
    178  151.30843  -07.71193 9999.  21.507   20.773  
    179  151.35564  -07.69220   895  22.570   21.738  
    180  151.32868  -07.71541 9999.  22.940   21.859  
    181  151.29751  -07.73353   628  22.598   21.622  
    182  151.32166  -07.71287 9999.  22.426   21.632  
    183  151.33063  -07.69948 9999.  22.598   21.858  
    184  151.29880  -07.72934 9999.  22.451   21.497  
    185  151.31556  -07.71829 9999. 999.999  999.999  
    186  151.27910  -07.72974 9999.  23.159   21.920  
    187  151.28606  -07.70248   433  23.037   21.892  
    188  151.30679  -07.70488 9999.  22.599   21.841  
    189  151.30562  -07.70904 9999.  23.185   21.990  
    190  151.27933  -07.70138   662  23.092   21.937  
    191  151.28924  -07.74508 9999.  22.973   21.829  
    192  151.32455  -07.62621   618  22.528   21.797  
    193  151.31386  -07.72604   649  22.883   21.878  
    194  151.32103  -07.71607 9999.  23.042   21.929  
    195  151.34226  -07.64233 9999.  22.462   21.738  
    196  151.32057  -07.66632 9999.  22.471   21.761  
    197  151.33069  -07.70569 9999.  22.744   21.830  
    198  151.32338  -07.68666   856  22.836   21.858  
    199  151.32394  -07.69126 9999.  22.997   21.864  
    200  151.26063  -07.70974 9999.  22.610   21.850  
    201  151.31013  -07.72455 9999. 999.999  999.999  
    202  151.31407  -07.70818 9999.  23.094   21.571  
    203  151.28693  -07.68020   825  23.203   22.059  
    204  151.31479  -07.67548   957  22.625   21.846  
    205  151.29785  -07.72753 9999. 999.999  999.999  
    206  151.34172  -07.71423 9999.  22.844   21.936  
    207  151.31139  -07.73341 9999.  23.101   22.080  
    208  151.30464  -07.71275 9999.  22.802   21.959  
    209  151.23871  -07.74838   601  22.765   21.935  
    210  151.27445  -07.73110   893  23.067   22.043  
    211  151.26652  -07.77169 9999.  22.781   21.983  
    212  151.31917  -07.68823   771  22.659   21.925  
    213  151.27293  -07.74421   539  22.591   21.864  
    214  151.34576  -07.66722   869  22.672   21.930  
    215  151.32527  -07.71717 9999.  22.911   22.007  
    216  151.32713  -07.68603 9999.  22.828   21.902  
    217  151.32419  -07.71465 9999.  23.332   21.975  
    218  151.26245  -07.77108 9999.  22.575   21.853  
    219  151.32122  -07.74494 9999.  22.642   21.872  
    220  151.27186  -07.72498   562  22.711   21.948  
    221  151.26248  -07.73216   904  22.593   21.869  
    222  151.36279  -07.67468   899  22.939   21.954  
    223  151.34770  -07.68075   970  23.151   22.104  
    224  151.32723  -07.70153 9999.  23.174   22.113  
    225  151.32100  -07.68955 9999.  22.865   22.029  
    226  151.31117  -07.70227 9999.  23.103   22.172  
    227  151.31640  -07.70631 9999. 999.999  999.999  
    228  151.34612  -07.69784 9999.  22.864   22.096  
    229  151.28275  -07.73152   803  22.875   22.078  
    230  151.34925  -07.73339 9999.  22.779   22.013  
    231  151.32004  -07.70864 9999. 999.999  999.999  
    232  151.27977  -07.71926   885  22.913   22.103  
    233  151.31070  -07.65408   614  23.218   22.216  
    234  151.33706  -07.73001 9999.  22.900   22.104  
    235  151.29952  -07.72017 9999. 999.999  999.999  
    236  151.35303  -07.72185 9999.  23.032   22.102  
    237  151.33162  -07.65444 9999.  23.000   22.155  
    238  151.32192  -07.73124 9999.  23.766   22.414  
    239  151.30356  -07.74298 9999.  23.222   22.156  
    240  151.34748  -07.70857 9999.  22.803   22.069  
    241  151.28400  -07.74879 9999.  23.358   22.213  
    242  151.30590  -07.70645 9999.  23.646   22.413  
    243  151.31277  -07.75254 9999.  23.318   22.081  
    244  151.24452  -07.75492 9999.  22.860   22.137  
    245  151.31675  -07.70155 9999.  23.656   22.405  
    246  151.30536  -07.74893 9999.  23.076   22.559  
    247  151.29394  -07.72945 9999.  22.632   21.931  
    248  151.30661  -07.70665 9999.  23.091   22.186  
    249  151.33667  -07.69452 9999.  22.935   22.185  
    250  151.31597  -07.70532 9999.  23.742   22.577  
    251  151.33767  -07.70801 9999.  23.143   22.391  
    252  151.29625  -07.69964 9999.  23.120   22.273  
    253  151.27058  -07.73621   519  23.441   22.400  
    254  151.30735  -07.70344 9999.  23.054   22.354  
    255  151.31538  -07.71813 9999. 999.999  999.999  
    256  151.30345  -07.68306 9999.  23.100   22.296  
    257  151.30020  -07.72752 9999.  20.631   20.164  
    258  151.29927  -07.73682 9999.  23.131   22.307  
    259  151.30971  -07.69742 9999.  23.114   22.361  
    260  151.29939  -07.73120 9999. 999.999  999.999  
    261  151.31475  -07.75977 9999. 999.999  999.999  
    262  151.29099  -07.74578 9999.  23.671   22.530  
    263  151.26074  -07.77015 9999.  23.150   22.308  
    264  151.27611  -07.71936 9999.  23.127   22.322  
    265  151.33164  -07.73926 9999.  23.275   22.431  
    266  151.26154  -07.77675 9999.  23.231   22.386  
    267  151.25163  -07.70576 9999.  23.380   22.304  
    268  151.31987  -07.69651 9999.  23.718   22.696  
    269  151.30720  -07.72919 9999.  23.424   22.376  
    270  151.30522  -07.73013 9999.  23.095   22.238  
    271  151.30761  -07.73218 9999.  23.235   22.400  
    272  151.28508  -07.70331 9999.  23.235   22.507  
    273  151.33585  -07.67574 9999.  23.268   22.478  
    274  151.31479  -07.73981 9999.  23.191   22.497  
    275  151.31267  -07.70564 9999.  23.627   22.802  
    276  151.27824  -07.71976 9999.  23.959   22.767  
    277  151.29364  -07.71688 9999.  23.955   22.709  
    278  151.30550  -07.70758 9999.  22.050   21.068  
    279  151.32943  -07.70386 9999.  23.489   22.817  
    280  151.31186  -07.73667 9999.  23.492   22.624  
    281  151.29366  -07.73328 9999. 999.999  999.999  
    282  151.30863  -07.72476 9999.  20.743   20.231  
    283  151.28692  -07.73841 9999.  23.373   22.593  
    284  151.26673  -07.77370 9999.  23.392   22.555  
    285  151.29618  -07.74496 9999.  23.400   22.853  
    286  151.33042  -07.73387 9999.  23.558   22.719  
    287  151.24028  -07.74241 9999.  23.393   22.556  
    288  151.28703  -07.71309 9999.  23.444   22.719  
    289  151.30823  -07.70327 9999.  23.799   22.672  
    290  151.24177  -07.73129 9999. 999.999  999.999  
    291  151.23738  -07.73482 9999.  23.502   22.718  
    292  151.31888  -07.70886 9999. 999.999  999.999  
    293  151.33222  -07.68419 9999.  23.385   22.660  
    294  151.30636  -07.69715 9999.  23.805   22.783  
    295  151.29958  -07.74482 9999.  23.818   22.953  
    296  151.27733  -07.73753 9999.  23.456   22.576  
    297  151.33323  -07.67983 9999.  23.895   22.999  
    298  151.30193  -07.74073 9999.  23.884   23.043  
    299  151.32595  -07.74282 9999.  24.221   23.001  
    300  151.30027  -07.69438 9999.  23.623   22.783  
    301  151.28130  -07.73361 9999.  23.579   22.790  
    302  151.35024  -07.67497 9999.  23.706   22.781  
    303  151.35001  -07.67486 9999.  23.836   23.003  
    304  151.35221  -07.72194 9999.  24.139   23.084  
    305  151.32654  -07.73886 9999.  23.634   22.965  
    306  151.31467  -07.72459 9999.  24.123   23.114  
    307  151.32253  -07.70931 9999.  23.488   22.744  
    308  151.32911  -07.70656 9999.  23.386   22.654  
    309  151.29548  -07.76188 9999.  24.120   23.284  
    310  151.29071  -07.75615 9999.  23.771   22.763  
    311  151.31375  -07.66674 9999.  23.879   22.943  
    312  151.33445  -07.63403 9999.  23.453   22.568  
    313  151.31054  -07.74806 9999.  23.791   23.084  
    314  151.31753  -07.71245 9999.  22.205   21.833  
    315  151.25252  -07.77279 9999.  24.080   23.199  
    316  151.31957  -07.66981 9999.  23.649   22.976  
    317  151.26655  -07.73003 9999.  23.835   23.025  
    318  151.29454  -07.70330 9999.  23.752   23.109  
    319  151.34204  -07.71863 9999.  23.749   23.096  
    320  151.28284  -07.72618 9999.  24.132   23.344  
    321  151.29151  -07.72851 9999.  25.388   23.703  
    322  151.32815  -07.69926 9999.  23.770   22.835  
    323  151.29884  -07.70799 9999.  24.138   22.949  
    324  151.30122  -07.74066 9999.  24.475   23.223  
    325  151.29921  -07.72409 9999.  22.601   20.762  
    326  151.29053  -07.71483 9999.  24.443   23.291  
    327  151.34696  -07.70664 9999.  23.909   23.254  
    328  151.32925  -07.70667 9999.  23.386   22.654  
    329  151.36326  -07.67431 9999.  23.642   23.285  
    330  151.29472  -07.72368 9999. 999.999  999.999  
    331  151.34533  -07.68566 9999.  24.458   23.447  
    332  151.32574  -07.71586 9999.  24.448   23.459  
    333  151.33669  -07.70586 9999.  24.280   23.383  
    334  151.26148  -07.70379 9999.  24.240   23.478  
    335  151.33559  -07.71526 9999.  24.561   23.471  
    336  151.26109  -07.77094 9999.  24.333   23.375  
    337  151.33973  -07.69588 9999.  24.192   23.181  
    338  151.30968  -07.68737 9999.  24.681   23.835  
    339  151.34251  -07.70131 9999.  24.557   23.520  
    340  151.26280  -07.71621 9999.  24.254   23.281  
    341  151.29102  -07.73761 9999.  24.225   23.250  
    342  151.34056  -07.69689 9999.  24.144   23.338  
    343  151.32134  -07.68133 9999.  24.096   23.377  
    344  151.36085  -07.69051 9999.  24.234   23.523  
    345  151.25114  -07.75788 9999.  24.445   23.269  
    346  151.32615  -07.77896 9999.  24.300   23.561  
    347  151.31233  -07.76323 9999.  24.130   23.460  
    348  151.33299  -07.71359 9999. 999.999  999.999  
    349  151.29818  -07.67603 9999.  24.457   23.521  
    350  151.28828  -07.77535 9999.  24.610   23.579  
    351  151.24795  -07.74495 9999.  24.218   23.577  
    352  151.31023  -07.75784 9999.  24.406   23.891  
    353  151.29691  -07.79024 9999.  24.321   23.619  
    354  151.27406  -07.74618 9999.  24.367   23.758  
    355  151.34499  -07.71241 9999. 999.999  999.999  
    356  151.27035  -07.73792 9999.  25.305   23.840  
    357  151.35838  -07.68078 9999. 999.999  999.999  
    358  151.27342  -07.73127 9999. 999.999  999.999  
    359  151.36196  -07.69108 9999. 999.999  999.999  
    360  151.28908  -07.73055 9999. 999.999  999.999  
    361  151.28916  -07.61875   798  22.413   21.700  
    362  151.20905  -07.68496    93  21.461   20.858  
    363  151.21766  -07.73649   709  22.982   21.934  
    364  151.35851  -07.64502   782  22.867   21.814  
    365  151.36380  -07.74822   189  21.732   20.900  
    366  151.43669  -07.70220   963  21.658   20.963  
    367  151.26213  -07.67415   424  22.746   21.823  
    368  151.34852  -07.77252   195  21.545   20.678  
    369  151.27621  -07.67101   742  21.792   21.054  
    370  151.38650  -07.66108   826  22.941   21.959  
    371  151.25658  -07.64657   611  21.946   21.131  
    372  151.29638  -07.63436    94  21.975   21.278  
    373  151.28463  -07.81510   486  22.450   21.468  
    374  151.21227  -07.74714    73  20.082   19.322  
    375  151.30435  -07.80615   696  22.159   21.079  
    376  151.27060  -07.68578   795  22.317   21.584  
    377  151.24651  -07.79186   651  21.014   19.937  
    378  151.38125  -07.75080   642  22.116   21.062  
    379  151.22240  -07.77231   684  22.060   21.001  
    380  151.25284  -07.68838    71  20.400   19.565  
    381  151.42981  -07.69952   112  20.825   20.122  
    382  151.28010  -07.66898   288  20.598   19.765  
    383  151.33614  -07.62419   983  22.336   21.590  
    384  151.25195  -07.77870   203  21.672   20.993  
    385  151.37322  -07.66900   703  22.819   21.840  
    386  151.28023  -07.67898   627  22.432   21.414  
    387  151.18043  -07.71291   663  21.828   20.738  
    388  151.40614  -07.66471   808  22.058   21.294  
    389  151.22032  -07.74376   503  22.211   21.191  
    390  151.31261  -07.80811   708  22.361   21.558  
    391  151.26325  -07.65914   138  20.731   19.855  
    392  151.32961  -07.77320   762  21.300   20.455  
    393  151.23593  -07.66140   641  21.837   20.817  
    394  151.27299  -07.68136   689  22.394   21.337  
    395  151.37352  -07.65066   732  22.082   21.415  
    396  151.38818  -07.67543   718  22.053   21.016  
    397  151.27727  -07.67237   770  22.199   21.527  
    398  151.40203  -07.75453   619  23.000   22.282  
    399  151.42400  -07.67119   693  21.522   20.810  
    400  151.39902  -07.73526   856  22.879   22.175  
    401  151.34868  -07.58096   673  21.238   20.458  
    402  151.24582  -07.81513   597  22.879   21.835  
    403  151.39606  -07.74975   594  20.818   20.129  
    404  151.40344  -07.76513   911  22.953   22.330  
    405  151.20452  -07.75397   881  22.537   21.464  
    406  151.39873  -07.74032   670  22.025   21.253  
    407  151.34797  -07.80586   654  21.336   20.532  
    408  151.24732  -07.76938   497  21.155   20.376  
    409  151.42359  -07.65390   505  22.458   21.820  
    410  151.31278  -07.81278   663  22.361   21.228  
    411  151.34580  -07.60163   514  20.760   20.031  
    412  151.32355  -07.82476   716  20.983   20.101  
    413  151.37221  -07.58839   108  19.796   18.965  
    414  151.26215  -07.82897 9999.  21.290   20.602  
    415  151.31621  -07.71513 9999.  18.394   17.375  
    416  151.16772  -07.61764 9999.  23.100   22.438  
    417  151.35558  -07.75349 9999.  21.970   21.075  
    418  151.37430  -07.55941 9999.  22.021   21.109  
    419  151.21484  -07.64217 9999.  22.391   21.453  
    420  151.30282  -07.61627 9999.  23.999   22.949  
    421  151.10118  -07.75230 9999.  23.581   22.692  
    422  151.44837  -07.61299 9999.  22.162   21.432  
    423  151.51368  -07.89951 9999.  23.181   22.522  
    424  151.16895  -07.63582 9999.  23.053   22.306  
    425  151.24120  -07.70089 9999.  22.827   21.792  
    426  151.31263  -07.92023 9999.  22.608   22.002  
    427  151.19208  -07.95626 9999.  22.283   21.490  
    428  151.45846  -07.92613 9999.  23.522   22.650  
    429  151.42924  -07.62666 9999.  23.905   22.908  
    430  151.42152  -07.66816 9999.  23.612   22.740  
    431  151.48065  -07.88318 9999.  23.501   22.594  
    432  151.42468  -07.87446 9999.  23.930   22.615  
    433  151.44286  -07.78156 9999.  23.648   22.789  
    434  151.47174  -07.64757 9999.  23.170   22.287  
    435  151.27668  -07.87418 9999.  23.469   22.839  
    436  151.27091  -07.68822 9999.  23.571   22.839  
    437  151.26925  -07.64207 9999.  23.796   22.840  
    438  151.42682  -07.65573 9999.  23.609   22.529  
    439  151.20959  -07.53436 9999.  23.223   22.629  
    440  151.42603  -07.85430 9999.  23.406   22.426  
    441  151.32392  -07.85733 9999.  23.878   22.993  
    442  151.40029  -07.68120 9999.  22.759   22.042  
    443  151.17582  -07.59410 9999.  23.666   22.778  
    444  151.38422  -07.89986 9999.  23.638   22.801  
    445  151.22871  -07.57345 9999.  23.396   22.291  
    446  151.25699  -07.53843 9999.  22.512   21.740  
    447  151.27747  -07.59818 9999.  22.969   22.014  
    448  151.14523  -07.66804 9999.  24.002   22.866  
    449  151.38409  -07.74795 9999.  23.917   22.928  
    450  151.48414  -07.83253 9999.  23.435   22.657  
    451  151.37217  -07.82107 9999.  23.409   22.501  
    452  151.11927  -07.86131 9999.  22.920   22.067  
    453  151.43291  -07.61546 9999.  23.542   22.723  
    454  151.20071  -07.79707 9999.  22.852   21.991  
    455  151.45161  -07.69655 9999.  23.411   22.644  
    456  151.22108  -07.68466 9999.  23.157   22.396  
    457  151.18810  -07.72781 9999.  23.485   22.821  
    458  151.39862  -07.57589 9999.  23.181   22.294  
    459  151.21907  -07.79012 9999.  22.985   21.989  
    460  151.51944  -07.63711 9999.  22.607   21.948  
    461  151.41697  -07.53712 9999.  22.916   22.051  
    462  151.17116  -07.83718 9999.  22.757   21.804  
    463  151.28287  -07.53038 9999.  22.763   21.766  
    464  151.20905  -07.89673 9999.  23.308   22.224  
    465  151.26535  -07.57186 9999.  22.505   21.865  
    466  151.02781  -07.50853 9999.  23.612   22.772  
    467  151.28300  -07.62513 9999.  23.743   22.949  
    468  151.30905  -07.95429 9999.  23.448   22.546  
    469  151.43964  -07.66648 9999.  23.276   22.292  
    470  151.22870  -07.58750 9999.  23.491   22.827  
    471  151.30397  -07.82611 9999.  22.969   22.230  
    472  151.39244  -07.85623 9999.  23.812   22.896  
    473  151.10985  -07.74184 9999.  22.739   21.654  
    474  151.44976  -07.59436 9999.  22.641   22.032  
    475  151.45721  -07.70871 9999.  22.164   21.402  
    476  151.42830  -07.73451 9999.  23.766   22.722  
    477  151.16272  -07.74786 9999.  23.614   22.609  
    478  151.19165  -07.51119 9999.  23.597   22.898  
    479  151.31885  -07.85916 9999.  23.183   22.315  
    480  151.05052  -07.72463 9999.  22.976   22.180  
    481  151.54319  -07.79057 9999.  23.587   22.789  
    482  151.39615  -07.64960 9999.  23.612   22.916  
    483  151.52436  -07.92187 9999.  22.727   21.995  
    484  151.10696  -07.73212 9999.  21.561   20.645  
    485  151.15404  -07.62772 9999.  24.154   22.957  
    486  151.04585  -07.51568 9999.  23.767   22.912  
    487  151.21753  -07.54735 9999.  22.856   22.120  
    488  151.08821  -07.67875 9999.  22.051   21.187  
    489  151.23325  -07.77436 9999.  23.613   22.927  
    490  151.17967  -07.86587 9999.  22.788   22.006  
    491  151.44944  -07.57437 9999.  23.134   22.343  
    492  151.24141  -07.61709 9999.  21.485   20.493  
    493  151.43875  -07.55123 9999.  23.407   22.840  
    494  151.15181  -07.50734 9999.  23.899   22.780  
    495  151.56407  -07.77291 9999.  22.992   22.039  
    496  151.15554  -07.55076 9999.  23.163   22.489  
    497  151.43580  -07.60224 9999.  23.024   22.018  
    498  151.28629  -07.85258 9999.  23.587   22.634  
    499  151.07642  -07.85077 9999.  23.590   22.445  
    500  151.28947  -07.59392 9999.  22.336   21.612  
    501  151.43340  -07.55581 9999.  22.809   22.070  
    502  151.19797  -07.83435 9999.  23.065   22.356  
    503  151.06515  -07.75465 9999.  23.409   22.356  
    504  151.06575  -07.61725 9999.  23.419   22.653  
    505  151.54948  -07.87840 9999.  23.732   22.845  
    506  151.37764  -07.76601 9999.  23.493   22.569  
    507  151.37228  -07.66837 9999.  23.277   22.498  
    508  151.43144  -07.83149 9999.  23.736   22.820  
    509  151.06404  -07.55090 9999.  22.145   21.545  
    510  151.51174  -07.65079 9999.  23.732   22.889  
    511  151.10502  -07.88728 9999.  22.372   21.581  
    512  151.37696  -07.65543 9999.  22.905   22.220  
    513  151.40305  -07.93358 9999.  23.193   22.347  
    514  151.20038  -07.89077 9999.  23.028   22.368  
    515  151.39773  -07.56931 9999.  23.255   22.454  
    516  151.52939  -07.52820 9999.  22.339   21.539  
    517  151.22104  -07.81193 9999.  23.814   22.956  
    518  151.34868  -07.77557 9999.  24.032   22.834  
    519  151.42640  -07.70304 9999.  22.399   21.336  
    520  151.19955  -07.66606 9999.  23.731   22.945  
    521  151.34795  -07.95545 9999.  23.706   22.852  
    522  151.14444  -07.88994 9999.  21.810   21.052  
    523  151.30483  -07.55208 9999.  23.537   22.505  
    524  151.12498  -07.71839 9999.  23.487   22.832  
    525  151.46517  -07.53821 9999.  23.959   22.889  
    526  151.39609  -07.54216 9999.  23.663   22.958  
    527  151.35908  -07.62390 9999.  23.620   22.476  
    528  151.45705  -07.68069 9999.  22.863   21.845  
    529  151.12489  -07.72253 9999.  22.764   22.060  
    530  151.54599  -07.74744 9999.  23.956   22.919  
    531  151.34106  -07.87641 9999.  23.167   22.477  
    532  151.08241  -07.64685 9999.  23.397   22.682  
    533  151.08712  -07.58223 9999.  23.069   21.904  
    534  151.58964  -07.87508 9999.  23.026   22.424  
    535  151.48806  -07.88348 9999.  23.834   22.847  
    536  151.53127  -07.75391 9999.  23.176   22.223  
    537  151.55914  -07.65495 9999.  23.770   22.873  
    538  151.22988  -07.85300 9999.  21.680   20.661  
    539  151.48584  -07.50278 9999.  23.043   22.133  
    540  151.03896  -07.64699 9999.  22.531   21.828  
    541  151.13097  -07.82310 9999.  21.832   20.857  
    542  151.56460  -07.61721 9999.  23.962   22.819  
    543  151.38393  -07.76582 9999.  22.277   21.414  
    544  151.39678  -07.66435 9999.  23.195   22.503  
    545  151.34248  -07.76443 9999.  23.162   22.342  
    546  151.50769  -07.65003 9999.  23.714   22.968  
    547  151.38765  -07.63718 9999.  23.629   22.852  
    548  151.13001  -07.82022 9999.  24.089   22.877  
    549  151.30032  -07.80996 9999.  22.488   21.768  
    550  151.38341  -07.68221 9999.  24.051   22.882  
    551  151.22123  -07.78339 9999.  23.055   22.316  
    552  151.14410  -07.71947 9999.  22.407   21.510  
    553  151.39433  -07.66039 9999.  23.079   22.436  
    554  151.37445  -07.85908 9999.  23.642   22.963  
    555  151.18373  -07.77280 9999.  22.661   21.787  
    556  151.25002  -07.84135 9999.  23.663   22.595  
    557  151.47587  -07.75403 9999.  23.060   22.109  
    558  151.28960  -07.59500 9999.  22.758   22.066  
    559  151.08441  -07.70962 9999.  22.217   21.382  
    560  151.37361  -07.54154 9999.  22.670   22.006  
    561  151.36353  -07.74701 9999.  23.639   22.388  
    562  151.34257  -07.78123 9999.  22.866   22.124  
    563  151.35577  -07.86112 9999.  22.784   22.046  
    564  151.29894  -07.84304 9999.  23.146   21.999  
    565  151.48404  -07.94210 9999.  23.050   22.455  
    566  151.28289  -07.83526 9999.  23.491   22.447  
    567  151.35705  -07.79716 9999.  23.207   22.381  
    568  151.18020  -07.92509 9999.  23.661   22.634  
    569  151.25121  -07.85419 9999.  23.195   22.468  
    570  151.24490  -07.81167 9999.  23.990   22.797  
    571  151.41104  -07.75922 9999.  22.843   22.027  
    572  151.44316  -07.51715 9999.  23.092   22.495  
    573  151.40248  -07.72093 9999.  22.996   22.158  
    574  151.37649  -07.55057 9999.  23.418   22.780  
    575  151.13990  -07.71637 9999.  22.773   21.707  
    576  151.31120  -07.81629 9999.  23.350   22.569  
    577  151.20849  -07.54220 9999.  22.739   21.954  
    578  151.24087  -07.76428 9999.  22.729   21.597  
    579  151.10171  -07.68863 9999.  23.713   22.774  
    580  151.46306  -07.54323 9999.  22.366   21.802  
    581  151.44690  -07.76449 9999.  23.256   22.551  
    582  151.46788  -07.93557 9999.  23.340   22.537  
    583  151.16100  -07.79877 9999.  23.466   22.494  
    584  151.25452  -07.66160 9999.  23.012   22.021  
    585  151.19961  -07.77757 9999.  23.893   22.951  
    586  151.44497  -07.87969 9999.  21.777   21.129  
    587  151.40209  -07.62783 9999.  22.871   22.010  
    588  151.34616  -07.81488 9999.  23.625   22.888  
    589  151.32262  -07.61292 9999.  23.282   22.342  
    590  151.44126  -07.84445 9999.  22.972   22.111  
    591  151.46241  -07.53192 9999.  22.947   21.941  
    592  151.48305  -07.82048 9999.  22.898   22.054  
    593  151.28363  -07.88605 9999.  23.215   22.328  
    594  151.26956  -07.93592 9999.  23.685   22.824  
    595  151.28226  -07.93411 9999.  23.894   22.964  
    596  151.18810  -07.61279 9999.  22.489   21.753  
    597  151.44139  -07.87058 9999.  22.922   22.222  
    598  151.45193  -07.56946 9999.  22.430   21.659  
    599  151.38968  -07.84440 9999.  22.790   22.136  
    600  151.29085  -07.64236 9999.  20.580   19.597  
    601  151.14697  -07.75206 9999.  22.019   21.238  
    602  151.28777  -07.51873 9999.  22.637   21.933  
    603  151.15527  -07.52692 9999.  21.826   21.251  
    604  151.54850  -07.75642 9999.  22.283   21.463  
    605  151.21639  -07.65516 9999.  22.433   21.502  
    606  151.32417  -07.80583 9999.  22.222   21.209  
    607  151.19701  -07.80826 9999.  21.834   21.101  
    608  151.24303  -07.67803 9999.  19.899   19.179  
    609  151.39244  -07.54420 9999.  22.167   21.101  
    610  151.29852  -07.51672 9999.  21.909   20.970  
    611  151.49077  -07.68039 9999.  21.380   20.792  
    612  151.44817  -07.64092 9999.  22.035   21.258  
    613  151.15665  -07.67970 9999.  22.271   21.658  
    614  151.06077  -07.51089 9999.  20.785   19.693  
    615  151.12042  -07.50828 9999.  21.751   20.768  
    616  151.28548  -07.51173 9999.  21.048   20.073  
    617  151.06959  -07.68007 9999.  21.440   20.789  
    618  151.12352  -07.74299 9999.  20.879   19.886  
    619  151.36077  -07.76006 9999.  22.913   22.050  
    620  151.20558  -07.68134 9999.  22.259   21.434  
    621  151.12517  -07.84426 9999.  22.148   21.305  
    622  151.38861  -07.53040 9999.  22.153   21.508  
    623  151.36858  -07.96287 9999.  21.888   21.099  
    624  151.37867  -07.74209 9999.  22.176   21.051  
    625  151.37253  -07.51544 9999.  22.730   22.144  
    626  151.34331  -07.51460 9999.  22.053   21.221  
    627  151.35434  -07.63777 9999.  22.619   21.863  
    628  151.09520  -07.52804 9999.  21.117   20.318  
    629  151.43558  -07.96228 9999.  22.685   21.962  
    630  151.46952  -07.51267 9999.  23.026   22.452  
    631  151.15124  -07.51001 9999.  20.989   20.339  
    632  151.14812  -07.68301 9999.  21.458   20.437  
    633  151.40303  -07.88408 9999.  23.243   22.214  
    634  151.40027  -07.67396 9999.  21.221   20.181  
    635  151.24150  -07.86837 9999.  21.840   21.195  
    636  151.26925  -07.94564 9999.  22.786   22.059  
    637  151.22268  -07.54655 9999.  20.181   19.249  
    638  151.26498  -07.54641 9999.  19.568   18.498  
    639  151.24778  -07.86764 9999.  22.728   21.706  
    640  151.17392  -07.76585 9999.  20.211   19.459  
    641  151.05365  -07.67198 9999.  21.227   20.545  
    642  151.43680  -07.76658 9999.  20.361   19.704  
    643  151.45029  -07.73688 9999.  22.226   21.649  
    644  151.39496  -07.55109 9999.  20.579   19.513  
    645  151.36438  -07.55201 9999.  21.145   20.534  
    646  151.45414  -07.88737 9999.  20.150   19.502  
    647  151.15118  -07.88548 9999.  20.451   19.433  
    648  151.21004  -07.68690 9999.  22.472   21.429  
    649  151.46912  -07.77045 9999.  22.414   21.433  
    650  151.11708  -07.72975 9999.  22.298   21.471  
    651  151.47285  -07.54300 9999.  22.026   21.393  
    652  151.42701  -07.52289 9999.  22.170   21.332  
    653  151.53591  -07.73100 9999.  20.667   20.000  
    654  151.37915  -07.56553 9999.  22.889   22.110  
    655  151.39975  -07.84632 9999.  23.338   22.658  
    656  151.06608  -07.77399 9999.  20.655   19.851  
    657  151.32354  -07.56976 9999.  22.983   22.088  
    658  151.20772  -07.86337 9999.  21.629   20.861  
    659  151.22656  -07.64962 9999.  21.593   20.862  
    660  151.45134  -07.57453 9999.  22.883   22.187  
    661  151.26437  -07.80484 9999.  22.599   21.588  
    662  151.46967  -07.72515 9999.  22.182   21.480  
    663  151.29108  -07.57482 9999.  23.473   22.568  
    664  151.22185  -07.89578 9999.  22.220   21.379  
    665  151.48461  -07.53586 9999.  22.259   21.633  
    666  151.21810  -07.66747 9999.  22.137   21.439  
    667  151.30782  -07.89651 9999.  21.992   21.189  
    668  151.16906  -07.64972 9999.  20.898   20.219  
    669  151.44957  -07.72469 9999.  21.686   21.003  
    670  151.55017  -07.57668 9999.  21.194   20.616  
    671  151.53165  -07.57774 9999.  21.033   20.213  
    672  151.16061  -07.86084 9999.  22.735   21.765  
    673  151.27843  -07.57861 9999.  20.731   20.067  
    674  151.43333  -07.62657 9999.  23.072   22.038  
    675  151.34272  -07.58045 9999.  22.657   21.803  
    676  151.32983  -07.62544 9999.  23.502   22.589  
    677  151.47582  -07.66742 9999.  22.176   21.186  
    678  151.27233  -07.83458 9999.  22.914   22.213  
    679  151.10131  -07.58306 9999.  22.245   21.681  
    680  151.58553  -07.83011 9999.  21.783   21.195  
    681  151.26771  -07.82813 9999.  22.814   22.208  
    682  151.28326  -07.66527 9999.  20.401   19.289  
    683  151.41939  -07.62448 9999.  22.471   21.572  
    684  151.18325  -07.90195 9999.  22.953   22.116  
    685  151.23689  -07.58746 9999.  22.883   22.070  
    686  151.40443  -07.78862 9999.  22.121   21.457  
    687  151.47656  -07.71697 9999.  21.669   21.051  
    688  151.15538  -07.65197 9999.  21.845   20.925  
    689  151.18350  -07.82319 9999.  23.062   22.184  
    690  151.45354  -07.83800 9999.  21.508   20.759  
    691  151.22367  -07.59051 9999.  22.747   22.167  
    692  151.10129  -07.82147 9999.  19.693   18.990  
    693  151.13929  -07.85449 9999.  23.073   22.333  
    694  151.40520  -07.59235 9999.  21.797   21.106  
    695  151.41297  -07.62306 9999.  21.845   21.213  
    696  151.34238  -07.59295 9999.  22.869   22.135  
    697  151.27733  -07.90494 9999.  21.343   20.650  
    698  151.41757  -07.62303 9999.  22.292   21.346  
    699  151.44992  -07.79302 9999.  23.120   22.336  
    700  151.20702  -07.79276 9999.  22.711   21.938  
    701  151.30692  -07.62205 9999.  23.672   22.501  
    702  151.15098  -07.85227 9999.  20.696   20.009  
    703  151.33156  -07.84015 9999.  22.249   21.526  
    704  151.23776  -07.83971 9999.  23.246   22.105  
    705  151.16041  -07.90778 9999.  23.175   21.909  
    706  151.16445  -07.79591 9999.  22.415   21.623  
    707  151.38407  -07.81669 9999.  22.732   21.770  
    708  151.38796  -07.60135 9999.  22.855   21.847  
    709  151.15461  -07.85047 9999.  22.136   21.407  
    710  151.28394  -07.92087 9999.  21.834   21.241  
    711  151.12147  -07.70757 9999.  23.443   22.355  
    712  151.10406  -07.84936 9999.  20.894   20.127  
    713  151.16323  -07.65404 9999.  22.311   21.511  
    714  151.45621  -07.61936 9999.  22.747   21.731  
    715  151.40456  -07.92029 9999.  20.676   19.890  
    716  151.30958  -07.91386 9999.  22.432   21.666  
    717  151.45460  -07.53156 9999.  22.416   21.389  
    718  151.24934  -07.60732 9999.  23.343   22.461  
    719  151.24455  -07.80360 9999.  23.217   22.179  
    720  151.27399  -07.91893 9999.  22.099   21.404  
    721  151.43171  -07.61701 9999.  22.186   21.437  
    722  151.48535  -07.61677 9999.  21.076   20.513  
    723  151.43455  -07.61813 9999.  21.821   21.102  
    724  151.22507  -07.64240 9999.  23.050   22.121  
    725  151.23637  -07.90747 9999.  20.507   19.735  
    726  151.35416  -07.51581 9999.  18.395   17.659  
    727  151.40883  -07.55182 9999.  17.896   17.269  
    728  151.20650  -07.71533 9999.  20.599   19.597  
    729  151.13653  -07.76610 9999.  21.653   20.911  
    730  151.25637  -07.59455 9999.  20.454   19.757  
    731  151.17094  -07.80463 9999.  21.410   20.511  
    732  151.42247  -07.94882 9999.  20.386   19.701  
    733  151.41005  -07.79700 9999.  19.703   18.966  
    734  151.16029  -07.72343 9999.  19.217   18.156  
    735  151.14227  -07.61376 9999.  18.695   17.810  
    736  151.09393  -07.75459 9999.  18.089   17.178  
    737  151.58925  -07.90697 9999.  18.997   18.374  
    738  151.17692  -07.91970 9999.  19.048   18.263  
    739  151.54745  -07.67131 9999.  19.321   18.698  
    740  151.19748  -07.87435 9999.  24.115   22.972  
    741  151.16314  -07.87347 9999.  18.412   17.693  
    742  151.22588  -07.53597 9999.  21.653   20.652  
    743  151.13884  -07.50583 9999.  18.377   17.451  
    744  151.44701  -07.54743 9999.  22.780   22.157  
    745  151.19203  -07.90745 9999.  24.046   22.967  
    746  151.37376  -07.82650 9999.  19.832   19.199  
    747  151.45993  -07.75275 9999.  20.792   19.795  
    748  151.46420  -07.59367 9999.  19.170   18.527  
    749  151.35522  -07.75000 9999.  19.334   18.656  
    750  151.44371  -07.65587 9999.  20.780   20.136  
    751  151.49667  -07.50192 9999.  19.562   18.835  
    752  151.27564  -07.54305 9999.  19.562   18.926  
    753  151.11925  -07.87130 9999.  19.453   18.737  
    754  151.18171  -07.73299 9999.  23.822   22.831  
    755  151.38824  -07.73466 9999.  20.649   19.733  
    756  151.07960  -07.81207 9999.  19.406   18.395  
    757  151.08888  -07.59643 9999.  17.840   17.005  
    758  151.28900  -07.68359 9999.  18.420   17.692  
    759  151.06667  -07.54075 9999.  17.866   17.198  
    760  151.25316  -07.61064 9999.  17.971   17.281  
    761  151.21731  -07.54322 9999.  18.376   17.654  
    762  151.33650  -07.54242 9999.  18.863   18.008  
    763  151.09667  -07.76385 9999.  18.435   17.270  
    764  151.19122  -07.87490 9999.  18.889   18.124  
    765  151.13497  -07.50594 9999.  17.517   16.889  
    766  151.37560  -07.87979 9999.  17.596   17.002  
    767  151.19797  -07.81162 9999.  19.161   18.256  
    768  151.06454  -07.57062 9999.  18.529   17.921  
    769  151.10473  -07.78399 9999.  18.094   17.204  
    770  151.06220  -07.66326 9999.  18.377   17.592  
    771  151.25618  -07.74356 9999.  18.423   17.840  
    772  151.40601  -07.94645 9999.  21.186   20.421  
    773  151.13990  -07.60425 9999.  19.655   18.706  
    774  151.45959  -07.86463 9999.  19.718   18.938  
    775  151.20177  -07.55790 9999.  17.947   17.374  
    776  151.35931  -07.95038 9999.  20.150   19.513  
    777  151.22881  -07.63080 9999.  18.566   17.676  
    778  151.52211  -07.61463 9999.  17.927   17.351  
    779  151.47428  -07.84380 9999.  18.166   17.363  
    780  151.12708  -07.91742 9999.  19.794   18.914  
    781  151.13537  -07.88396 9999.  18.509   17.595  
