#ID 	 RA 	 DEC 	 RV 	 RV_err 	 RAD 
NGC4486_S1   187.646320	12.414860	1636	22	3.77
NGC4486_S2   187.668900	12.403310	1391	36	2.29
NGC4486_S3   187.697490	12.550470	1379	23	9.57
NGC4486_S4   187.719960	12.266910	1191	 7	7.50
NGC4486_S5   187.720040	12.431890	1113	27	2.58
NGC4486_S6   187.739480	12.527630	 882	33	8.42
NGC4486_S7   187.760790	12.570580	1192	18	11.24
NGC4486_S8   188.010560	11.940540	 835	37	32.40
NGC4486_S9   188.372790	12.171510	1317	29	41.24
NGC4486_S10  187.460920	9.517690	1056	43	173.00
NGC4486_S11  188.231460	9.736860	1743	33	162.21
NGC4486_S12  188.280670	9.881750	1101	24	154.28
NGC4486_S13  187.772490	11.901890	1214	12	29.61
NGC4486_S14  187.511230	11.980700	 791	21	27.14
NGC4486_S15  187.799760	11.987060	1099	15	24.86
NGC4486_S16  187.693050	11.994620	1239	17	23.80
NGC4486_S17  187.745780	12.014930	 864	38	22.69
NGC4486_S18  187.594460	12.022490	1459	23	23.06
NGC4486_S19  187.525390	12.033620	1563	13	23.92
NGC4486_S20  187.911040	12.042880	1323	21	24.11
NGC4486_S21  187.422110	12.045690	1601	27	26.57
NGC4486_S22  187.751450	12.047770	 900	17	20.77
NGC4486_S23  188.075440	12.055290	1424	19	29.58
NGC4486_S24  187.835850	12.073210	 755	16	20.54
NGC4486_S25  187.660000	12.077650	1348	10	19.00
NGC4486_S26  187.917610	12.093630	1370	10	21.74
NGC4486_S27  187.689940	12.107090	1645	19	17.07
NGC4486_S28  187.600610	12.120530	1505	21	17.37
NGC4486_S29  187.528990	12.120630	1040	27	19.26
NGC4486_S30  187.516870	12.120540	1168	10	19.66
NGC4486_S31  187.786350	12.125160	1378	13	16.64
NGC4486_S32  187.840310	12.125680	1361	10	17.77
NGC4486_S33  187.328090	12.129150	 924	17	27.15
NGC4486_S34  187.873140	12.153910	1266	 9	17.28
NGC4486_S35  187.631060	12.155210	 683	10	14.82
NGC4486_S36  187.581800	12.156820	 831	15	15.83
NGC4486_S37  188.085200	12.157620	1321	17	26.27
NGC4486_S38  187.670130	12.162780	1061	11	13.86
NGC4486_S39  188.001610	12.168300	 978	26	21.89
NGC4486_S40  187.813620	12.169360	1667	 9	14.73
NGC4486_S41  187.872530	12.170690	1080	15	16.44
NGC4486_S42  187.553240	12.186480	2166	29	15.19
NGC4486_S43  187.656900	12.187520	 747	17	12.55
NGC4486_S44  187.319830	12.188410	 989	12	25.69
NGC4486_S45  187.833340	12.199470	1282	10	13.71
NGC4486_S46  187.773740	12.200380	1612	12	12.11
NGC4486_S47  187.685500	12.200770	1419	20	11.48
NGC4486_S48  187.709640	12.209780	1390	17	10.88
NGC4486_S49  187.861590	12.212680	1467	 9	14.07
NGC4486_S50  187.493840	12.216940	1232	16	16.24
NGC4486_S51  187.561290	12.217620	1271	15	13.42
NGC4486_S52  187.806540	12.220530	 951	17	11.81
NGC4486_S53  188.057090	12.222130	2023	21	22.94
NGC4486_S54  187.729560	12.222700	1809	 6	10.20
NGC4486_S55  187.763280	12.226810	1583	18	10.42
NGC4486_S56  187.452480	12.227670	1360	14	17.80
NGC4486_S57  187.747650	12.227720	 890	 9	10.10
NGC4486_S58  187.807530	12.231230	 693	 7	11.29
NGC4486_S59  187.779200	12.237820	1231	51	10.15
NGC4486_S60  187.679990	12.239680	1582	 8	9.21
NGC4486_S61  187.885020	12.241200	1635	23	13.82
NGC4486_S62  187.702210	12.241790	1264	 9	8.96
NGC4486_S63  187.632360	12.243460	1155	27	9.85
NGC4486_S64  187.789680	12.243450	1077	10	10.13
NGC4486_S65  187.755630	12.246660	1567	 6	9.14
NGC4486_S66  187.517530	12.249430	1853	11	13.93
NGC4486_S67  187.927720	12.254580	1720	19	15.36
NGC4486_S68  187.791060	12.258910	 710	15	9.37
NGC4486_S69  187.723290	12.258010	1061	23	8.05
NGC4486_S70  187.731300	12.259900	1450	18	8.01
NGC4486_S71  187.664650	12.262140	2035	10	8.11
NGC4486_S72  187.727350	12.270910	1372	11	7.32
NGC4486_S73  187.899200	12.276250	1368	17	13.26
NGC4486_S74  187.772200	12.279530	1319	15	7.74
NGC4486_S75  187.474750	12.279660	1134	11	15.11
NGC4486_S76  187.446710	12.283160	1065	16	16.51
NGC4486_S77  187.813290	12.284940	 958	14	8.95
NGC4486_S78  187.790070	12.286660	 826	16	7.97
NGC4486_S79  187.613440	12.287040	1600	53	8.27
NGC4486_S80  187.965030	12.304050	1060	14	16.06
NGC4486_S81  187.334940	12.303840	1210	20	22.36
NGC4486_S82  187.448150	12.306160	1269	12	15.94
NGC4486_S83  187.418290	12.309820	1093	15	17.55
NGC4486_S84  187.902040	12.314710	1222	17	12.37
NGC4486_S85  187.848880	12.317740	1248	11	9.46
NGC4486_S86  187.588040	12.320120	1417	16	8.12
NGC4486_S87  187.894190	12.326270	1223	17	11.70
NGC4486_S88  187.735530	12.328020	 991	22	4.16
NGC4486_S89  187.669370	12.328380	 929	21	4.33
NGC4486_S90  187.625360	12.328410	1220	12	6.04
NGC4486_S91  188.165470	12.328280	1125	15	27.19
NGC4486_S92  187.676740	12.329610	1324	22	4.07
NGC4486_S93  187.714230	12.329920	 916	20	3.70
NGC4486_S94  187.716560	12.331690	1477	21	3.62
NGC4486_S95  187.730180	12.333400	1700	21	3.74
NGC4486_S96  187.712620	12.333720	1968	19	3.47
NGC4486_S97  187.695100	12.334940	1476	20	3.43
NGC4486_S98  187.713200	12.335320	1723	18	3.38
NGC4486_S99  187.706710	12.337110	1224	21	3.24
NGC4486_S100 	187.709950	12.337280	1318	20	3.24
NGC4486_S101 	187.703840	12.339210	1369	18	3.12
NGC4486_S102 	187.721160	12.339310	1028	21	3.23
NGC4486_S103 	187.719220	12.341150	1200	20	3.10
NGC4486_S104 	187.731450	12.342340	1084	19	3.29
NGC4486_S105 	187.692870	12.342660	1706	22	3.01
NGC4486_S106 	188.158420	12.342990	 335	11	26.67
NGC4486_S107 	187.732360	12.346320	 853	18	3.10
NGC4486_S108 	187.678450	12.346710	1673	21	3.11
NGC4486_S109 	187.924040	12.347450	1242	21	13.05
NGC4486_S110 	187.689010	12.348860	1018	18	2.72
NGC4486_S111 	187.737290	12.350130	1541	18	3.07
NGC4486_S112 	187.740680	12.350540	1411	21	3.17
NGC4486_S113 	187.696750	12.351860	1739	21	2.42
NGC4486_S114 	187.718670	12.353130	2313	20	2.40
NGC4486_S115 	187.693550	12.353740	 591	21	2.36
NGC4486_S116 	187.734720	12.354830	1367	19	2.75
NGC4486_S117 	187.608590	12.355200	1342	 9	6.10
NGC4486_S118 	187.738670	12.356310	1145	27	2.84
NGC4486_S119 	187.710750	12.356290	1402	29	2.11
NGC4486_S120 	187.715770	12.357350	 661	19	2.11
NGC4486_S121 	187.709580	12.357740	1432	18	2.01
NGC4486_S122 	187.682800	12.359640	 989	21	2.33
NGC4486_S123 	187.769590	12.360220	 559	29	4.17
NGC4486_S124 	187.691520	12.361050	1649	21	1.99
NGC4486_S125 	187.706040	12.361020	1230	19	1.81
NGC4486_S126 	187.821650	12.361570	1200	10	7.01
NGC4486_S127 	187.767600	12.361970	1367	32	4.02
NGC4486_S128 	187.691260	12.362340	1464	29	1.93
NGC4486_S129 	187.717010	12.363190	1562	29	1.80
NGC4486_S130 	187.713420	12.363920	1512	29	1.69
NGC4486_S131 	187.687400	12.364520	1186	29	1.93
NGC4486_S132 	187.694890	12.364570	1329	32	1.72
NGC4486_S133 	187.753420	12.365230	1370	30	3.19
NGC4486_S134 	187.612610	12.365100	1371	11	5.69
NGC4486_S135 	187.740970	12.365710	1231	18	2.56
NGC4486_S136 	187.733190	12.367590	 528	20	2.13
NGC4486_S137 	187.679160	12.367710	1538	19	2.11
NGC4486_S138 	187.550760	12.368720	 904	30	9.19
NGC4486_S139 	187.685990	12.369420	1573	30	1.75
NGC4486_S140 	187.676740	12.369570	1758	20	2.14
NGC4486_S141 	187.734830	12.369910	1131	18	2.12
NGC4486_S142 	187.726180	12.371000	1267	20	1.69
NGC4486_S143 	187.764390	12.371760	1489	29	3.62
NGC4486_S144 	187.725310	12.372740	1450	21	1.58
NGC4486_S145 	187.823910	12.372540	 840	20	7.00
NGC4486_S146 	187.727680	12.373410	1644	18	1.66
NGC4486_S147 	187.755310	12.373960	1413	31	3.07
NGC4486_S148 	187.680540	12.374620	1006	20	1.79
NGC4486_S149 	187.674690	12.376720	1631	24	2.02
NGC4486_S150 	187.741060	12.377830	2010	28	2.21
NGC4486_S151 	187.729070	12.377950	1520	29	1.57
NGC4486_S152 	187.736790	12.379010	1847	18	1.95
NGC4486_S153 	187.671260	12.380350	1252	30	2.13
NGC4486_S154 	187.739970	12.380670	1500	21	2.09
NGC4486_S155 	187.738890	12.381100	1597	26	2.02
NGC4486_S156 	187.730660	12.382420	1341	18	1.54
NGC4486_S157 	187.547750	12.382100	 919	15	9.29
NGC4486_S158 	187.675670	12.383160	1810	19	1.84
NGC4486_S159 	187.745240	12.383580	1430	29	2.35
NGC4486_S160 	187.749370	12.385850	1461	28	2.57
NGC4486_S161 	187.676470	12.386010	1414	29	1.75
NGC4486_S162 	187.739500	12.386550	1375	18	1.99
NGC4486_S163 	187.671100	12.386620	1479	19	2.06
NGC4486_S164 	187.517490	12.387540	1387	19	11.05
NGC4486_S165 	187.772980	12.390450	1011	28	3.93
NGC4486_S166 	187.666310	12.391140	1779	30	2.32
NGC4486_S167 	187.377750	12.390920	1511	27	19.23
NGC4486_S168 	187.732410	12.391360	1611	29	1.55
NGC4486_S169 	187.662650	12.391710	 964	29	2.54
NGC4486_S170 	187.736550	12.391710	1907	29	1.79
NGC4486_S171 	187.673310	12.392370	1578	18	1.91
NGC4486_S172 	187.758610	12.394330	1057	28	3.09
NGC4486_S173 	187.664530	12.394480	1105	29	2.43
NGC4486_S174 	187.731910	12.394160	2106	18	1.53
NGC4486_S175 	187.647590	12.394320	1438	28	3.42
NGC4486_S176 	187.760710	12.394360	1954	30	3.22
NGC4486_S177 	187.841430	12.394440	1616	10	7.94
NGC4486_S178 	187.679650	12.395590	1511	20	1.56
NGC4486_S179 	187.743440	12.395780	1089	31	2.22
NGC4486_S180 	187.676080	12.396070	 858	18	1.77
NGC4486_S181 	187.671480	12.397950	 673	26	2.06
NGC4486_S182 	187.679180	12.398810	1470	18	1.63
NGC4486_S183 	187.733230	12.399450	1137	20	1.68
NGC4486_S184 	187.673130	12.400060	1167	30	2.00
NGC4486_S185 	187.678170	12.400680	1160	29	1.72
NGC4486_S186 	187.737950	12.400450	1422	42	1.96
NGC4486_S187 	187.771530	12.400650	1180	29	3.89
NGC4486_S188 	187.680310	12.404090	 904	20	1.69
NGC4486_S189 	187.661000	12.404250	1291	29	2.75
NGC4486_S190 	187.680890	12.404710	1316	19	1.68
NGC4486_S191 	187.751540	12.404840	1672	30	2.80
NGC4486_S192 	187.675930	12.405910	1494	20	1.97
NGC4486_S193 	187.728630	12.406160	1068	20	1.61
NGC4486_S194 	187.734730	12.407020	1308	29	1.94
NGC4486_S195 	187.669390	12.407280	1233	31	2.35
NGC4486_S196 	187.645530	12.405430	2089	30	3.64
NGC4486_S197 	187.649490	12.407380	 811	28	3.45
NGC4486_S198 	187.735120	12.408310	1496	19	2.00
NGC4486_S199 	187.728960	12.409170	1401	18	1.73
NGC4486_S200 	187.684550	12.409730	1560	20	1.68
NGC4486_S201 	187.667760	12.410140	1362	29	2.51
NGC4486_S202 	187.650910	12.410890	1731	32	3.44
NGC4486_S203 	187.733520	12.411210	1455	20	2.02
NGC4486_S204 	187.747050	12.411620	1090	33	2.71
NGC4486_S205 	187.313440	12.411310	1253	17	23.03
NGC4486_S206 	187.688030	12.412330	1421	18	1.65
NGC4486_S207 	187.723750	12.413080	1094	24	1.68
NGC4486_S208 	187.732770	12.414530	1139	24	2.11
NGC4486_S209 	187.717800	12.414380	1490	18	1.56
NGC4486_S210 	187.674890	12.414990	1842	29	2.32
NGC4486_S211 	187.715140	12.414540	1701	29	1.51
NGC4486_S212 	187.701340	12.415500	1202	30	1.49
NGC4486_S213 	187.700250	12.415820	1533	19	1.52
NGC4486_S214 	187.717100	12.415920	1664	21	1.63
NGC4486_S215 	187.762720	12.416610	1289	29	3.66
NGC4486_S216 	187.705540	12.417270	 913	18	1.57
NGC4486_S217 	187.718040	12.417360	1572	23	1.73
NGC4486_S218 	187.719710	12.417390	1164	32	1.77
NGC4486_S219 	187.698990	12.417410	 294	29	1.63
NGC4486_S220 	187.724490	12.417520	1940	28	1.92
NGC4486_S221 	187.752050	12.417370	1899	21	3.13
NGC4486_S222 	187.477690	12.418450	1371	17	13.48
NGC4486_S223 	187.731640	12.418770	1463	18	2.24
NGC4486_S224 	187.714000	12.419450	 690	22	1.76
NGC4486_S225 	187.718350	12.420040	1953	31	1.88
NGC4486_S226 	187.696080	12.421050	1195	28	1.89
NGC4486_S227 	187.659980	12.421220	1572	29	3.24
NGC4486_S228 	187.695730	12.421710	1576	30	1.93
NGC4486_S229 	187.571520	12.421450	2023	14	8.08
NGC4486_S230 	187.670800	12.422320	1450	29	2.78
NGC4486_S231 	187.723070	12.422550	1129	28	2.14
NGC4486_S232 	187.834930	12.422330	1244	10	7.79
NGC4486_S233 	187.679250	12.423650	1583	19	2.50
NGC4486_S234 	187.730970	12.424060	1641	29	2.46
NGC4486_S235 	187.654220	12.424130	1005	29	3.62
NGC4486_S236 	187.685640	12.425130	 844	18	2.36
NGC4486_S237 	187.703270	12.424900	1296	28	2.03
NGC4486_S238 	187.765030	12.425760	1862	28	4.04
NGC4486_S239 	187.706590	12.426180	1268	19	2.10
NGC4486_S240 	187.756720	12.427370	1615	30	3.69
NGC4486_S241 	187.490410	12.426990	1300	14	12.81
NGC4486_S242 	187.763390	12.428380	1118	30	4.04
NGC4486_S243 	187.519420	12.428040	1274	11	11.15
NGC4486_S244 	187.661990	12.429300	1342	30	3.45
NGC4486_S245 	187.745640	12.430740	1546	28	3.33
NGC4486_S246 	187.701230	12.431590	1123	19	2.44
NGC4486_S247 	187.705700	12.431910	1865	20	2.45
NGC4486_S248 	187.684420	12.433610	1748	19	2.84
NGC4486_S249 	187.718910	12.433760	 659	18	2.67
NGC4486_S250 	187.663420	12.434220	1638	30	3.59
NGC4486_S251 	187.651050	12.434640	2109	29	4.14
NGC4486_S252 	187.698270	12.434770	1267	31	2.66
NGC4486_S253 	187.686380	12.434880	1440	31	2.86
NGC4486_S254 	187.710310	12.435760	1202	20	2.69
NGC4486_S255 	187.672190	12.436480	1364	21	3.36
NGC4486_S256 	187.714860	12.437500	 902	28	2.83
NGC4486_S257 	187.674210	12.437460	1275	20	3.34
NGC4486_S258   187.724600	12.437870	1042	24	3.01
NGC4486_S259   187.674930	12.439520	1441	20	3.43
NGC4486_S260   187.726920	12.439990	1258	20	3.18
NGC4486_S261   187.667140	12.440370	1299	30	3.73
NGC4486_S262   187.751780	12.440820	1428	28	4.01
NGC4486_S263   187.719910	12.441400	 824	19	3.13
NGC4486_S264   187.713610	12.441020	1024	18	3.03
NGC4486_S265   187.702440	12.441510	1366	12	3.03
NGC4486_S266   187.541050	12.441720	1204	27	10.13
NGC4486_S267   187.573910	12.442870	1930	20	8.34
NGC4486_S268   187.733280	12.445590	 750	28	3.64
NGC4486_S269   187.656630	12.447080	1059	29	4.43
NGC4486_S270   187.740350	12.448200	2073	22	3.97
NGC4486_S271   187.654870	12.449380	1654	29	4.60
NGC4486_S272   187.682740	12.449700	 870	20	3.77
NGC4486_S273   187.658440	12.450470	1361	29	4.52
NGC4486_S274   187.700930	12.451350	1411	18	3.63
NGC4486_S275   187.687870	12.452100	1286	29	3.81
NGC4486_S276   187.698360	12.452540	 965	18	3.71
NGC4486_S277   187.749230	12.453290	1317	28	4.51
NGC4486_S278   187.753580	12.454620	1615	28	4.72
NGC4486_S279   187.652800	12.454930	 771	28	4.93
NGC4486_S280   187.855170	12.455210	 948	17	9.55
NGC4486_S281   187.735750	12.456360	1325	28	4.29
NGC4486_S282   187.941490	12.455860	1320	25	14.34
NGC4486_S283   187.721600	12.456090	1312	30	4.00
NGC4486_S284   187.758220	12.457440	1093	28	5.02
NGC4486_S285   187.719790	12.457760	 967	28	4.08
NGC4486_S286   187.672530	12.458040	1538	28	4.47
NGC4486_S287   187.644740	12.459480	1295	31	5.45
NGC4486_S288   187.730210	12.462670	 677	30	4.52
NGC4486_S289   187.726740	12.463940	1138	29	4.54
NGC4486_S290   187.760090	12.464420	 850	28	5.42
NGC4486_S291   187.744170	12.466120	1605	29	5.03
NGC4486_S292   187.813260	12.465800	1076	10	7.72
NGC4486_S293   187.299950	12.466810	1124	15	24.22
NGC4486_S294   187.689500	12.471430	 784	29	4.91
NGC4486_S295   187.747390	12.472620	1185	32	5.46
NGC4486_S296   187.557390	12.472320	1455	11	9.98
NGC4486_S297   187.665410	12.484580	1200	29	6.09
NGC4486_S298   187.897020	12.484200	1220	10	12.51
NGC4486_S299   187.419560	12.491760	1050	10	17.84
NGC4486_S300   188.073620	12.493240	1356	39	22.40
NGC4486_S301   187.812910	12.494100	1431	10	8.80
NGC4486_S302   187.442030	12.494150	1098	14	16.65
NGC4486_S303   187.492450	12.494980	1315	12	13.98
NGC4486_S304   187.801480	12.495540	1604	17	8.40
NGC4486_S305   187.798090	12.502780	1245	17	8.61
NGC4486_S306   187.331870	12.510560	1409	11	23.06
NGC4486_S307   187.862360	12.512360	1894	13	11.70
NGC4486_S308   187.504750	12.513170	1234	16	13.88
NGC4486_S309   187.411080	12.526390	 441	24	19.09
NGC4486_S310   187.844650	12.535700	 958	16	11.89
NGC4486_S311   187.765360	12.536950	 681	11	9.42
NGC4486_S312   187.796400	12.537800	1229	38	10.27
NGC4486_S313   187.524100	12.539720	1424	13	13.89
NGC4486_S314   187.815500	12.557590	1364	11	11.87
NGC4486_S315   187.908140	12.568890	1244	11	15.94
NGC4486_S316   187.721240	12.569460	1481	37	10.74
NGC4486_S317   187.597900	12.585510	1659	16	13.27
NGC4486_S318   187.765100	12.588300	1919	40	12.33
NGC4486_S319   187.674550	12.590420	1563	30	12.10
NGC4486_S320   187.698650	12.599800	1203	18	12.53
NGC4486_S321   187.951800	12.601280	1091	17	19.15
NGC4486_S322   188.008030	12.603300	1329	12	21.81
NGC4486_S323   187.610440	12.616850	 849	 9	14.65
NGC4486_S324   187.628960	12.617830	 596	11	14.33
NGC4486_S325   187.374200	12.617750	1225	10	23.72
NGC4486_S326   187.703860	12.622540	1286	18	13.89
NGC4486_S327   187.865330	12.624850	1314	28	16.85
NGC4486_S328   187.767230	12.630430	1382	17	14.80
NGC4486_S329   187.699690	12.662620	1062	17	16.29
NGC4486_S330   187.598040	12.668330	1400	14	17.79
NGC4486_S331   187.988490	12.682140	1134	16	24.06
NGC4486_S332   187.745180	12.683810	1068	28	17.71
NGC4486_S333   187.462380	12.689600	1669	19	22.90
NGC4486_S334   187.840990	12.697770	1539	10	20.03
NGC4486_S335   187.982790	12.699900	1680	22	24.63
NGC4486_S336   187.752880	12.706380	1465	15	19.11
NGC4486_S337   187.856130	12.708790	1613	23	20.99
NGC4486_S338   187.655470	12.712800	1265	33	19.53
NGC4486_S339   187.548520	12.714220	1268	15	21.47
NGC4486_S340   187.605350	12.719390	1358	10	20.56
NGC4486_S341   187.609710	12.738990	1101	12	21.62
NGC4486_S342   187.508170	12.743820	1492	10	24.13
NGC4486_S343   187.739680	12.747020	 919	21	21.45
NGC4486_S344   187.469860	12.748630	1314	12	25.52
NGC4486_S345   187.795130	12.759330	1143	19	22.70
NGC4486_S346   187.483290	12.763180	 996	12	25.86
NGC4486_S347   187.567830	12.775630	 933	21	24.45
NGC4486_S348   187.674170	12.820730	1007	12	25.84
NGC4486_S349   187.535400	12.839200	1458	19	28.68
NGC4486_S350   187.652770	12.849480	1876	38	27.68
NGC4486_S351   187.824010	12.395810	1324	68	6.93
NGC4486_S352   187.824910	12.301220	1092	13	8.82
NGC4486_S353   187.822470	12.315300	1143	 9	8.21
NGC4486_S354   187.818010	12.312610	1848	63	8.08
NGC4486_S355   187.811140	12.436360	1956	106	6.74
NGC4486_S356   187.813030	12.293500	2169	11	8.58
NGC4486_S357   187.809280	12.362530	1839	54	6.29
NGC4486_S358   187.806370	12.343670	1040	77	6.54
NGC4486_S359   187.803170	12.401690	1365	106	5.73
NGC4486_S360   187.804320	12.351020	1174	71	6.25
NGC4486_S361   187.801840	12.393220	1548	106	5.62
NGC4486_S362   187.798350	12.341690	1841	77	6.17
NGC4486_S363   187.796400	12.382060	1182	69	5.33
NGC4486_S364   187.793640	12.386060	1145	123	5.15
NGC4486_S365   187.788190	12.420800	1794	106	5.14
NGC4486_S366   187.788650	12.378150	 749	106	4.91
NGC4486_S367   187.779590	12.404050	1049	106	4.39
NGC4486_S368   187.774190	12.444650	 871	12	5.13
NGC4486_S369   187.776650	12.334860	1236	56	5.35
NGC4486_S370   187.775090	12.366760	1536	133	4.31
NGC4486_S371   187.775070	12.340250	1446	106	5.07
NGC4486_S372   187.773560	12.395280	1781	115	3.97
NGC4486_S373   187.772700	12.415420	 880	106	4.18
NGC4486_S374   187.770040	12.398390	 814	106	3.78
NGC4486_S375   187.771390	12.334310	1233	 8	5.13
NGC4486_S376   187.768450	12.389230	1157	106	3.67
NGC4486_S377   187.770520	12.302290	 392	106	6.54
NGC4486_S378   187.765670	12.447290	 769	106	4.86
NGC4486_S379   187.764110	12.385020	 796	10	3.43
NGC4486_S380   187.762230	12.452960	1277	106	4.96
NGC4486_S381   187.761950	12.396450	1529	138	3.30
NGC4486_S382   187.758910	12.463810	1215	106	5.35
NGC4486_S383   187.760700	12.390790	2011	106	3.21
NGC4486_S384   187.762730	12.291380	2321	77	6.85
NGC4486_S385   187.758210	12.386950	1923	106	3.07
NGC4486_S386   187.757290	12.292170	1894	77	6.66
NGC4486_S387   187.755290	12.349030	1899	106	3.84
NGC4486_S388   187.753520	12.413040	1592	61	3.08
NGC4486_S389   187.754920	12.337440	1114	106	4.31
NGC4486_S390   187.749150	12.477270	1457	106	5.76
NGC4486_S391   187.747520	12.445470	 993	70	4.07
NGC4486_S392   187.747350	12.356420	1567	 7	3.20
NGC4486_S393   187.747350	12.353410	1102	106	3.32
NGC4486_S394   187.744070	12.440210	1980	33	3.70
NGC4486_S395   187.746170	12.284060	1694	77	6.84
NGC4486_S396   187.743780	12.345410	1348	106	3.53
NGC4486_S397   187.742000	12.338950	1413	46	3.78
NGC4486_S398   187.738350	12.352050	1032	106	3.02
NGC4486_S399   187.737680	12.365840	1540	106	2.40
NGC4486_S400   187.735560	12.442010	1530	106	3.51
NGC4486_S401   187.736740	12.352120	1571	72	2.96
NGC4486_S402   187.733680	12.392330	 647	68	1.63
NGC4486_S403   187.736450	12.285480	1818	77	6.59
NGC4486_S404   187.732130	12.448480	1352	106	3.77
NGC4486_S405   187.733410	12.397560	1444	136	1.66
NGC4486_S406   187.731180	12.482350	1924	106	5.67
NGC4486_S407   187.730040	12.376640	1764	64	1.66
NGC4486_S408   187.728950	12.419860	 969	80	2.19
NGC4486_S409   187.729520	12.388400	1406	106	1.39
NGC4486_S410   187.730290	12.348390	2143	106	2.93
NGC4486_S411   187.728500	12.368810	1596	106	1.88
NGC4486_S412   187.726550	12.434590	1510	106	2.87
NGC4486_S413   187.724060	12.490890	1251	106	6.08
NGC4486_S414   187.726020	12.411350	1826	106	1.69
NGC4486_S415   187.725110	12.443180	1430	106	3.32
NGC4486_S416   187.725780	12.378570	1683	106	1.39
NGC4486_S417   187.725470	12.381940	1278	75	1.27
NGC4486_S418   187.722820	12.437760	1130	106	2.97
NGC4486_S419   187.724140	12.375720	1308	80	1.41
NGC4486_S420   187.721790	12.347840	1254	83	2.76
NGC4486_S421   187.719810	12.406350	1299	106	1.22
NGC4486_S422   187.720380	12.374150	1439	106	1.32
NGC4486_S423   187.716420	12.463720	1075	36	4.40
NGC4486_S424   187.714970	12.501650	1107	83	6.65
NGC4486_S425   187.716690	12.414000	1514	106	1.51
NGC4486_S426   187.714380	12.446630	1900	61	3.37
NGC4486_S427   187.716900	12.327240	1130	106	3.89
NGC4486_S428   187.714470	12.419520	 913	59	1.78
NGC4486_S429   187.715750	12.340850	 949	90	3.07
NGC4486_S430   187.712770	12.436630	1131	10	2.76
NGC4486_S431   187.712830	12.420200	 745	194	1.79
NGC4486_S432   187.714920	12.324310	 645	106	4.04
NGC4486_S433   187.713720	12.362780	1469	106	1.76
NGC4486_S434   187.710780	12.474160	1387	28	4.99
NGC4486_S435   187.712230	12.368330	1245	106	1.42
NGC4486_S436   187.710050	12.424810	 835	106	2.04
NGC4486_S437   187.708720	12.457160	1238	61	3.97
NGC4486_S438   187.710380	12.319630	1725	76	4.30
NGC4486_S439   187.706810	12.407810	 792	106	1.00
NGC4486_S440   187.706550	12.336380	1228	18	3.28
NGC4486_S441   187.707080	12.281490	1320	13	6.58
NGC4486_S442   187.704890	12.369650	1806	103	1.29
NGC4486_S443   187.701520	12.410620	1620	106	1.20
NGC4486_S444   187.699360	12.437730	1040	106	2.82
NGC4486_S445   187.702420	12.298170	 915	106	5.58
NGC4486_S446   187.697450	12.485830	1793	106	5.70
NGC4486_S447   187.696790	12.456590	 963	106	3.96
NGC4486_S448   187.696420	12.460890	1173	106	4.22
NGC4486_S449   187.696870	12.418980	1164	106	1.75
NGC4486_S450   187.699790	12.291620	1552	106	5.98
NGC4486_S451   187.694990	12.467640	 472	90	4.64
NGC4486_S452   187.699520	12.277270	1486	12	6.84
NGC4486_S453   187.692210	12.504300	 633	107	6.84
NGC4486_S454   187.696390	12.323050	1430	75	4.12
NGC4486_S455   187.695380	12.352870	1124	106	2.38
NGC4486_S456   187.693430	12.422720	1024	106	2.03
NGC4486_S457   187.693760	12.338260	1004	75	3.25
NGC4486_S458   187.693440	12.289710	1481	 6	6.13
NGC4486_S459   187.691440	12.357080	1540	106	2.21
NGC4486_S460   187.689460	12.421980	1198	106	2.09
NGC4486_S461   187.690890	12.359570	1579	77	2.09
NGC4486_S462   187.688500	12.426020	1197	106	2.33
NGC4486_S463   187.688480	12.407090	1724	82	1.40
NGC4486_S464   187.690240	12.320500	1317	77	4.34
NGC4486_S465   187.688910	12.342630	2023	75	3.08
NGC4486_S466   187.688500	12.345690	1602	106	2.91
NGC4486_S467   187.685950	12.415980	1655	106	1.90
NGC4486_S468   187.685740	12.414170	1438	106	1.82
NGC4486_S469   187.688560	12.277760	1474	 9	6.88
NGC4486_S470   187.682730	12.396450	1036	70	1.40
NGC4486_S471   187.682000	12.408110	1527	106	1.73
NGC4486_S472   187.683270	12.328550	1906	71	3.98
NGC4486_S473   187.682890	12.338790	1124	106	3.42
NGC4486_S474   187.681200	12.396360	 995	126	1.48
NGC4486_S475   187.680960	12.403220	1433	20	1.63
NGC4486_S476   187.680450	12.411670	1117	106	1.94
NGC4486_S477   187.679480	12.442250	1398	61	3.44
NGC4486_S478   187.679040	12.449000	1269	135	3.81
NGC4486_S479   187.677180	12.428930	1394	75	2.83
NGC4486_S480   187.678020	12.390120	1769	92	1.64
NGC4486_S481   187.678110	12.385030	1081	106	1.67
NGC4486_S482   187.676180	12.439020	1506	26	3.36
NGC4486_S483   187.676890	12.373300	1657	102	2.01
NGC4486_S484   187.674030	12.403660	 911	106	2.02
NGC4486_S485   187.673340	12.376130	1158	106	2.11
NGC4486_S486   187.671510	12.427550	1277	106	2.97
NGC4486_S487   187.671590	12.411280	 937	67	2.35
NGC4486_S488   187.670280	12.447930	1488	74	4.00
NGC4486_S489   187.670760	12.393230	 760	106	2.06
NGC4486_S490   187.671650	12.329480	1346	32	4.21
NGC4486_S491   187.667950	12.460500	1946	106	4.72
NGC4486_S492   187.671190	12.309960	1705	106	5.28
NGC4486_S493   187.670090	12.283030	1131	 8	6.82
NGC4486_S494   187.663680	12.426300	 971	158	3.25
NGC4486_S495   187.665410	12.341590	 761	106	3.80
NGC4486_S496   187.663160	12.359010	1086	106	3.16
NGC4486_S497   187.661430	12.397100	 788	79	2.63
NGC4486_S498   187.659270	12.463930	1297	106	5.15
NGC4486_S499   187.661480	12.356680	1421	115	3.33
NGC4486_S500   187.660310	12.366410	1366	106	3.06
NGC4486_S501   187.660300	12.330590	1002	106	4.51
NGC4486_S502   187.657970	12.391020	 975	 8	2.81
NGC4486_S503   187.659640	12.289070	1761	75	6.70
NGC4486_S504   187.658340	12.335130	2013	106	4.37
NGC4486_S505   187.656290	12.405030	1391	31	3.03
NGC4486_S506   187.653220	12.434840	1261	70	4.05
NGC4486_S507   187.655940	12.321610	1084	 4	5.10
NGC4486_S508   187.652410	12.388160	1499	75	3.14
NGC4486_S509   187.652320	12.335710	1219	106	4.57
NGC4486_S510   187.647280	12.457810	1136	106	5.27
NGC4486_S511   187.647140	12.295330	1336	106	6.70
NGC4486_S512   187.646500	12.305210	1997	76	6.22
NGC4486_S513   187.642910	12.443960	1445	108	4.87
NGC4486_S514   187.642180	12.379560	1100	106	3.80
NGC4486_S515   187.639580	12.459610	 817	106	5.66
NGC4486_S516   187.639340	12.449870	 726	106	5.26
NGC4486_S517   187.637730	12.472490	1134	106	6.31
NGC4486_S518   187.634640	12.479270	 546	78	6.74
NGC4486_S519   187.636000	12.398300	1822	106	4.12
NGC4486_S520   187.633270	12.449280	1436	106	5.51
NGC4486_S521   187.631370	12.434050	 858	75	5.07
NGC4486_S522   187.632500	12.344140	 984	159	5.14
NGC4486_S523   187.631390	12.379240	1198	106	4.43
NGC4486_S524   187.627450	12.459660	1584	72	6.17
NGC4486_S525   187.627800	12.382220	1196	 4	4.61
NGC4486_S526   187.625080	12.465700	 645	70	6.52
NGC4486_S527   187.625570	12.409730	1452	92	4.84
NGC4486_S528   187.627910	12.301450	1724	75	7.06
NGC4486_S529   187.621690	12.449310	 827	82	6.05
NGC4486_S530   187.622400	12.402240	1607	106	4.94
NGC4486_S531   187.619790	12.410470	1161	47	5.18
NGC4486_S532   187.620340	12.372370	1399	106	5.14
NGC4486_S533   187.617430	12.414960	1340	106	5.38
NGC4486_S534   187.616330	12.389040	1570	106	5.25
NGC4486_S535   187.611490	12.420180	1303	75	5.80
NGC4486_S536   187.612070	12.391960	1404	46	5.50
NGC4486_S537   187.607300	12.439190	1368	75	6.46
NGC4486_S538   187.607790	12.404300	1587	61	5.81
NGC4486_S539   187.605660	12.436250	 496	68	6.47
NGC4486_S540   187.602630	12.415510	1028	106	6.23
NGC4486_S541   187.598790	12.438710	 973	97	6.90
NGC4486_S542   187.591600	12.431620	1823	106	7.13
NGC4486_S543   187.592450	12.317790	2064	117	7.97
NGC4486_S544   187.712500	12.380990	 713	106	0.72
NGC4486_S545   187.709720	12.381570	1281	75	0.61
NGC4486_S546   187.695470	12.392930	1434	106	0.62
NGC4486_S547   187.716140	12.381000	1751	106	0.85
NGC4486_S548   187.691880	12.394180	1483	106	0.84
NGC4486_S549   187.692470	12.391300	1795	106	0.79
NGC4486_S550   187.717100	12.403090	1447	106	0.97
NGC4486_S551   187.705810	12.381800	1327	106	0.56
NGC4486_S552   187.708730	12.384680	1211	106	0.42
NGC4486_S553   187.713560	12.387490	 228	106	0.50
NGC4486_S554   187.703260	12.401690	1311	106	0.65
NGC4486_S555   187.712010	12.396940	1511	106	0.50
NGC4486_S556   187.713180	12.394470	1206	106	0.47
NGC4486_S557   187.705450	12.375840	1800	106	0.92
NGC4486_S558   187.792260	12.274450	1818	77	8.64
NGC4486_S559   187.572870	12.397840	1786	174	7.81
NGC4486_S560   187.579930	12.417830	 104	58	7.56
NGC4486_S561   187.587930	12.513570	 964	179	10.09
NGC4486_S562   187.593280	12.507740	1004	101	9.62
NGC4486_S563   187.687510	12.410080	1589	153	1.57
NGC4486_S564   187.690280	12.388130	1231	89	0.93
NGC4486_S565   187.694900	12.258930	1242	 9	7.96
NGC4486_S566   187.704820	12.405680	1632	106	0.88
NGC4486_S567   187.830620	12.265730	1463	69	10.49
NGC4486_S568   187.842450	12.326720	1406	 6	8.88
NGC4486_S569   187.699780	12.329620	1565	144	3.71
NGC4486_S570   187.757880	12.334800	1355	122	4.55
NGC4486_S571   187.690240	12.405260	1658	139	1.25
NGC4486_S572   187.673540	12.487650	1179	31	6.09
NGC4486_S573   187.655560	12.493380	1329	106	6.81
NGC4486_S574   187.649700	12.393960	 948	106	3.30
NGC4486_S575   187.710660	12.410030	1510	106	1.17
NGC4486_S576   187.741470	12.407380	1202	106	2.30
NGC4486_S577   187.724730	12.344660	 500	106	3.00
NGC4486_S578   187.686170	12.391280	1401	106	1.16
NGC4486_S579   187.645280	12.405740	1371	106	3.66
NGC4486_S580   187.685140	12.424490	1133	106	2.34
NGC4486_S581   187.703080	12.374410	1912	106	1.02
NGC4486_S582   187.706110	12.362480	1616	81	1.72
NGC4486_S583   187.920930	12.467660	1178	 8	13.41
NGC4486_S584   188.000760	12.450700	1328	14	17.64
NGC4486_S585   187.959300	12.436330	1412	15	15.09
NGC4486_S586   187.942540	12.428780	1690	12	14.05
NGC4486_S587   187.930520	12.424060	1544	12	13.31
NGC4486_S588   187.955630	12.413340	1279	21	14.69
NGC4486_S589   187.940620	12.411440	1330	21	13.81
NGC4486_S590   187.906470	12.409190	 814	16	11.80
NGC4486_S591   187.910350	12.382570	1713	12	11.99
NGC4486_S592   187.933310	12.378000	1331	 8	13.35
NGC4486_S593   187.988530	12.364690	1147	12	16.64
NGC4486_S594   187.890630	12.362880	1421	 9	10.96
NGC4486_S595   187.923500	12.354060	1797	 9	12.94
NGC4486_S596   187.903450	12.352470	1296	10	11.81
NGC4486_S597   187.913080	12.351350	1414	10	12.37
NGC4486_S598   187.963070	12.343190	1786	 8	15.34
NGC4486_S599   187.920100	12.341460	1459	 9	12.90
NGC4486_S600   187.952820	12.340070	1127	11	14.79
NGC4486_S601   187.930920	12.336790	1577	13	13.58
NGC4486_S602   187.905700	12.335560	1196	 6	12.17
NGC4486_S603   187.975790	12.330250	 979	 9	16.23
NGC4486_S604   187.941810	12.325210	 974	 6	14.38
NGC4486_S605   187.982980	12.323010	1178	 7	16.74
NGC4486_S606   187.874730	12.478460	1236	13	11.19
NGC4486_S607   187.827680	12.428720	1611	15	7.48
NGC4486_S608   187.840330	12.426200	 637	10	8.15
NGC4486_S609   187.876730	12.426160	1337	 9	10.23
NGC4486_S610   187.842680	12.415120	2111	 5	8.14
NGC4486_S611   187.851690	12.406510	1295	11	8.59
NGC4486_S612   187.870890	12.388840	1389	 6	9.67
NGC4486_S613   187.877730	12.377560	 878	12	10.10
NGC4486_S614   187.838460	12.375040	1738	 6	7.83
NGC4486_S615   187.846450	12.370520	1166	 6	8.33
NGC4486_S616   187.873740	12.364630	1335	13	9.96
NGC4486_S617   187.866790	12.362790	1409	21	9.58
NGC4486_S618   187.831770	12.357490	1410	 9	7.65
NGC4486_S619   187.868920	12.353580	1255	13	9.81
NGC4486_S620   187.864250	12.352490	1452	13	9.56
NGC4486_S621   187.844340	12.350200	1400	 6	8.47
NGC4486_S622   187.848840	12.331110	1330	16	9.12
NGC4486_S623   188.046050	12.367260	1028	 9	19.98
NGC4486_S624   188.023710	12.364530	1018	 8	18.69
NGC4486_S625   188.069600	12.356700	1531	 9	21.41
NGC4486_S626   188.079930	12.339000	1280	11	22.14
NGC4486_S627   188.030090	12.332720	 981	 8	19.32
NGC4486_S628   188.142260	12.456380	1307	 7	25.87
NGC4486_S629   188.178850	12.366880	1418	 6	27.75
NGC4486_S630   188.152050	12.349200	1349	13	26.26
NGC4486_S631   188.214840	12.338440	1689	 6	29.99
NGC4486_S632   188.229570	12.337590	1701	11	30.85
NGC4486_S633   188.154190	12.331260	1258	 7	26.51
NGC4486_S634   188.288170	12.437530	1652	13	34.23
NGC4486_S635   188.250410	12.352360	1422	15	31.99
NGC4486_S636   188.279540	12.344790	1049	 6	33.73
NGC4486_S637   188.346100	12.341770	1581	11	37.63
NGC4486_S638   188.323020	12.326090	1378	16	36.37
NGC4486_S639   188.170440	12.470540	2128	 9	27.64
NGC4486_S640   188.160600	12.470970	1259	 9	27.07
NGC4486_S641   188.337270	12.480770	1203	 7	37.39
NGC4486_S642   188.292230	12.468160	1211	10	34.67
NGC4486_S643   187.531550	12.608610	1223	 2	16.57
NGC4486_S644   187.700850	12.586360	 824	50	11.72
NGC4486_S645   187.768650	11.943470	 916	 2	27.11
NGC4486_S646   187.799500	12.683640	1290	 2	18.39
NGC4486_S647   187.868160	12.417660	2100	 2	9.64
NGC4486_S648   187.970400	12.266410	 985	 3	17.21
NGC4486_S649   188.018130	12.341760	1641	 6	18.53
NGC4486_S650   188.060740	12.051490	1216	61	29.11
NGC4486_S651   187.628580	12.311570	2425	103	6.58
NGC4486_S652   187.701300	12.331150	2777	26	3.61
NGC4486_S653   187.699550	12.259420	 415	134	7.91