  51240   137.8943939   60.0452232   23.989   23.354   22.819  
  46611   137.9085846   60.0275497   24.05    23.469   22.988  
  51681   137.9106903   60.0469437   24.795   24.106   23.427  
  46672   137.9161835   60.0270844   24.529   23.844   23.157  
  52169   137.913559    60.048027    25.262   24.636   24.226  
  52301   137.9035339   60.0490837   25.671   24.916   24.42   
  52629   137.8992462   60.0489769   24.233   23.585   23.018  
  47730   137.9275055   60.0315704   23.865   23.129   22.549  
  52874   137.9149323   60.0494919   23.44    22.741   22.228  
  51041   137.8807526   60.0431061   24.271   23.557   22.964  
  47928   137.9318848   60.0326195   25.361   24.643   24.023  
  52822   137.8965149   60.0511284   24.463   23.77    23.388  
  46642   137.8832245   60.0272942   23.784   23.094   22.601  
  52683   137.8890076   60.0498657   25.1     24.479   23.921  
  45286   137.9101257   60.0220566   25.706   25.082   24.518  
  52505   137.9244232   60.0500526   25.544   24.825   24.236  
  45598   137.8886719   60.0216408   22.957   22.343   21.945  
  49146   137.8690643   60.0364761   23.035   22.394   22.077  
  53678   137.8896027   60.0546112   25.476   24.892   24.577  
  46331   137.8738861   60.0264854   25.192   24.507   24.071  
  51674   137.8696442   60.046608    24.439   23.823   23.34   
  47744   137.9437714   60.0311584   22.541   21.824   21.402  
  50320   137.9460907   60.042057    25.07    24.33    23.824  
  54676   137.8987274   60.0583801   23.23    22.659   22.355  
  44459   137.8832855   60.0183067   26.069   25.475   25.003  
  46599   137.8660431   60.0268669   23.45    22.83    22.4    
  47063   137.8632812   60.0291901   24.416   23.75    23.266  
  52905   137.8699341   60.0510979   25.027   24.402   23.99   
  45087   137.8736725   60.0204582   24.6     23.963   23.417  
  54508   137.8881378   60.0583534   25.068   24.311   23.69   
  43690   137.9195709   60.014904    26.276   25.667   25.289  
  44992   137.938736    60.0203552   24.169   23.636   23.375  
  43952   137.9273071   60.0160294   25.805   25.218   24.749  
  54945   137.8885498   60.059803    22.634   21.908   21.5    
  53987   137.8699188   60.0560265   25.313   24.656   24.015  
  53285   137.9468842   60.0521126   23.141   22.495   22.163  
  45189   137.8654175   60.0206337   24.078   23.43    22.963  
  53622   137.9473114   60.0531731   24.032   23.469   23.301  
  55752   137.9017944   60.0641441   24.608   24.011   23.697  
  55881   137.9160767   60.0637779   24.161   23.454   22.983  
  46593   137.9552155   60.02528     22.11    21.519   21.206  
  44300   137.9448395   60.0171509   24.073   23.518   23.278  
  54425   137.9461365   60.0575218   24.786   24.004   23.482  
  42514   137.8993683   60.0083847   24.644   24.082   23.616  
  53732   137.8578186   60.0546074   23.621   22.985   22.741  
  51921   137.9617004   60.0468636   23.434   22.739   22.337  
  54163   137.9515381   60.0560837   23.048   22.373   22.003  
  56434   137.9028778   60.0671539   25.054   24.455   24.233  
  51624   137.9650116   60.0462685   24.384   23.7     23.123  
  52712   137.9635925   60.05019     23.388   22.776   22.491  
  43961   137.9529572   60.0159492   25.056   24.43    23.86   
  46122   137.8451996   60.0247116   22.774   22.134   21.736  
  43935   137.8530273   60.0163078   25.791   25.192   24.752  
  43270   137.9497833   60.0119324   23.078   22.491   22.149  
  46312   137.9697723   60.0263824   25.356   24.698   24.102  
  54675   137.8522339   60.0592918   24.693   24.114   23.892  
  41120   137.9089966   60.0027351   24.802   24.158   23.682  
  57255   137.8927307   60.0714836   25.264   24.618   24.112  
  55712   137.9543304   60.0628777   24.08    23.364   22.967  
  57575   137.912323    60.0725136   23.575   22.997   22.631  
  52165   137.9747162   60.0482483   24.027   23.268   22.742  
  45617   137.8377686   60.0230331   25.7     25.083   24.773  
  57516   137.9393921   60.0695419   23.818   23.188   22.882  
  47161   137.832428    60.0293083   24.58    23.829   23.168  
  50526   137.8313904   60.0432243   25.319   24.73    24.233  
  57904   137.8961029   60.0742836   24.823   24.217   23.67   
  46930   137.8305969   60.0283432   23.914   23.246   22.753  
  58401   137.8932648   60.0760994   23.47    22.874   22.529  
  53988   137.835556    60.0561028   25.937   25.361   25.07   
  50678   137.8266602   60.0438271   26.228   25.642   25.185  
  54821   137.9715576   60.0591507   22.292   21.594   21.158  
  58481   137.9237518   60.0767479   24.367   23.653   23.229  
  54412   137.9758148   60.0582428   25.846   25.208   24.818  
  56295   137.8473358   60.0662842   22.963   22.334   22.056  
  44703   137.9802704   60.019062    24.657   23.998   23.411  
  50740   137.9880981   60.0431404   22.775   22.154   21.709  
  57003   137.8514404   60.0700874   25.149   24.565   24.2    
  40686   137.8637848   60.0002365   24.758   24.021   23.47   
  39996   137.9369507   59.9972343   25.776   25.263   25.014  
  46897   137.8204041   60.028614    25.529   24.834   24.475  
  47896   137.9913025   60.0317307   23.045   22.409   22.059  
  44563   137.8251953   60.0196495   26.488   25.815   25.18   
  43505   137.9792023   60.0140495   25.206   24.669   24.275  
  39658   137.8830109   59.9949417   22.899   22.352   22.038  
  58357   137.8634338   60.0758514   23.566   22.972   22.622  
  39500   137.9317322   59.9951248   25.93    25.271   24.878  
  51381   137.8166809   60.0448647   24.03    23.338   22.862  
  53651   137.8211823   60.0540657   23.68    23.037   22.726  
  59549   137.9141541   60.0830269   26.172   25.631   25.302  
  41466   137.8413849   60.0037346   24.153   23.497   23.128  
  56190   137.9775391   60.0662003   24.434   23.743   23.408  
  39007   137.9299622   59.992527    26.46    25.822   25.267  
  38711   137.8832397   59.9914742   26.2     25.557   25.098  
  58577   137.8552094   60.0777931   25.51    24.99    24.729  
  55122   137.822403    60.0610008   23.486   22.882   22.523  
  51592   137.8103485   60.0449409   22.407   21.775   21.504  
  47190   138.0000458   60.0298424   25.082   24.396   23.917  
  45817   137.9973602   60.0240593   24.486   23.877   23.523  
  58518   137.9577637   60.0775871   25.539   24.988   24.604  
  40023   137.8484497   59.9973984   25.563   24.88    24.343  
  38955   137.8682404   59.9915276   23.394   22.659   22.213  
  41395   137.8324738   60.0035973   24.298   23.739   23.472  
  44484   137.8134155   60.0175781   25.107   24.436   24.123  
  39015   137.8604736   59.9924164   24.732   24.067   23.627  
  54391   137.8134918   60.0581055   25.704   24.944   24.412  
  38299   137.9120331   59.9870529   22.639   22.06    21.733  
  39082   137.9504242   59.9921913   23.985   23.426   23.058  
  40012   137.8460083   59.9962578   23.034   22.347   21.995  
  60490   137.9215393   60.0868568   24.247   23.591   23.186  
  59955   137.9420776   60.0844154   25.474   24.952   24.543  
  44377   137.9989166   60.0178185   24.274   23.734   23.31   
  39414   137.8531952   59.9937096   23.177   22.564   22.231  
  41011   137.8311005   60.0021019   25.873   25.161   24.599  
  40640   137.977356    59.999958    24.136   23.547   23.142  
  43884   137.8105469   60.0162506   26.119   25.393   24.983  
  59819   137.8598938   60.0842857   26.082   25.437   25.233  
  39148   137.9603729   59.9927826   24.522   23.936   23.66   
  55894   137.9994812   60.0639458   24.063   23.341   22.848  
  37322   137.881546    59.9843826   24.689   24.122   23.63   
  60124   137.8548889   60.0848465   24.268   23.747   23.356  
  37191   137.9266968   59.9839439   25.23    24.55    24.036  
  37021   137.894455    59.9833679   25.729   25.115   24.977  
  43981   137.8025055   60.0165558   25.949   25.299   24.64   
  56671   137.9971161   60.0683937   24.368   23.84    23.535  
  61562   137.9240723   60.0923119   25.144   24.519   24.083  
  40724   137.9906158   60.0009766   25.823   25.316   25.063  
  39324   137.8332672   59.9941025   25.883   25.218   24.732  
  39211   137.8346405   59.9933014   24.866   24.361   24.094  
  47812   137.7931824   60.0313187   22.553   21.895   21.406  
  38196   137.9641113   59.9887123   26.161   25.629   25.337  
  49455   137.7915039   60.0385818   23.669   23.037   22.694  
  58595   137.8257751   60.0781174   25.574   24.889   24.5    
  59934   137.9706573   60.0841293   24.844   24.228   23.862  
  37133   137.8677216   59.9828758   23.427   22.842   22.531  
  60735   137.8539429   60.0887413   26.19    25.584   24.997  
  61403   137.9389496   60.0920715   26.061   25.412   25.008  
  54413   138.0128784   60.0578728   23.94    23.336   23.034  
  59352   137.8301849   60.0811882   24.818   24.153   23.835  
  52901   137.7918854   60.0513878   25.688   25.175   24.816  
  36813   137.8834534   59.979641    24.989   24.466   24.185  
  60321   137.8418274   60.0866814   25.982   25.421   25.023  
  57734   137.8126373   60.0732231   23.615   22.971   22.596  
  62221   137.8981476   60.095871    24.993   24.393   24.109  
  39441   137.9871216   59.9948006   25.455   24.791   24.466  
  36009   137.8867035   59.9785004   26.062   25.273   24.701  
  35886   137.9118805   59.9776268   26.241   25.548   25.14   
  37717   137.9687653   59.9865265   25.598   24.996   24.618  
  37028   137.8520813   59.9833145   25.678   25.11    24.584  
  47429   138.0253906   60.0312538   25.306   24.745   24.375  
  44717   137.7895813   60.0193901   24.76    24.052   23.496  
  61877   137.9521027   60.0934296   24.049   23.397   22.784  
  52590   137.7849731   60.0486145   21.953   21.444   21.093  
  36750   137.960144    59.982399    26.744   25.931   25.367  
  38494   137.8269043   59.9893761   26.162   25.471   24.871  
  46823   137.7829895   60.0274811   22.586   22.011   21.725  
  62280   137.94104     60.0966377   26.232   25.557   25.108  
  57282   137.8009949   60.0713959   24.687   24.084   23.647  
  62920   137.8830261   60.0988884   25.024   24.345   23.976  
  61936   137.8492889   60.0942078   24.755   24.154   23.907  
  43715   138.0243225   60.0145378   23.955   23.275   22.836  
  62943   137.8715668   60.0989037   24.469   23.889   23.587  
  62843   137.9391327   60.0991631   26.212   25.449   24.854  
  38886   137.9988403   59.9922905   25.925   25.339   24.912  
  49311   138.035553    60.0387802   25.949   25.427   25.281  
  43043   137.7853546   60.0118332   25.663   24.948   24.39   
  63318   137.8823242   60.1015282   26.264   25.678   25.24   
  36587   137.9744873   59.9815025   25.941   25.266   24.784  
  62354   137.9615021   60.0962448   26.271   25.761   25.342  
  53442   138.0352936   60.0536003   24.992   24.422   23.927  
  62515   137.9618073   60.097477    26.419   25.736   25.254  
  54095   138.033783    60.0563164   24.282   23.657   23.412  
  37297   137.9866028   59.9837418   23.441   22.826   22.485  
  59237   138.007782    60.0802841   23.343   22.756   22.429  
  42808   138.0294495   60.0107117   26.464   25.686   25.187  
  55174   138.0334015   60.0607338   24.27    23.584   23.043  
  39071   137.8013458   59.9931564   25.734   25.086   24.876  
  35887   137.9740448   59.9780884   26.419   25.742   25.245  
  37778   137.9965668   59.9856834   23.19    22.634   22.327  
  59186   138.0121307   60.0807266   24.63    23.991   23.59   
  33924   137.89505     59.9680481   25.19    24.422   23.799  
  37007   137.9936218   59.9834557   25.705   24.974   24.454  
  63980   137.9515839   60.1030922   22.732   22.086   21.725  
  34785   137.8556824   59.9715805   23.152   22.587   22.256  
  34350   137.951416    59.9706039   26.228   25.562   25.351  
  45883   138.0444336   60.0241737   24.438   23.849   23.572  
  42947   138.0371094   60.0117035   26.656   25.854   25.285  
  64497   137.9103851   60.1078758   26.568   25.937   25.341  
  57126   138.0311584   60.0705452   25.636   24.976   24.554  
  62276   137.985672    60.0958633   23.956   23.248   22.63   
  33640   137.9345245   59.9671135   25.766   24.962   24.435  
  63592   137.8459167   60.1026039   24.659   23.911   23.333  
  37525   137.8057251   59.9851646   24.92    24.352   23.876  
  64317   137.8621216   60.1061363   24.813   24.255   24.049  
  54350   138.0445862   60.0575218   24.616   23.99    23.451  
  33319   137.930542    59.9658356   26.209   25.708   25.336  
  64230   137.8536377   60.10532     23.813   23.239   22.858  
  43120   138.0426331   60.0115509   24.142   23.515   23.232  
  64142   137.8470764   60.1046982   23.778   23.166   22.89   
  32915   137.901825    59.9639816   26.012   25.223   24.642  
  48313   137.7581329   60.0343513   24.909   24.297   23.989  
  35242   137.9789886   59.9737167   24.475   23.79    23.343  
  36084   137.8144531   59.9789314   25.723   25.032   24.555  
  65223   137.8791809   60.1099548   24.093   23.531   23.305  
  40159   137.7777557   59.9981079   25.71    25.179   25.025  
  37323   137.7985382   59.9842682   25.085   24.479   23.956  
  33460   137.9551849   59.9663925   26.059   25.398   24.823  
  35458   137.9922638   59.9756317   25.796   25.068   24.531  
  33629   137.8572845   59.9657555   24.248   23.645   23.159  
  34532   137.8309631   59.9713707   25.839   25.119   24.661  
  55803   138.0460968   60.0648537   25.943   25.338   24.951  
  56433   138.043335    60.0681      25.778   25.1     24.621  
  65686   137.9018097   60.1131363   26.01    25.42    25.143  
  41474   138.0431976   60.0044708   25.671   25.122   24.821  
  40281   137.7746429   59.9976959   22.899   22.189   21.78   
  63791   137.8265381   60.1033096   24.754   24.191   23.94   
  63080   137.8181763   60.1004372   26.013   25.519   25.288  
  42020   138.0474091   60.0073471   26.566   25.764   25.25   
  33990   137.979538    59.968483    25.721   25.068   24.61   
  62863   137.8044128   60.097187    23.574   23.078   22.763  
  43864   137.7548676   60.0156822   26.315   25.633   25.379  
  40727   137.7667542   60.0004616   24.919   24.295   23.972  
  37266   138.0218658   59.9841728   25.469   24.924   24.571  
  62152   138.0115967   60.0956345   25.664   25.154   24.925  
  66230   137.911499    60.1160507   25.69    25.072   24.713  
  32215   137.8653259   59.9599571   24.292   23.604   22.986  
  43332   138.0570679   60.0128593   24.447   23.685   23.081  
  65802   137.8572693   60.1137276   25.975   25.319   25.018  
  40944   137.760849    60.0009727   23.087   22.532   22.22   
  35906   138.0149536   59.9776726   25.361   24.592   24.078  
  54274   137.7480164   60.0576515   25.78    25.118   24.767  
  31293   137.9167328   59.955822    24.527   24.035   23.708  
  66024   137.958725    60.1147232   25.048   24.359   23.897  
  61094   137.7785797   60.0900841   25.178   24.586   24.27   
  33720   137.9894104   59.9665146   22.92    22.242   21.88   
  32172   137.8426056   59.9601669   24.615   23.952   23.678  
  31600   137.8533936   59.9579391   26.063   25.56    25.19   
  60469   137.7711029   60.0873985   26.465   25.782   25.119  
  40841   138.0572662   60.0013847   25.624   25.027   24.824  
  35675   137.7878113   59.9766884   25.618   25.03    24.809  
  54650   138.0690002   60.0589752   25.434   24.687   24.195  
  43368   137.7425232   60.0138283   26.535   25.748   25.176  
  64275   137.8072815   60.1063919   25.798   25.154   24.929  
  45528   138.0727539   60.0230293   26.247   25.638   25.208  
  34310   137.8023834   59.9696693   24.111   23.412   22.869  
  34631   138.0146637   59.9715805   25.349   24.68    24.2    
  34749   138.0172119   59.9724274   26.22    25.636   25.14   
  44163   138.0721893   60.0172729   26.022   25.482   25.026  
  32666   137.9889679   59.9625435   25.141   24.633   24.246  
  30321   137.917038    59.951767    26.243   25.52    25.044  
  30209   137.913208    59.9514313   25.887   25.179   24.868  
  40464   138.0610657   59.9996719   25.973   25.245   24.679  
  39665   137.7536011   59.9954758   24.594   24.013   23.669  
  59369   137.755127    60.0813179   24.479   23.896   23.631  
  60138   137.759552    60.0855293   26.011   25.489   25.214  
  32275   137.9894562   59.9608879   25.594   25.039   24.551  
  64629   138.0075226   60.108223    25.992   25.241   24.638  
  63987   138.019165    60.1039162   23.619   22.961   22.68   
  30960   137.9656525   59.9547958   25.913   25.222   24.762  
  66298   137.8248444   60.1154747   24.174   23.455   23.059  
  40842   137.7447815   60.0004272   23.224   22.626   22.314  
  53365   138.0796051   60.0527687   24.371   23.761   23.413  
  43167   138.075058    60.0122337   25.527   24.992   24.869  
  61961   138.0429688   60.0929413   23.623   22.877   22.391  
  67956   137.9371185   60.1247978   26.254   25.636   25.31   
  29568   137.9171906   59.9484177   25.886   25.364   25.16   
  55549   137.7342224   60.0636406   25.501   24.953   24.781  
  66236   137.9905548   60.1158638   25.424   24.819   24.582  
  37515   138.0502167   59.9844093   22.399   21.847   21.611  
  40628   137.7410736   60.0003815   25.677   24.965   24.294  
  65615   138.0019379   60.1127892   25.71    25.117   25.009  
  61104   137.7591553   60.0897446   24.333   23.696   23.415  
  54997   138.0793457   60.0607376   25.034   24.226   23.649  
  31074   137.9797821   59.9552536   25.512   24.906   24.669  
  55498   137.7313538   60.0620613   22.36    21.773   21.471  
  68108   137.8721008   60.1259003   26.585   25.763   25.208  
  36450   137.7618561   59.9808502   26.41    25.681   25.112  
  36547   137.7635193   59.9794731   25.159   24.576   24.456  
  60312   138.060257    60.0861549   24.345   23.7     23.41   
  31288   137.991394    59.9562531   25.539   24.988   24.695  
  63509   138.0326843   60.1029625   26.51    25.696   25.171  
  33088   138.0182648   59.9647522   25.964   25.353   24.787  
  68898   137.9133911   60.1290703   25.639   25.09    24.68   
  68165   137.9565277   60.1256142   25.212   24.578   24.143  
  64489   137.7865448   60.1074638   25.917   25.196   24.806  
  49117   137.7201538   60.0354996   24.34    23.669   23.143  
  32737   137.7958221   59.9629974   25.289   24.699   24.587  
  38135   137.7480469   59.9885368   26.504   25.717   25.093  
  67598   137.8304291   60.1221962   24.294   23.716   23.23   
  66615   137.8133392   60.1179276   26.335   25.613   25.157  
  35789   138.0472717   59.977047    25.261   24.58    24.03   
  58907   138.0715942   60.079216    25.743   25.016   24.455  
  29080   137.9443512   59.9458084   25.394   24.883   24.591  
  53148   137.7205658   60.0527039   26.01    25.432   25.037  
  28686   137.8983765   59.9438438   25.524   24.987   24.585  
  29057   137.9424591   59.9453735   24.2     23.636   23.294  
  67749   137.8272095   60.1229744   23.66    22.951   22.518  
  59869   138.0702515   60.0832024   22.123   21.555   21.311  
  38547   137.7412415   59.9902153   24.849   24.277   23.792  
  28788   137.9255524   59.9433403   23.521   22.879   22.627  
  62148   138.055603    60.0951843   24.498   23.944   23.555  
  66027   138.0138092   60.1150208   25.814   25.146   24.894  
  29367   137.9637146   59.9468002   25.488   24.898   24.622  
  55680   138.0881958   60.0635567   24.005   23.302   22.673  
  30938   137.8112793   59.9544067   25.651   25.131   24.93   
  28290   137.8985748   59.9419289   25.551   24.964   24.817  
  28190   137.9082642   59.9415855   25.527   24.854   24.409  
  50764   138.0961761   60.0432663   23.627   22.943   22.609  
  40547   138.0815582   59.9999809   25.898   25.236   24.749  
  63912   137.7692108   60.1045761   25.959   25.385   25.239  
  61567   138.062088    60.0925865   25.344   24.762   24.311  
  28282   137.8929138   59.9415359   23.904   23.375   23.112  
  62869   137.7557373   60.0979042   25.499   24.703   24.135  
  28894   137.9547729   59.9443626   23.862   23.112   22.469  
  28352   137.9307098   59.9418144   23.355   22.763   22.413  
  42330   138.0906372   60.0083237   25.398   24.693   24.04   
  69642   137.9377594   60.1328888   25.392   24.77    24.378  
  52116   138.098465    60.0480003   24.415   23.868   23.586  
  50813   137.7111359   60.0445213   26.535   25.73    25.119  
  28062   137.8774261   59.9410667   25.819   25.198   24.856  
  66349   138.0179749   60.1165123   24.799   24.264   23.848  
  28879   137.8547363   59.9428787   22.009   21.448   21.104  
  63704   137.7583923   60.102169    23.463   22.816   22.197  
  65511   138.0301514   60.1125031   25.965   25.46    25.059  
  66866   138.0097961   60.1193199   26.367   25.843   25.352  
  70102   137.9091187   60.1349564   26.092   25.399   24.831  
  52270   137.7101135   60.0490074   25.898   25.302   24.82   
  36651   137.7463531   59.9795494   22.611   22.063   21.856  
  28010   137.9392548   59.9405174   25.676   25.146   24.917  
  59229   137.7275848   60.080677    25.184   24.527   24.116  
  32485   138.0303802   59.9602814   22.081   21.46    21.126  
  51967   138.1031189   60.0469322   23.081   22.495   22.225  
  70019   137.8572693   60.1340714   24.957   24.396   24.068  
  58479   137.7218475   60.0774384   26.044   25.498   25.187  
  70299   137.8557739   60.1349068   23.964   23.4     23.152  
  65582   138.0397186   60.1124306   25.331   24.731   24.251  
  28791   137.9823303   59.9438591   24.435   23.674   23.191  
  55372   137.7094421   60.0627937   25.607   25.037   24.802  
  70740   137.9177551   60.1381073   25.965   25.395   25.229  
  37737   138.0807648   59.9864082   25.382   24.674   24.222  
  31643   137.7789764   59.9572639   24.326   23.715   23.399  
  33775   138.0534821   59.9674339   25.777   25.212   24.802  
  26905   137.8982849   59.935421    25.997   25.47    25.058  
  57030   137.7115479   60.0703545   25.011   24.262   23.711  
  58674   138.0932617   60.0777817   24.127   23.484   23.254  
  27554   137.8489838   59.9387932   25.616   25.056   24.702  
  58760   137.7172852   60.0789986   26.258   25.626   25.0    
  71001   137.9202118   60.1396027   25.996   25.375   25.226  
  34741   137.7455292   59.9721909   26.312   25.627   24.9    
  50968   137.6987915   60.044632    25.619   25.048   24.924  
  28199   137.8307037   59.9405212   25.072   24.334   23.856  
  48722   138.1128082   60.0365753   26.319   25.49    24.927  
  71047   137.9343872   60.1398354   25.946   25.416   25.142  
  67740   138.0214233   60.1233025   25.173   24.542   24.098  
  58753   138.0958099   60.0782394   23.953   23.324   23.005  
  57536   138.101593    60.0722313   24.703   24.189   23.836  
  52699   137.6984863   60.0497742   23.253   22.581   22.208  
  71086   137.9334717   60.1402626   26.163   25.434   25.031  
  63279   138.0704041   60.1011467   25.318   24.621   24.238  
  58846   137.7115936   60.0785789   24.411   23.892   23.564  
  65549   138.0523682   60.1124802   25.129   24.472   24.213  
  29772   137.7892761   59.9493408   26.167   25.571   25.126  
  71840   137.9273834   60.1419945   22.589   21.935   21.342  
  45125   138.1141815   60.0208855   25.393   24.852   24.674  
  43738   138.1118011   60.0150566   25.851   25.15    24.826  
  70701   137.9700623   60.1375771   25.864   25.313   24.944  
  62253   137.7287445   60.0961075   25.557   24.99    24.801  
  70093   137.9927521   60.1340866   24.681   24.145   23.824  
  64092   137.7416229   60.1052284   25.874   25.143   24.71   
  36970   138.0872498   59.9815903   24.531   23.966   23.752  
  26261   137.8660126   59.9323921   25.729   24.982   24.398  
  42648   137.6988525   60.0097122   25.653   25.059   24.517  
  61899   138.086441    60.0944595   26.076   25.426   24.761  
  70648   137.8259277   60.1369743   25.127   24.557   24.105  
  27692   137.9866638   59.9378738   23.143   22.552   22.2    
  64373   138.0705109   60.1065483   25.515   24.869   24.385  
  52443   138.1205597   60.0492516   24.605   24.006   23.746  
  70067   137.8083344   60.1339798   24.184   23.477   23.046  
  46265   138.1210327   60.0258751   24.688   23.98    23.482  
  49131   138.121994    60.0361938   23.843   23.216   22.625  
  44367   138.1188049   60.0179405   25.788   25.272   25.006  
  65027   137.7416077   60.1090736   22.746   22.219   21.898  
  61722   138.0934906   60.0920029   21.913   21.294   21.034  
  67247   137.7638702   60.1199722   23.341   22.761   22.47   
  59050   138.1066132   60.0792313   24.344   23.77    23.365  
  25878   137.8627625   59.9308128   26.571   25.849   25.314  
  26052   137.8500214   59.9316521   26.579   25.877   25.163  
  70393   137.9985046   60.1362381   25.943   25.293   24.949  
  30633   138.0454712   59.9530525   25.508   24.856   24.232  
  72525   137.876709    60.146183    23.699   23.129   23.003  
  55333   138.1195526   60.0618782   23.105   22.504   22.235  
  67118   137.7571716   60.1186981   22.317   21.693   21.452  
  31012   138.0503845   59.9542999   24.535   23.963   23.743  
  70241   138.0054169   60.1352768   25.447   24.799   24.319  
  25605   137.8642273   59.928875    25.12    24.541   24.243  
  38478   137.7049255   59.9902725   26.096   25.442   25.04   
  64400   138.078598    60.1059952   23.617   22.863   22.345  
  49052   137.6824646   60.0370789   24.271   23.69    23.218  
  71365   137.9824066   60.1410942   26.507   25.784   25.24   
  46339   138.1274261   60.0269508   26.388   25.627   24.994  
  66311   138.0628357   60.1160698   25.069   24.538   24.173  
  56440   138.1205902   60.0676727   24.614   23.95    23.632  
  35289   137.7194977   59.974411    24.952   24.385   24.108  
  42589   138.1229248   60.0094452   25.706   25.172   24.931  
  58354   137.6945038   60.0762901   24.737   24.151   23.892  
  24882   137.8871155   59.9250183   25.644   25.03    24.886  
  31910   137.7435303   59.9587021   24.638   24.105   23.812  
  50951   138.1304932   60.0447197   25.993   25.328   25.07   
  72347   137.8408203   60.1459465   25.335   24.777   24.58   
  28640   138.0333252   59.9438782   26.297   25.516   24.965  
  65588   137.7347565   60.112442    25.407   24.823   24.739  
  58757   138.1177063   60.0781975   25.118   24.389   23.995  
  38476   138.1119843   59.9897385   24.272   23.659   23.149  
  67166   137.7462769   60.1198921   24.306   23.638   23.359  
  68420   138.0453949   60.127449    26.214   25.529   25.082  
  60573   138.111908    60.0868759   24.117   23.438   23.107  
  32497   138.0786133   59.9620934   26.019   25.418   25.19   
  25311   137.8415527   59.9270401   24.713   24.095   23.727  
  27152   137.7957916   59.9362831   24.446   23.755   23.429  
  73249   137.8534698   60.1490326   23.966   23.339   23.004  
  74024   137.9089355   60.1523018   23.586   22.904   22.301  
  38686   138.1153107   59.9902802   24.9     24.309   23.761  
  66360   138.0735321   60.1158333   24.716   24.191   24.007  
  72744   137.9685822   60.1476746   25.642   25.03    24.695  
  72907   137.8456879   60.1483536   25.208   24.689   24.41   
  60069   138.1144409   60.0856285   25.937   25.422   25.107  
  26651   137.8058167   59.9335213   24.079   23.54    23.196  
  63161   137.7119751   60.0998344   24.249   23.645   23.307  
  25673   137.9850311   59.9290085   24.115   23.393   22.723  
  45650   137.6760864   60.0236778   26.243   25.542   25.025  
  45668   137.6760559   60.0221786   23.84    23.186   22.827  
  71891   137.9957733   60.1433907   24.501   23.937   23.764  
  73361   137.8717041   60.1509781   26.659   25.931   25.334  
  34208   138.09198     59.9690781   25.149   24.442   23.864  
  36486   137.7030792   59.9803619   25.777   25.036   24.478  
  73513   137.858139    60.1512756   26.087   25.525   25.155  
  40197   138.1249847   59.9975128   23.969   23.348   23.034  
  74135   137.9010162   60.1539764   24.615   24.073   23.741  
  54254   138.1355896   60.0577927   26.185   25.495   24.96   
  37118   137.6981049   59.9826851   23.238   22.694   22.411  
  24254   137.9529724   59.9223785   25.437   24.821   24.509  
  48296   137.6703796   60.0343857   26.008   25.432   25.039  
  23695   137.901947    59.9198799   25.645   24.98    24.712  
  41409   137.6794739   60.0033302   24.251   23.558   23.198  
  57431   138.1312866   60.0716362   22.982   22.433   22.228  
  73872   137.9541321   60.1523933   23.803   23.251   22.882  
  74495   137.9278564   60.154789    23.749   23.108   22.82   
  73898   137.9461975   60.1532402   25.848   25.34    24.961  
  71197   138.019928    60.1404839   25.691   25.023   24.623  
  29814   138.0631256   59.9489822   25.421   24.769   24.199  
  40575   138.1302643   60.000164    25.965   25.374   25.231  
  67533   137.7410889   60.1226234   26.372   25.8     25.237  
  71310   138.0218811   60.1406784   24.445   23.815   23.582  
  37123   138.1180115   59.9838219   25.984   25.484   25.149  
  61087   137.6923523   60.0905571   26.143   25.492   25.24   
  49903   138.1434021   60.0408173   25.206   24.594   24.315  
  27617   138.033844    59.9367561   22.295   21.664   21.329  
  27664   137.7694855   59.9392319   25.301   24.636   24.024  
  40576   137.6789856   59.9993553   23.726   23.179   22.902  
  74294   137.9538422   60.154213    23.868   23.229   22.985  
  24066   137.9650726   59.9217377   26.206   25.473   25.113  
  33719   137.7110138   59.9675102   25.801   25.112   24.564  
  41277   137.6754303   60.0031662   25.702   24.982   24.615  
  40388   137.6785583   59.9985352   25.199   24.56    24.054  
  70930   137.7788239   60.1393013   26.614   25.934   25.4    
  44196   137.6676636   60.0173531   26.198   25.471   25.038  
  53690   137.6668396   60.0550194   26.4     25.723   25.373  
  75056   137.9154663   60.1574936   22.286   21.682   21.38   
  67703   138.0752411   60.1229019   25.219   24.629   24.233  
  32197   137.7188873   59.9600449   24.341   23.681   23.255  
  65077   137.7112732   60.110096    26.078   25.415   25.129  
  71672   138.024765    60.142643    25.659   24.953   24.413  
  70871   138.0398865   60.1384354   25.386   24.814   24.677  
  42276   138.1419678   60.0085602   26.368   25.749   25.334  
  38902   138.1313782   59.9913559   24.321   23.694   23.317  
  34817   137.6997833   59.9714432   23.676   22.987   22.481  
  54133   138.1471863   60.0566826   25.675   25.138   24.946  
  51915   137.6614532   60.0477943   25.761   25.101   24.786  
  72181   137.7873535   60.1445999   24.71    23.955   23.357  
  66802   137.7219391   60.1186638   25.478   24.843   24.571  
  47548   138.1501465   60.0317955   26.463   25.829   25.248  
  75189   137.9108887   60.1596298   26.218   25.584   25.365  
  40248   137.6723938   59.9977455   24.108   23.532   23.229  
  26223   138.032486    59.9315948   24.554   24.024   23.696  
  60087   138.1342163   60.0846405   24.605   23.954   23.511  
  40670   138.1420746   60.0000648   25.764   25.025   24.618  
  29150   138.0729065   59.9461975   25.977   25.282   24.832  
  30599   137.7236938   59.9527969   25.562   25.028   24.788  
  74072   137.9898224   60.1540642   25.644   24.927   24.493  
  64833   137.7012024   60.109005    25.604   25.107   24.819  
  48263   138.1546783   60.0341721   25.657   25.153   24.917  
  43684   137.6599731   60.0141411   24.861   24.178   23.467  
  66507   137.7128143   60.1169662   25.609   24.914   24.48   
  52596   137.6565399   60.0506287   26.214   25.452   24.898  
  75562   137.8873749   60.1612434   25.927   25.296   24.809  
  22326   137.8757172   59.9130058   25.644   25.059   24.824  
  22675   137.9526367   59.9145355   25.117   24.404   23.946  
  75498   137.9405212   60.1610603   26.171   25.583   25.002  
  72480   138.0289001   60.1465759   25.427   24.722   24.211  
  31279   137.7144928   59.9550743   24.695   24.024   23.659  
  22034   137.9186554   59.9118805   25.994   25.478   25.08   
  70307   138.0586395   60.1362534   26.503   25.802   25.279  
  54486   137.6564941   60.0577087   23.852   23.293   23.09   
  75856   137.9269409   60.1627502   25.637   24.84    24.279  
  75547   137.8636627   60.1614189   25.586   24.971   24.697  
  23382   137.8210144   59.9186592   25.864   25.249   25.01   
  65811   137.7027893   60.1134834   24.702   24.065   23.692  
  48473   137.651474    60.0348015   26.035   25.498   25.234  
  58834   137.6654968   60.0791245   26.287   25.567   25.245  
  75460   137.9616699   60.1608276   25.521   24.908   24.509  
  66535   138.1024017   60.117672    26.527   25.752   25.209  
  70262   137.7415161   60.1349907   23.953   23.252   22.829  
  55778   137.6556091   60.0650063   26.491   25.779   25.236  
  28557   138.0762329   59.9428749   25.851   25.344   24.993  
  71173   138.0624542   60.13908     24.373   23.697   23.376  
  42500   138.1567688   60.0094337   26.187   25.518   25.125  
  37690   138.1421204   59.9865189   26.174   25.476   24.984  
  70416   138.0703278   60.1364288   25.57    24.958   24.523  
  41397   138.1554108   60.0042114   26.314   25.528   25.047  
  36472   137.6733093   59.9801407   25.096   24.538   24.328  
  35398   137.6782837   59.9749336   25.663   24.913   24.264  
  56246   137.652359    60.066227    24.301   23.637   23.31   
  43189   137.6501007   60.0122032   25.08    24.458   24.015  
  73941   138.0249023   60.1523819   22.705   22.179   21.986  
  24152   137.784729    59.9222984   26.398   25.85    25.357  
  77018   137.92659     60.1671829   23.231   22.586   22.211  
  59545   138.1500702   60.0829391   25.819   25.195   24.941  
  38900   138.1501007   59.9900665   24.204   23.613   23.31   
  25900   138.0514832   59.9283676   23.504   22.982   22.766  
  76976   137.8908539   60.1677208   25.846   25.241   25.069  
  74706   138.0149689   60.1564827   23.492   22.895   22.635  
  76929   137.9203491   60.167923    26.315   25.711   25.283  
  23316   137.7937622   59.9180222   25.753   25.18    24.801  
  67233   137.699646    60.1203499   24.874   24.308   23.919  
  32630   137.6889648   59.9611206   25.75    25.059   24.673  
  43886   138.1665649   60.0156517   25.955   25.348   24.749  
  29475   137.7108002   59.9478683   26.352   25.693   25.377  
  25619   138.056076    59.9285355   24.865   24.355   24.088  
  31974   138.1192474   59.9594994   25.963   25.312   24.839  
  71766   137.7445679   60.1424217   23.906   23.331   23.047  
  30075   137.7062683   59.9486198   22.18    21.58    21.318  
  57186   137.6466522   60.0711327   24.993   24.45    23.998  
  36331   138.1460114   59.9795799   25.505   24.906   24.342  
  71296   137.7379303   60.1410141   26.153   25.417   24.741  
  69220   138.0951385   60.1310349   26.495   25.806   25.118  
  32483   137.6839905   59.9614525   24.602   24.033   23.767  
  71069   137.7319489   60.139637    25.721   25.189   25.036  
  42716   137.6418915   60.0099792   24.969   24.413   24.082  
  37963   138.1544189   59.9874992   26.168   25.416   24.992  
  35573   138.144455    59.9760895   26.204   25.521   24.852  
  48482   138.1742554   60.0353622   26.192   25.574   24.967  
  20955   137.9631653   59.9063301   26.128   25.598   25.132  
  20292   137.9029236   59.9025192   24.114   23.42    22.912  
  58146   138.1643372   60.0755157   25.91    25.369   24.994  
  65642   138.1294708   60.1128807   25.807   25.244   24.986  
  46260   137.6356812   60.0240059   22.146   21.46    21.119  
  30697   138.1161499   59.9520264   24.987   24.412   23.955  
  36754   138.1533356   59.98172     26.183   25.512   25.142  
  20617   137.9597931   59.9038811   24.008   23.336   22.841  
  54892   137.6362305   60.0595093   23.168   22.602   22.306  
  43517   137.6370544   60.0119934   22.128   21.558   21.391  
  36277   137.6578674   59.9794044   25.871   25.222   24.95   
  20231   137.9500275   59.9025803   25.518   24.93    24.581  
  36235   138.1524506   59.9783974   24.067   23.501   23.087  
  23618   137.7716217   59.9180298   23.213   22.656   22.511  
  21577   137.811554    59.9086189   24.344   23.794   23.435  
  40025   138.1664886   59.9968452   24.493   23.848   23.539  
  31903   137.6822968   59.9575539   22.206   21.638   21.367  
  58913   137.6426239   60.0778923   22.662   22.089   21.828  
  68933   138.1083984   60.1295242   26.016   25.313   24.786  
  60572   138.1607361   60.0877953   26.047   25.453   25.189  
  63651   137.6639099   60.1030998   26.266   25.715   25.322  
  19795   137.928894    59.8998146   25.048   24.514   24.283  
  65796   138.1348114   60.1135559   25.705   25.213   24.908  
  20375   137.9650574   59.9026222   25.193   24.619   24.12   
  77062   137.8215179   60.1682663   25.623   25.005   24.501  
  77296   137.8211365   60.1689148   24.225   23.506   22.976  
  59636   137.6440582   60.0826607   25.073   24.574   24.255  
  31649   138.1312714   59.9576416   24.79    24.062   23.631  
  69811   138.1027985   60.1339226   26.356   25.809   25.323  
  19670   137.884903    59.8994255   25.53    24.999   24.798  
  64463   138.144104    60.1070442   26.294   25.595   25.09   
  49033   138.1830902   60.0373611   25.41    24.814   24.337  
  56744   137.634079    60.068718    24.609   24.005   23.508  
  73932   137.7549133   60.1537399   26.092   25.494   25.398  
  63552   138.151413    60.1026573   25.554   25.066   24.736  
  73058   138.0687561   60.1494141   26.474   25.778   25.392  
  71287   138.091217    60.1409874   26.478   25.778   25.171  
  78434   137.8583984   60.1748047   25.254   24.643   24.136  
  19511   137.8626251   59.8992157   26.086   25.476   24.99   
  35896   138.1589661   59.9777107   26.398   25.701   25.306  
  57672   138.1760406   60.0737801   26.514   25.869   25.247  
  20773   137.9997406   59.9052887   25.791   25.191   25.009  
  58495   137.6351166   60.0762825   24.473   23.823   23.494  
  78503   137.8434296   60.1747055   24.254   23.61    23.012  
  19067   137.9131927   59.8956947   23.712   23.087   22.722  
  52619   138.1876984   60.0493546   23.429   22.768   22.484  
  40946   137.6307831   60.0013199   25.741   25.202   24.979  
  31198   138.1365662   59.9548035   23.496   22.826   22.503  
  70955   138.105835    60.1383209   25.192   24.674   24.437  
  24170   137.7374573   59.9221039   26.011   25.263   24.871  
  76961   138.0144501   60.168129    26.461   25.838   25.218  
  21274   137.7874756   59.9073067   25.291   24.689   24.185  
  41374   137.627655    60.0032272   25.257   24.72    24.588  
  79003   137.9679413   60.1765327   23.204   22.612   22.269  
  18591   137.881424    59.8950996   26.222   25.547   25.173  
  20165   137.8134308   59.9019775   25.091   24.381   23.74   
  78717   137.8434143   60.1764641   26.002   25.274   24.7    
  71702   137.71138     60.1426964   25.194   24.601   24.211  
  27987   138.1141663   59.9395714   23.544   22.913   22.527  
  78317   137.8286285   60.1748123   25.88    25.252   24.973  
  21491   137.7776489   59.9088516   25.889   25.208   24.772  
  18941   137.8511658   59.896698    26.571   25.914   25.282  
  48860   137.6174927   60.0365982   25.133   24.499   24.316  
  28999   137.6842346   59.9453201   25.551   25.058   24.715  
  49002   137.6175537   60.0372887   25.409   24.734   24.267  
  18422   137.9351959   59.8939514   25.375   24.767   24.302  
  37856   137.6343994   59.9869041   25.542   25.001   24.84   
  49612   138.1947784   60.0394669   25.031   24.349   23.681  
  18794   137.844986    59.8958168   25.278   24.677   24.508  
  26172   138.1025238   59.9313927   24.847   24.16    23.613  
  63307   137.6449738   60.1012955   25.615   24.908   24.513  
  33443   138.1581116   59.9662666   26.482   25.744   25.353  
  73913   138.0803833   60.1528893   24.912   24.359   24.19   
  79658   137.9538879   60.180294    25.127   24.353   23.726  
  41761   138.1884003   60.0054283   25.463   24.702   24.078  
  66390   137.6617432   60.1164131   24.994   24.292   23.702  
  77980   137.8019257   60.1728935   26.008   25.448   25.248  
  80041   137.9173584   60.1823196   25.023   24.385   24.187  
  79672   137.8767242   60.1814003   26.376   25.732   25.272  
  65204   137.6541443   60.1106682   25.638   25.02    24.782  
  25088   138.0940552   59.926178    25.485   24.895   24.707  
  69444   137.6823273   60.1316452   26.131   25.46    25.012  
  19323   137.8159637   59.898098    25.729   24.953   24.379  
  57988   137.6205902   60.0725784   22.529   21.968   21.707  
  23361   138.0738678   59.9176788   24.742   24.143   23.926  
  44948   138.1969604   60.0205078   26.407   25.778   25.069  
  18916   137.8245239   59.8961182   25.136   24.422   24.013  
  64843   138.1625061   60.1089134   25.699   24.96    24.414  
  18403   137.9714966   59.8938255   25.653   25.157   24.809  
  74284   138.0816193   60.1550369   25.647   25.003   24.667  
  53949   138.1979675   60.0550385   23.66    23.044   22.823  
  22957   137.7407837   59.9149933   24.556   23.979   23.5    
  42399   138.1940155   60.008419    25.563   24.953   24.734  
  54240   137.6119232   60.0564232   24.966   24.442   24.088  
  58865   138.1892395   60.0785713   25.017   24.428   24.133  
  78944   137.8192444   60.1777229   26.308   25.751   25.374  
  70395   138.1257324   60.1359596   25.011   24.447   24.32   
  72351   138.108139    60.1450768   24.395   23.865   23.474  
  78850   138.0014648   60.1770058   25.471   24.922   24.603  
  20926   137.7699127   59.9059944   26.26    25.588   24.873  
  30070   137.6656342   59.9502296   26.428   25.848   25.279  
  22078   137.7478485   59.9114838   25.452   24.88    24.461  
  65972   137.6486664   60.1129608   22.557   21.959   21.607  
  78621   138.0132751   60.1758347   24.994   24.308   23.964  
  52633   137.6076813   60.0499878   24.748   24.048   23.486  
  80100   137.9749603   60.1824913   24.493   23.917   23.668  
  76063   138.0673523   60.1629715   23.713   23.159   22.702  
  76094   137.7433472   60.1630936   24.865   24.134   23.671  
  72265   138.1110687   60.1457214   25.952   25.308   24.884  
  59849   137.6197357   60.0840797   26.409   25.708   25.124  
  73891   137.7144928   60.153183    25.614   25.053   24.88   
  44244   137.6076202   60.0174294   26.277   25.722   25.365  
  39802   137.6168365   59.9952621   24.064   23.5     23.227  
  35667   138.1802979   59.9761086   25.897   25.399   25.09   
  74098   137.711853    60.1527863   23.076   22.441   22.21   
  64923   138.1699524   60.1093864   25.349   24.641   24.016  
  54808   137.6068115   60.0598564   25.836   25.057   24.549  
  32467   137.6446533   59.9614716   26.259   25.57    25.206  
  75266   138.0809326   60.1598167   25.237   24.704   24.529  
  80269   137.9767456   60.1834221   26.052   25.352   24.714  
  79310   137.8056793   60.1793594   26.24    25.618   24.984  
  17059   137.8576965   59.8876877   25.575   24.992   24.68   
  74428   137.7147675   60.1557312   26.102   25.368   24.788  
  17516   137.8445129   59.888237    22.899   22.231   21.882  
  47946   137.6007996   60.0309982   22.581   22.012   21.739  
  25169   137.695755    59.9263      24.851   24.152   23.497  
  16797   137.9498596   59.8862724   25.188   24.612   24.24   
  17706   137.8208923   59.8907776   25.738   25.157   24.86   
  77010   138.0635223   60.1677704   24.433   23.895   23.564  
  75795   137.7314301   60.1623955   26.077   25.416   25.063  
  81665   137.9080963   60.1897964   25.369   24.791   24.438  
  47885   137.5991058   60.0323105   25.228   24.592   24.39   
  18755   138.0218201   59.8955078   25.354   24.859   24.582  
  17297   137.97966     59.8880234   24.722   24.181   24.058  
  31688   138.1681519   59.9575882   24.512   23.92    23.663  
  16445   137.9034424   59.8835068   22.771   22.126   21.757  
  77967   138.055954    60.1716042   22.638   21.895   21.396  
  81004   137.8296509   60.1864166   24.461   23.883   23.406  
  22809   138.0929718   59.9154816   25.862   25.251   24.755  
  50693   138.2140961   60.0425949   24.747   24.142   23.798  
  17800   138.0009003   59.8902321   24.807   24.164   23.522  
  30458   137.6473083   59.9521866   26.272   25.508   25.083  
  79548   138.0207367   60.1805649   25.876   25.175   24.858  
  78178   138.0550842   60.1728935   22.834   22.245   21.85   
  16887   137.8368378   59.8862152   24.424   23.694   23.065  
  29128   138.1549835   59.9456787   25.528   24.944   24.58   
  29614   138.1582184   59.9482536   26.042   25.537   25.277  
  81888   137.8936462   60.1913528   26.475   25.745   25.268  
  41635   137.6012268   60.0049515   26.388   25.669   24.993  
  76679   137.7318878   60.1663857   24.743   24.034   23.573  
  77158   137.7338867   60.1675987   23.445   22.763   22.398  
  67984   138.1659088   60.1230659   23.886   23.242   22.836  
  78278   137.7582245   60.1744537   25.841   25.233   24.694  
  21898   138.0874329   59.9110718   25.795   25.235   25.085  
  20908   138.0720825   59.9054604   24.655   24.129   23.897  
  24824   138.121109    59.924675    25.17    24.587   24.057  
  45491   138.2161407   60.0220261   25.025   24.325   23.621  
  23495   137.7037354   59.9180603   25.071   24.32    23.686  
  24873   137.6879578   59.9253311   25.888   25.341   25.032  
  72828   137.6829071   60.1473656   25.013   24.436   24.029  
  28772   137.6543579   59.9438896   26.149   25.434   24.773  
  15775   137.8745728   59.8816833   26.053   25.369   25.028  
  27847   138.1485901   59.9386253   23.203   22.573   22.248  
  78367   138.0583038   60.174324    25.141   24.469   23.866  
  59400   137.6027222   60.0807686   24.104   23.497   23.302  
  35102   137.619873    59.9709091   22.398   21.825   21.592  
  37238   138.2016296   59.9838295   25.585   24.929   24.553  
  82709   137.9214172   60.194664    24.475   23.91    23.601  
  23991   138.1147308   59.9194298   22.63    22.052   21.791  
  15910   137.9639435   59.8822556   25.554   24.878   24.352  
  59506   138.2085571   60.0813751   24.534   23.924   23.363  
  57513   138.2139587   60.0719109   24.728   24.153   23.91   
  31366   138.1768341   59.9558182   25.495   24.869   24.518  
  81699   137.9812317   60.1903877   26.139   25.569   25.131  
  74480   138.1136932   60.1561813   26.198   25.73    25.363  
  81343   137.8129425   60.1887054   25.599   25.045   24.622  
  78111   138.068161    60.1731834   25.303   24.76    24.333  
  27369   137.6594086   59.9372902   24.788   24.129   23.827  
  40692   137.5960999   60.0005875   25.742   25.12    24.847  
  50227   138.223587    60.0415459   24.945   24.379   23.923  
  69165   137.6468964   60.130188    25.744   25.086   24.565  
  74858   137.6957855   60.1569862   23.638   22.997   22.76   
  43866   137.5899048   60.0153542   25.225   24.699   24.276  
  15221   137.8719177   59.8788071   25.541   24.821   24.351  
  52771   138.2228851   60.0513535   26.364   25.789   25.297  
  82730   137.9564667   60.1946602   24.818   24.054   23.425  
  15438   137.9645691   59.8804131   25.824   25.264   25.011  
  18667   138.0478516   59.8943787   24.005   23.427   23.057  
  57736   137.5929718   60.0724335   25.093   24.394   23.868  
  83085   137.9049988   60.196907    25.987   25.408   25.169  
  19897   137.739975    59.9005127   25.591   24.956   24.628  
  27966   138.160965    59.9406281   26.267   25.737   25.363  
  31628   138.1837921   59.9578285   26.071   25.416   25.181  
  77313   137.7201843   60.1684532   23.708   23.199   22.92   
  80938   138.0197906   60.186779    25.953   25.336   25.158  
  35444   137.6097412   59.9754982   26.152   25.478   25.141  
  18049   138.0408936   59.8918152   24.819   24.279   24.056  
  80153   137.7712555   60.1831894   25.611   25.108   24.814  
  52885   137.5847473   60.0508423   24.331   23.742   23.235  
  14945   137.897934    59.8762856   23.403   22.74    22.145  
  81890   138.0056152   60.1901512   23.732   23.212   22.888  
  26283   137.6668549   59.9286919   23.861   23.297   23.1    
  46052   137.5836029   60.025444    25.832   25.289   24.914  
  16881   138.0212402   59.8867111   25.479   24.935   24.664  
  62054   137.6020203   60.0939026   23.693   23.015   22.365  
  49475   138.2283325   60.0391922   25.972   25.457   25.132  
  32181   137.6207581   59.9600449   25.704   24.916   24.308  
  24061   137.6795654   59.9210701   25.138   24.539   24.284  
  40726   138.2211914   60.0002251   26.142   25.589   25.061  
  15774   137.9940796   59.881897    26.012   25.301   24.678  
  30541   138.1814575   59.9514656   25.079   24.516   24.255  
  82080   138.0080719   60.1915131   23.584   22.918   22.61   
  58887   138.2197723   60.079525    26.419   25.874   25.388  
  19981   138.0832214   59.9009743   25.36    24.66    24.159  
  19350   137.7373505   59.8978233   25.671   25.0     24.452  
  34671   138.2033081   59.9718628   25.914   25.264   25.045  
  14252   137.8837128   59.8746414   26.0     25.349   25.032  
  83891   137.9182434   60.2000313   25.07    24.451   24.034  
  26124   137.6574554   59.931179    25.914   25.358   24.906  
  78452   138.0810089   60.174633    25.003   24.306   23.879  
  22930   137.6902161   59.9147339   22.635   22.017   21.762  
  35589   138.207962    59.975914    25.852   25.275   25.089  
  17665   137.7653351   59.8894577   23.738   23.155   22.859  
  74320   137.6768646   60.154335    24.373   23.662   23.211  
  32692   137.6147308   59.9624519   26.131   25.42    24.97   
  67705   138.1838989   60.123436    25.887   25.3     24.949  
  57107   138.2266541   60.0698776   23.879   23.315   23.049  
  64342   138.2033386   60.106308    25.239   24.63    24.402  
  81953   138.0150146   60.1913185   25.688   25.086   24.815  
  62493   138.2119446   60.0968819   25.669   25.066   24.63   
  77225   137.7060394   60.1680527   23.769   23.1     22.694  
  45959   137.5774841   60.0247498   25.564   24.969   24.856  
  15768   137.8023376   59.8811951   24.661   24.078   23.834  
  76889   138.1086426   60.1668396   23.949   23.331   23.023  
  27474   138.1676331   59.9378662   26.01    25.221   24.635  
  64265   137.6038361   60.104763    22.812   22.247   22.122  
  33812   138.2046356   59.9676247   26.024   25.496   25.315  
  72547   138.1556702   60.1452179   23.525   22.909   22.444  
  15014   137.8183746   59.8784409   26.329   25.609   25.149  
  32127   138.1972046   59.9596634   25.364   24.771   24.243  
  76046   137.690094    60.1629639   24.723   24.098   23.731  
  229     137.9054871   60.0350227   22.513   21.718   21.635  
  298     137.9094238   60.0395622   22.996   21.908   21.855  
  214     137.9061584   60.033844    22.511   21.932   21.755  
  238     137.8994446   60.0354195   23.461   22.139   22.24   
  290     137.8990326   60.03862     22.657   21.838   21.855  
  208     137.906662    60.0336075   24.44    23.077   23.1    
  228     137.9119263   60.0353394   23.677   22.454   22.597  
  212     137.9017029   60.033596    23.877   22.546   22.991  
  210     137.9093933   60.0338516   22.819   21.991   21.766  
  262     137.897171    60.0370674   24.164   23.405   22.896  
  200     137.9039459   60.032814    24.529   23.633   23.35   
  199     137.9046783   60.032795    24.459   23.812   23.398  
  203     137.9085541   60.0330925   23.869   22.577   22.766  
  276     137.8966675   60.037941    23.764   23.27    23.034  
  263     137.9135437   60.0379333   23.331   22.741   22.487  
  207     137.901062    60.0331001   23.415   22.462   22.511  
  233     137.8973694   60.0348701   23.087   22.392   22.14   
  222     137.8970947   60.0343246   23.809   22.711   22.718  
  201     137.9109344   60.0331841   21.873   21.143   20.939  
  241     137.8963318   60.0354919   22.467   21.834   21.477  
  187     137.9085083   60.0323334   23.627   22.825   22.771  
  281     137.8948822   60.0380554   24.047   22.8     22.966  
  181     137.9055939   60.0318909   24.441   24.022   23.668  
  243     137.8945923   60.0356407   23.387   22.828   22.534  
  310     137.8957367   60.039875    23.396   22.9     22.518  
  316     137.8967896   60.040554    24.349   23.738   23.435  
  267     137.9160004   60.038353    24.285   23.859   23.115  
  319     137.8968811   60.0407257   24.052   22.76    22.97   
  259     137.8937073   60.0367165   22.549   21.598   21.492  
  312     137.8948975   60.0399055   24.39    23.882   23.586  
  317     137.8961945   60.0406113   23.388   22.308   22.156  
  322     137.8968811   60.0408897   23.223   22.354   22.27   
  338     137.9010773   60.0425301   22.841   21.892   21.714  
  180     137.9012756   60.031662    23.651   22.741   22.811  
  175     137.9044189   60.03125     23.205   22.673   22.252  
  185     137.8995972   60.0318336   25.002   23.696   23.98   
  294     137.8937836   60.0387421   23.105   22.269   22.186  
  191     137.9137878   60.032753    22.814   22.033   21.714  
  221     137.917099    60.0351334   24.057   22.975   22.828  
  296     137.8929291   60.0387306   22.768   22.07    21.93   
  305     137.9160461   60.0404854   23.506   22.171   22.204  
  282     137.9178314   60.0392609   24.584   23.772   23.616  
  171     137.8999329   60.0309181   24.447   23.692   23.304  
  165     137.9107819   60.0309067   22.559   21.81    21.743  
  356     137.9053802   60.0439491   24.588   23.709   23.836  
  162     137.9022827   60.0303345   22.57    21.587   21.664  
  160     137.9040375   60.030014    22.969   21.969   21.802  
  230     137.9193878   60.0358429   24.001   23.553   22.894  
  327     137.8934174   60.0410385   23.207   22.171   22.25   
  359     137.9020844   60.0440559   24.517   23.464   23.351  
  357     137.9088287   60.0441704   23.666   23.0     22.696  
  182     137.9165344   60.0324516   24.687   23.421   23.726  
  269     137.919693    60.0385704   24.215   22.884   23.038  
  364     137.9071045   60.0445442   23.465   22.354   22.582  
  164     137.8988953   60.0303116   22.853   21.907   21.703  
  196     137.8941956   60.0319786   24.403   23.215   23.448  
  227     137.9201965   60.0357285   23.688   22.785   22.899  
  284     137.8892517   60.0379257   23.289   22.554   22.476  
  192     137.8929749   60.0317612   22.117   21.244   20.994  
  326     137.8904114   60.0408058   22.464   21.503   21.502  
  145     137.9024353   60.028904    23.934   22.815   23.039  
  172     137.9181366   60.0318451   23.597   22.544   22.71   
  240     137.9223785   60.0367508   22.219   21.368   21.061  
  149     137.9144287   60.0297089   22.001   21.246   21.113  
  184     137.9212189   60.0327644   23.189   22.138   22.043  
  295     137.8871613   60.0384254   23.287   22.093   22.177  
  358     137.8921509   60.0434647   24.052   23.134   23.117  
  344     137.9173889   60.0437355   23.177   22.242   22.029  
  381     137.9019928   60.0460434   23.811   22.888   22.598  
  133     137.9059906   60.0278893   22.548   21.555   21.715  
  223     137.9240265   60.035717    22.785   22.001   21.92   
  387     137.9039307   60.0466194   24.918   24.297   24.105  
  390     137.9046173   60.0468597   24.5     23.194   23.303  
  386     137.9088135   60.0465546   23.881   23.071   22.888  
  279     137.9241638   60.0394516   24.142   23.251   23.451  
  126     137.9031372   60.0272331   23.532   22.715   22.331  
  176     137.9229889   60.032177    23.157   21.923   21.986  
  167     137.9232483   60.0318031   24.189   23.51    23.522  
  235     137.9259491   60.0364113   24.341   23.815   23.545  
  307     137.9246216   60.0409927   23.873   22.966   22.743  
  136     137.9184418   60.0287781   24.622   23.832   23.633  
  189     137.9248962   60.0332527   24.148   23.126   23.036  
  206     137.9254456   60.034153    23.934   22.963   23.021  
  393     137.9092712   60.0475883   24.658   23.414   23.44   
  119     137.9097748   60.0265007   24.511   23.449   23.611  
  308     137.9254608   60.0411568   24.321   23.366   23.135  
  346     137.9222412   60.0440559   22.469   21.607   21.584  
  118     137.9051208   60.0260544   24.326   23.501   23.496  
  152     137.9230957   60.0302086   23.418   22.804   22.323  
  178     137.925705    60.0327301   24.642   23.402   23.42   
  306     137.8831024   60.038868    25.517   25.08    24.545  
  394     137.9121246   60.047802    23.832   22.986   22.95   
  116     137.9058838   60.0257568   22.925   21.75    21.919  
  173     137.8866119   60.0303078   23.463   22.375   22.152  
  246     137.8827362   60.0351639   25.231   24.174   24.263  
  155     137.9238129   60.0305061   23.167   21.848   22.143  
  249     137.8823242   60.0353241   24.175   23.594   23.005  
  332     137.8832703   60.0408974   22.235   21.236   20.966  
  114     137.9025726   60.0254631   24.458   23.468   23.508  
  354     137.9241028   60.0445061   23.742   22.946   22.753  
  410     137.9041138   60.0491333   24.716   23.882   23.857  
  236     137.881073    60.0342026   23.883   23.064   23.056  
  415     137.9074249   60.0494804   23.414   22.824   22.371  
  403     137.9112396   60.0492287   22.506   21.649   21.627  
  250     137.8804169   60.0352478   24.726   24.305   24.049  
  339     137.881424    60.0415726   23.123   22.15    22.238  
  373     137.9230194   60.0463257   23.451   22.549   22.621  
  115     137.9208984   60.0264969   22.746   21.672   21.867  
  124     137.9251099   60.0280418   24.458   23.769   23.265  
  360     137.8808899   60.0430717   24.549   23.397   23.384  
  406     137.9160614   60.04953     22.587   21.744   21.706  
  153     137.8842773   60.0283699   24.147   22.788   23.097  
  347     137.8793793   60.0419312   23.275   22.37    22.061  
  134     137.8858032   60.0270195   24.203   22.904   23.33   
  400     137.8821106   60.0471268   24.409   23.616   23.58   
  418     137.8855743   60.0488472   24.981   24.146   24.17   
  424     137.9167938   60.051178    23.087   22.516   22.339  
  159     137.8796234   60.0285454   24.156   22.898   23.385  
  420     137.8858795   60.049202    24.661   23.924   23.646  
  398     137.9256897   60.0486832   23.664   22.59    22.533  
  268     137.8737946   60.0362587   24.164   23.616   23.304  
  363     137.8761139   60.0429573   23.976   22.716   23.129  
  382     137.8780823   60.0448532   24.53    23.366   23.789  
  87      137.902298    60.021389    24.398   23.189   23.651  
  253     137.8726807   60.035347    23.051   22.443   22.17   
  385     137.8764954   60.0448265   23.669   22.759   22.787  
  102     137.9272461   60.0249176   23.585   22.454   22.422  
  428     137.9210052   60.0518112   25.153   24.716   24.166  
  427     137.9223633   60.0518074   24.184   23.558   23.401  
  97      137.9276581   60.0241089   24.686   23.533   23.617  
  239     137.8704834   60.0341034   24.354   23.668   23.464  
  205     137.8715057   60.0313721   24.882   24.56    23.899  
  392     137.8733215   60.0455513   24.97    23.666   23.806  
  434     137.8800964   60.0501556   23.314   22.362   22.543  
  220     137.870163    60.0327911   23.434   22.786   22.593  
  74      137.899704    60.018856    22.315   21.37    21.242  
  117     137.878006    60.0246086   23.478   22.541   22.565  
  419     137.8751984   60.0483932   24.668   23.361   23.657  
  453     137.8859253   60.0531387   22.392   21.529   21.506  
  89      137.8830872   60.0209694   24.648   23.8     23.643  
  70      137.9252472   60.0194359   23.33    22.281   22.382  
  391     137.8676453   60.0450554   24.03    23.526   23.214  
  458     137.8825226   60.0545197   24.704   23.531   23.611  
  71      137.9287567   60.0198975   25.278   23.969   24.265  
  416     137.8686218   60.0475807   22.551   21.768   21.716  
  63      137.8941956   60.0164337   23.53    22.169   22.357  
  91      137.8760223   60.0209198   24.522   23.587   23.594  
  51      137.9059143   60.0150337   23.603   23.073   22.91   
  146     137.8659058   60.0271492   24.359   23.423   23.282  
  304     137.8607635   60.0375862   23.072   22.231   22.28   
  309     137.8606567   60.0379524   24.2     22.85    23.055  
  368     137.8617706   60.042614    23.101   21.953   22.166  
  84      137.8764191   60.0196991   21.803   20.967   20.834  
  47      137.9086914   60.0141602   22.95    21.923   21.896  
  209     137.8599243   60.0312729   25.523   24.681   24.341  
  50      137.9297028   60.0162086   23.917   22.593   22.69   
  43      137.9245758   60.01474     22.841   21.591   21.531  
  105     137.865387    60.0227318   23.775   22.455   22.505  
  321     137.8548279   60.0387383   22.675   21.673   21.51   
  315     137.8544159   60.0382996   23.447   22.327   22.189  
  100     137.864151    60.0215797   25.017   24.661   24.229  
  456     137.8651886   60.0533943   23.963   23.337   23.116  
  345     137.8529205   60.0405731   25.009   24.345   23.748  
  350     137.8524628   60.0407677   23.761   22.964   22.966  
  86      137.8638458   60.0194206   23.592   22.802   22.767  
  95      137.8607788   60.0206032   23.709   22.616   22.717  
  137     137.8540955   60.02565     23.426   23.033   22.583  
  335     137.8482056   60.0398026   24.048   23.146   22.85   
  242     137.8468933   60.0330353   24.576   23.168   23.369  
  56      137.8651123   60.0141182   23.993   23.057   23.01   
  288     137.842514    60.0357208   23.763   22.882   22.943  
  449     137.846817    60.0502968   23.453   22.831   22.733  
  280     137.839386    60.0352249   24.174   22.869   23.22   
  289     137.8372498   60.035511    24.6     23.733   23.604  
  348     137.8362427   60.0398788   25.164   24.748   24.043  
  252     137.8294983   60.0330086   23.722   23.023   22.547  
  27      137.8561401   60.0066414   24.543   23.238   23.598  
  80      137.8386841   60.0164185   24.674   24.06    23.716  
  98      137.8345795   60.0196571   24.927   23.841   23.84   
  455     137.8302765   60.0511818   23.455   22.16    22.337  
  79      137.8318024   60.0160027   24.829   23.941   23.808  
  399     137.8203278   60.0438423   24.006   22.781   23.164  
  96      137.8247833   60.0188828   24.525   23.863   23.309  
  443     137.8185272   60.0483627   24.703   23.898   23.518  
  3       137.8523865   59.9989471   23.502   22.375   22.35   
  451     137.8149109   60.0491905   24.131   23.322   23.423  
  12      137.8388519   60.0005646   23.496   22.669   22.722  
