 137.9209  60.0265   -43.54   -16.69   -24.77   984.00     1.00     0.00     0.00     0.63   -11.60     0.00     0.00     0.00     1.00    21.00
 137.8727  60.0354    45.92   -39.69   -58.91  1072.00     0.06     0.00     0.00     0.48    -6.54     0.00     0.00     0.00     1.00    25.00
 137.9552  60.0253   -96.74    14.82    21.99  1300.00     0.99     0.01     0.00     0.44    -5.21     0.00     0.00     0.00     1.00    28.00
 137.9297  60.0163   -77.55   -38.16   -56.64  1166.00     1.00     0.00     0.00     1.02    -6.41     0.00     0.00     0.00     1.00    33.00
 137.8692  60.0366    53.53   -39.84   -59.13  1077.00     0.05     0.00     0.00     0.33    -6.26     0.00     0.00     0.00     1.00    35.00
 137.8618  60.0426    76.88   -29.34   -43.55  1494.00     0.97     0.00     0.00     0.32    -6.49     0.00     0.00     0.00     1.00    44.00
 137.9149  60.0496    12.38    45.42    67.40  1581.00     0.79     0.00     0.00     0.57    -7.16     0.00     0.00     0.00     1.00    45.00
 137.9161  60.0496    10.70    46.61    69.18  1534.00     0.80     0.00     0.00     0.62    -6.23     0.00     0.00     0.00     1.00    46.00
 137.9075  60.0495    23.35    37.69    55.94  1366.00     0.84     0.01     0.00     0.53    -4.68     0.00     0.00     0.00     1.00    47.00
 137.8578  60.0547   107.31     2.20     3.26  1407.00     1.00     0.01     0.00     0.28    -4.96     0.00     0.00     0.00     1.00    48.00
 137.8765  60.0449    59.65    -7.66   -11.38  1404.00     0.99     0.00     0.00    -0.44    -5.34     0.00     0.00     0.00     1.00    49.00
 137.9059  60.0258   -22.84   -34.23   -50.80  1347.00     0.83     0.01     0.00     0.69    -4.67     0.00     0.00     0.00     1.00    50.00
 137.9556  60.0275   -92.94    21.58    32.02  1231.00     0.99     0.00     0.00     0.47    -5.97     0.00     0.00     0.00     1.00    60.00
 137.9522  60.0348   -73.01    39.79    59.05  1432.00     0.31     0.00     0.01     0.68    -4.84     0.00     0.00     0.00     1.00    61.00
 137.9438  60.0312   -67.74    20.57    30.53  1611.00     0.04     0.00     0.00     0.62    -5.47     0.00     0.00     0.00     1.00    62.00
 137.9370  60.0387   -42.44    35.87    53.24  1457.00     0.30     0.00     0.01     0.61    -4.86     0.00     0.00     0.00     1.00    63.00
 137.8832  60.0274    14.03   -52.64   -78.12  1521.00     0.75     0.00     0.00     0.64    -6.04     0.00     0.00     0.00     1.00    70.00
 137.8686  60.0476    76.95    -7.59   -11.27  1095.00     0.05     0.00     0.00     0.47    -5.45     0.00     0.00     0.00     1.00    71.00
 137.9113  60.0493    17.25    40.84    60.61  1414.00     0.84     0.01     0.00     0.78    -4.86     0.00     0.00     0.00     1.00    72.00
 137.8859  60.0532    62.69    26.58    39.45  1020.00     0.09     0.00     0.00     0.50    -7.88     0.00     0.00     0.00     1.00    73.00
 137.8979  60.0413    20.69     3.46     5.14  1254.00     0.68     0.00     0.00     0.61    -5.11     0.00     0.00     0.00     1.00    85.00
 137.8934  60.0411    26.94    -1.61    -2.39  1391.00     0.99     0.01     0.00     1.12    -5.17     0.00     0.00     0.00     1.00    86.00
 137.9072  60.0446    13.78    22.82    33.87  1151.00     0.46     0.00     0.00     0.43    -6.18     0.00     0.00     0.00     1.00    87.00
 137.9238  60.0306   -39.67    -1.76    -2.62  1654.00     0.03     0.00     0.00     0.67    -5.93     0.00     0.00     0.00     1.00    88.00
 137.9023  60.0304    -8.12   -24.23   -35.97  1127.00     0.74     0.00     0.00     0.57    -7.15     0.00     0.00     0.00     1.00    89.00
 137.9138  60.0328   -20.26    -5.33    -7.90  1420.00     0.78     0.01     0.00     0.96    -4.96     0.00     0.00     0.00     1.00    90.00
 137.8872  60.0385    30.84   -15.74   -23.36  1334.00     0.65     0.00     0.00     0.94    -4.94     0.00     0.00     0.00     1.00    91.00
 137.9108  60.0310   -19.57   -13.83   -20.53  1280.00     0.90     0.01     0.00     0.51    -5.11     0.00     0.00     0.00     1.00    92.00
 137.8867  60.0304    14.96   -40.30   -59.81  1200.00     0.53     0.00     0.00     1.17    -5.56     0.00     0.00     0.00     1.00    93.00
 137.8942  60.0321     7.19   -27.56   -40.91  1253.00     0.64     0.00     0.00     0.51    -5.06     0.00     0.00     0.00     1.00    94.00
 137.8967  60.0380    15.80    -7.44   -11.04  1253.00     0.58     0.00     0.00     0.87    -4.96     0.00     0.00     0.00     1.00    95.00
 137.9119  60.0354   -12.06     0.39     0.57  1373.00     0.97     0.01     0.00     0.62    -4.89     0.00     0.00     0.00     1.00    96.00
 137.9212  60.0328   -31.18     2.25     3.34  1741.00     0.01     0.00     0.00     0.87    -7.60     0.00     0.00     0.00     1.00    97.00
 137.8930  60.0318     8.59   -29.58   -43.90  1250.00     0.62     0.00     0.00     0.92    -5.07     0.00     0.00     0.00     1.00    98.00
 137.8794  60.0420    49.52   -13.35   -19.81  1214.00     0.26     0.00     0.01     1.12    -4.97     0.00     0.00     0.00     1.00    99.00
 137.9031  60.0273   -15.71   -32.64   -48.44  1510.00     0.63     0.00     0.00     1.05    -5.64     0.00     0.00     0.00     1.00   100.00
 137.9144  60.0298   -27.37   -13.76   -20.42  1313.00     0.91     0.01     0.00     0.61    -4.96     0.00     0.00     0.00     1.00   101.00
 137.9044  60.0313    -9.41   -19.42   -28.83  1588.00     0.43     0.00     0.00     0.79    -6.81     0.00     0.00     0.00     1.00   102.00
 137.9193  60.0359   -22.03     9.52    14.13  1254.00     0.95     0.00     0.00     0.72    -5.61     0.00     0.00     0.00     1.00   103.00
 137.8966  60.0380    15.85    -7.53   -11.18  1446.00     0.95     0.00     0.00     0.87    -5.40     0.00     0.00     0.00     1.00   104.00
 137.9011  60.0426    18.57    10.60    15.73  1507.00     0.97     0.00     0.00     0.89    -6.11     0.00     0.00     0.00     1.00   105.00
 137.8468  60.0402    94.13   -51.90   -77.02  1014.00     0.04     0.00     0.00     0.44    -6.93     0.00     0.00     0.00     2.00     2.00
 137.9498  60.0120  -115.97   -30.19   -44.81  1088.00     1.00     0.00     0.00     0.36    -7.44     0.00     0.00     0.00     2.00     3.00
 137.8473  60.0664   146.76    26.14    38.80  1260.00     0.98     0.01     0.00     0.45    -5.07     0.00     0.00     0.00     2.00     6.00
 137.9616  60.0442   -67.64    77.15   114.50  1535.00     0.34     0.00     0.00     0.92    -5.54     0.00     0.00     0.00     2.00    16.00
 137.8780  60.0247    16.14   -66.10   -98.10  1228.00     0.75     0.00     0.00     0.45    -5.29     0.00     0.00     0.00     2.00    22.00
 137.8885  60.0599    72.50    49.01    72.74  1386.00     0.97     0.01     0.00     0.63    -4.82     0.00     0.00     0.00     2.00    29.00
 137.9087  60.0142   -50.70   -65.66   -97.45  1729.00     0.77     0.00     0.00     0.50    -9.87     0.00     0.00     0.00     2.00    32.00
 137.8997  60.0189   -27.78   -60.95   -90.46  1005.00     0.95     0.00     0.00     0.73    -9.37     0.00     0.00     0.00     2.00    34.00
 137.8482  60.0398    91.26   -51.54   -76.49  1363.00     0.51     0.00     0.00     0.38    -5.18     0.00     0.00     0.00     2.00    36.00
 137.8468  60.0503   114.75   -21.82   -32.38  1392.00     0.96     0.01     0.00     0.35    -5.23     0.00     0.00     0.00     2.00    37.00
 137.9469  60.0522   -29.56    85.81   127.35  1534.00     0.77     0.00     0.00     0.63    -5.90     0.00     0.00     0.00     2.00    39.00
 137.8654  60.0228    31.00   -84.52  -125.44  1145.00     0.74     0.00     0.00     0.77    -6.27     0.00     0.00     0.00     2.00    43.00
 137.8303  60.0512   141.05   -36.07   -53.53  1428.00     0.97     0.00     0.00     0.54    -5.38     0.00     0.00     0.00     2.00    51.00
 137.9723  60.0361   -99.98    64.30    95.43  1191.00     0.82     0.00     0.00     0.81    -6.60     0.00     0.00     0.00     2.00    58.00
 137.9613  60.0355   -85.07    51.13    75.89  1456.00     0.25     0.00     0.01     0.64    -4.84     0.00     0.00     0.00     2.00    59.00
 137.8211  60.0541   160.57   -36.83   -54.67  1067.00     0.17     0.00     0.00     0.65    -6.36     0.00     0.00     0.00     2.00    64.00
 137.8887  60.0217    -5.64   -63.86   -94.78  1184.00     0.87     0.00     0.00     0.36    -5.83     0.00     0.00     0.00     2.00    74.00
 137.8764  60.0197     8.39   -82.24  -122.05  1505.00     0.90     0.00     0.00     0.59    -5.63     0.00     0.00     0.00     2.00    75.00
 137.8702  60.0328    44.42   -49.86   -73.99  1211.00     0.34     0.00     0.00     0.70    -5.16     0.00     0.00     0.00     2.00    76.00
 137.7997  60.0146   111.44  -175.75  -260.84  1309.00     0.95     0.01     0.00     0.59    -4.78     0.00     0.00     0.00     3.00     1.00
 137.8677  59.9830   -53.88  -200.19  -297.11  1189.00     1.00     0.00     0.00     0.25    -5.78     0.00     0.00     0.00     3.00     4.00
 137.8295  60.0331   105.04   -90.69  -134.60  1266.00     0.26     0.00     0.01     0.69    -4.45     0.00     0.00     0.00     3.00     5.00
 137.7931  60.0314   155.58  -132.75  -197.02  1303.00     0.60     0.01     0.00     0.61    -4.75     0.00     0.00     0.00     3.00     7.00
 137.6984  60.0499   333.37  -174.79  -259.41  1379.00     1.00     0.01     0.00     0.47    -4.84     0.00     0.00     0.00     3.00     8.00
 137.9881  60.0432  -108.86   101.34   150.41  1371.00     0.65     0.00     0.00     0.67    -4.91     0.00     0.00     0.00     3.00     9.00
 137.7608  60.0011   141.35  -255.68  -379.47  1308.00     1.00     0.01     0.00     0.58    -4.81     0.00     0.00     0.00     3.00    10.00
 137.9121  59.9871  -111.14  -142.50  -211.48  1566.00     1.00     0.00     0.00     0.35    -6.50     0.00     0.00     0.00     3.00    11.00
 137.9032  60.0711    73.86    97.42   144.58  1194.00     0.99     0.00     0.00     0.64    -5.71     0.00     0.00     0.00     3.00    12.00
 138.0192  60.1040   -30.61   313.20   464.84  1607.00     1.00     0.00     0.00     0.29    -7.25     0.00     0.00     0.00     3.00    13.00
 137.9762  60.0671   -42.54   159.91   237.33  1411.00     0.98     0.01     0.00     0.89    -4.85     0.00     0.00     0.00     3.00    14.00
 137.9626  60.0487   -59.77    91.67   136.05  1542.00     0.73     0.00     0.00     0.57    -6.14     0.00     0.00     0.00     3.00    15.00
 137.9544  60.0629   -18.74   125.30   185.96  1138.00     1.00     0.00     0.00     0.53    -6.56     0.00     0.00     0.00     3.00    17.00
 137.9544  60.1015    60.12   239.53   355.50  1283.00     1.00     0.01     0.00     0.49    -4.92     0.00     0.00     0.00     3.00    18.00
 137.7829  60.0276   162.79  -154.52  -229.33  1198.00     0.54     0.00     0.00     0.49    -5.28     0.00     0.00     0.00     3.00    19.00
 137.7746  59.9978   114.28  -251.30  -372.96  1444.00     1.00     0.01     0.00     0.61    -5.05     0.00     0.00     0.00     3.00    20.00
 137.8451  60.0248    65.05   -99.16  -147.16  1352.00     0.76     0.01     0.00     0.40    -4.72     0.00     0.00     0.00     3.00    23.00
 137.8305  60.0284    94.14  -103.36  -153.40  1282.00     0.44     0.00     0.01     0.80    -4.56     0.00     0.00     0.00     3.00    24.00
 138.0304  59.9603  -340.96  -101.07  -150.01  1486.00     1.00     0.00     0.00     0.54    -5.42     0.00     0.00     0.00     3.00    26.00
 137.9894  59.9666  -267.52  -124.45  -184.70  1493.00     1.00     0.00     0.00     0.42    -5.49     0.00     0.00     0.00     3.00    27.00
 137.7978  60.0927   273.90    53.52    79.43  1335.00     1.00     0.01     0.00     0.64    -4.74     0.00     0.00     0.00     3.00    30.00
 137.7113  60.0758   367.48   -84.67  -125.66  1201.00     0.99     0.00     0.00     0.61    -5.63     0.00     0.00     0.00     3.00    31.00
 137.9716  60.0592   -51.70   131.86   195.70  1296.00     0.97     0.01     0.00     0.65    -4.87     0.00     0.00     0.00     3.00    38.00
 137.7762  60.0455   209.48  -108.18  -160.55  1324.00     0.92     0.01     0.00     0.56    -5.18     0.00     0.00     0.00     3.00    40.00
 137.7544  60.0405   231.42  -145.28  -215.62  1189.00     0.30     0.00     0.01     0.65    -4.94     0.00     0.00     0.00     3.00    41.00
 137.6008  60.0311   439.48  -330.10  -489.91  1386.00     0.96     0.00     0.00     0.52    -5.42     0.00     0.00     0.00     3.00    42.00
 137.8524  59.9990     1.54  -168.25  -249.71  1477.00     1.00     0.00     0.00     0.69    -5.33     0.00     0.00     0.00     3.00    52.00
 138.0440  60.0277  -223.27   112.51   166.98  1444.00     0.61     0.00     0.00     0.37    -4.95     0.00     0.00     0.00     3.00    53.00
 138.0113  59.9920  -247.79   -26.64   -39.54  1469.00     1.00     0.01     0.00     0.73    -5.25     0.00     0.00     0.00     3.00    54.00
 137.9990  60.0179  -176.70    37.40    55.50  1356.00     1.00     0.01     0.00     0.51    -4.91     0.00     0.00     0.00     3.00    55.00
 137.9913  60.0318  -137.02    70.83   105.13  1330.00     0.99     0.00     0.00     0.38    -5.63     0.00     0.00     0.00     3.00    56.00
 137.9852  60.0469   -97.08   109.28   162.19  1419.00     0.49     0.01     0.01     0.74    -4.59     0.00     0.00     0.00     3.00    57.00
 137.8096  60.0386   145.77   -94.65  -140.48  1153.00     0.13     0.00     0.01     0.94    -5.11     0.00     0.00     0.00     3.00    65.00
 137.7969  60.0337   154.52  -122.20  -181.36  1328.00     0.72     0.00     0.00     0.60    -4.97     0.00     0.00     0.00     3.00    66.00
 137.7576  60.0107   165.85  -230.33  -341.85  1370.00     1.00     0.01     0.00     0.36    -4.74     0.00     0.00     0.00     3.00    67.00
 137.7528  60.0296   211.46  -179.29  -266.09  1493.00     1.00     0.00     0.00     0.69    -5.67     0.00     0.00     0.00     3.00    68.00
 137.7849  60.0487   203.05   -89.81  -133.30  1185.00     0.21     0.00     0.01     0.40    -4.72     0.00     0.00     0.00     3.00    69.00
 137.9516  60.0561   -28.35   102.33   151.87  1035.00     1.00     0.00     0.00     0.35    -8.78     0.00     0.00     0.00     3.00    77.00
 137.9458  60.0589   -14.15   104.56   155.18  1214.00     0.99     0.00     0.00     0.70    -5.53     0.00     0.00     0.00     3.00    78.00
 137.9266  60.1673   235.78   406.17   602.82  1334.00     0.40     0.00     0.01     0.55    -4.51     0.00     0.00     0.00     3.00    79.00
 137.9223  59.9998  -100.26   -94.54  -140.31  1353.00     1.00     0.01     0.00     0.78    -4.73     0.00     0.00     0.00     3.00    80.00
 137.8682  59.9916   -36.92  -174.00  -258.24  1387.00     1.00     0.01     0.00     0.57    -4.77     0.00     0.00     0.00     3.00    81.00
 137.8556  59.9717   -59.17  -245.96  -365.04  1281.00     1.00     0.01     0.00     0.48    -4.93     0.00     0.00     0.00     3.00    82.00
 137.8531  59.9938   -10.22  -182.92  -271.49  1393.00     1.00     0.01     0.00     0.30    -4.79     0.00     0.00     0.00     3.00    83.00
 137.8459  59.9964     5.67  -182.66  -271.10  1072.00     1.00     0.00     0.00     0.63    -7.82     0.00     0.00     0.00     3.00    84.00
 137.8388  60.0006    24.90  -177.34  -263.20  1442.00     1.00     0.01     0.00     0.33    -5.04     0.00     0.00     0.00     3.00   106.00
